version https://git-lfs.github.com/spec/v1
oid sha256:c90bb4e69d5374c3aee54745279400e463ee526a81aca5615cc63646b2179116
size 44820613
