bounty,building_type,frame_timestamp,game_id,killer_id,lane_type,position_x,position_y,team_id,timestamp,tower_type,type
0.0,TOWER_BUILDING,720241,7586549521,1.0,TOP_LANE,4318.0,13875.0,200.0,710219,OUTER_TURRET,BUILDING_KILL
0.0,TOWER_BUILDING,840286,7586549521,10.0,BOT_LANE,10504.0,1029.0,100.0,787445,OUTER_TURRET,BUILDING_KILL
0.0,TOWER_BUILDING,960315,7586549521,7.0,MID_LANE,5846.0,6396.0,100.0,912873,OUTER_TURRET,BUILDING_KILL
0.0,TOWER_BUILDING,1080344,7586549521,10.0,TOP_LANE,981.0,10441.0,100.0,1029365,OUTER_TURRET,BUILDING_KILL
0.0,TOWER_BUILDING,1080344,7586549521,9.0,TOP_LANE,1512.0,6699.0,100.0,1042718,INNER_TURRET,BUILDING_KILL
0.0,TOWER_BUILDING,1080344,7586549521,3.0,BOT_LANE,13866.0,4505.0,200.0,1067581,OUTER_TURRET,BUILDING_KILL
0.0,TOWER_BUILDING,1320414,7586549521,3.0,MID_LANE,8955.0,8510.0,200.0,1301887,OUTER_TURRET,BUILDING_KILL
0.0,TOWER_BUILDING,1440453,7586549521,8.0,BOT_LANE,6919.0,1483.0,100.0,1417218,INNER_TURRET,BUILDING_KILL
0.0,TOWER_BUILDING,1440453,7586549521,7.0,MID_LANE,5048.0,4812.0,100.0,1418721,INNER_TURRET,BUILDING_KILL
0.0,TOWER_BUILDING,1740534,7586549521,3.0,TOP_LANE,7943.0,13411.0,200.0,1680763,INNER_TURRET,BUILDING_KILL
0.0,TOWER_BUILDING,1740534,7586549521,1.0,MID_LANE,9767.0,10113.0,200.0,1681130,INNER_TURRET,BUILDING_KILL
0.0,TOWER_BUILDING,1800555,7586549521,1.0,BOT_LANE,13327.0,8226.0,200.0,1789855,INNER_TURRET,BUILDING_KILL
0.0,TOWER_BUILDING,1920587,7586549521,2.0,MID_LANE,11134.0,11207.0,200.0,1866351,BASE_TURRET,BUILDING_KILL
0.0,INHIBITOR_BUILDING,1920587,7586549521,3.0,MID_LANE,11593.0,11669.0,200.0,1870826,,BUILDING_KILL
0.0,TOWER_BUILDING,1956361,7586549521,1.0,MID_LANE,13052.0,12612.0,200.0,1943461,NEXUS_TURRET,BUILDING_KILL
0.0,TOWER_BUILDING,1956361,7586549521,0.0,BOT_LANE,13624.0,10572.0,200.0,1945309,BASE_TURRET,BUILDING_KILL
0.0,TOWER_BUILDING,1956361,7586549521,1.0,MID_LANE,12611.0,13084.0,200.0,1946111,NEXUS_TURRET,BUILDING_KILL
0.0,TOWER_BUILDING,600277,7587603876,4.0,BOT_LANE,13866.0,4505.0,200.0,584613,OUTER_TURRET,BUILDING_KILL
0.0,TOWER_BUILDING,900329,7587603876,4.0,MID_LANE,8955.0,8510.0,200.0,893837,OUTER_TURRET,BUILDING_KILL
0.0,TOWER_BUILDING,960347,7587603876,6.0,TOP_LANE,981.0,10441.0,100.0,936751,OUTER_TURRET,BUILDING_KILL
0.0,TOWER_BUILDING,1140375,7587603876,3.0,BOT_LANE,13327.0,8226.0,200.0,1086702,INNER_TURRET,BUILDING_KILL
0.0,TOWER_BUILDING,1140375,7587603876,1.0,TOP_LANE,4318.0,13875.0,200.0,1098871,OUTER_TURRET,BUILDING_KILL
0.0,TOWER_BUILDING,1260407,7587603876,4.0,MID_LANE,9767.0,10113.0,200.0,1213813,INNER_TURRET,BUILDING_KILL
0.0,TOWER_BUILDING,1260407,7587603876,2.0,MID_LANE,11134.0,11207.0,200.0,1227881,BASE_TURRET,BUILDING_KILL
0.0,TOWER_BUILDING,720232,7586955442,1.0,TOP_LANE,4318.0,13875.0,200.0,687742,OUTER_TURRET,BUILDING_KILL
0.0,TOWER_BUILDING,720232,7586955442,9.0,BOT_LANE,10504.0,1029.0,100.0,696235,OUTER_TURRET,BUILDING_KILL
0.0,TOWER_BUILDING,960325,7586955442,4.0,MID_LANE,8955.0,8510.0,200.0,909910,OUTER_TURRET,BUILDING_KILL
0.0,TOWER_BUILDING,1020356,7586955442,1.0,BOT_LANE,13866.0,4505.0,200.0,968352,OUTER_TURRET,BUILDING_KILL
0.0,TOWER_BUILDING,1080388,7586955442,1.0,BOT_LANE,13327.0,8226.0,200.0,1046442,INNER_TURRET,BUILDING_KILL
0.0,TOWER_BUILDING,1080388,7586955442,3.0,TOP_LANE,7943.0,13411.0,200.0,1075011,INNER_TURRET,BUILDING_KILL
0.0,TOWER_BUILDING,1112577,7586955442,4.0,MID_LANE,9767.0,10113.0,200.0,1096279,INNER_TURRET,BUILDING_KILL
0.0,TOWER_BUILDING,1020365,7586443327,2.0,BOT_LANE,13866.0,4505.0,200.0,964361,OUTER_TURRET,BUILDING_KILL
0.0,TOWER_BUILDING,1140409,7586443327,1.0,MID_LANE,8955.0,8510.0,200.0,1102506,OUTER_TURRET,BUILDING_KILL
0.0,TOWER_BUILDING,1200419,7586443327,6.0,TOP_LANE,981.0,10441.0,100.0,1192566,OUTER_TURRET,BUILDING_KILL
0.0,TOWER_BUILDING,1380477,7586443327,9.0,MID_LANE,5846.0,6396.0,100.0,1339771,OUTER_TURRET,BUILDING_KILL
0.0,TOWER_BUILDING,1380477,7586443327,8.0,BOT_LANE,10504.0,1029.0,100.0,1367714,OUTER_TURRET,BUILDING_KILL
0.0,TOWER_BUILDING,1380477,7586443327,6.0,MID_LANE,5048.0,4812.0,100.0,1374594,INNER_TURRET,BUILDING_KILL
0.0,TOWER_BUILDING,1440497,7586443327,9.0,BOT_LANE,6919.0,1483.0,100.0,1393279,INNER_TURRET,BUILDING_KILL
0.0,TOWER_BUILDING,1530336,7586443327,9.0,MID_LANE,3651.0,3696.0,100.0,1505600,BASE_TURRET,BUILDING_KILL
0.0,INHIBITOR_BUILDING,1530336,7586443327,9.0,MID_LANE,3210.0,3217.0,100.0,1509208,,BUILDING_KILL
0.0,TOWER_BUILDING,1530336,7586443327,10.0,MID_LANE,1748.0,2270.0,100.0,1518033,NEXUS_TURRET,BUILDING_KILL
0.0,TOWER_BUILDING,1530336,7586443327,8.0,MID_LANE,2177.0,1807.0,100.0,1519937,NEXUS_TURRET,BUILDING_KILL
0.0,TOWER_BUILDING,900270,7586522019,6.0,TOP_LANE,981.0,10441.0,100.0,847931,OUTER_TURRET,BUILDING_KILL
0.0,TOWER_BUILDING,900270,7586522019,3.0,BOT_LANE,13866.0,4505.0,200.0,864623,OUTER_TURRET,BUILDING_KILL
0.0,TOWER_BUILDING,900270,7586522019,9.0,MID_LANE,5846.0,6396.0,100.0,879730,OUTER_TURRET,BUILDING_KILL
0.0,TOWER_BUILDING,938423,7586522019,8.0,BOT_LANE,10504.0,1029.0,100.0,922574,OUTER_TURRET,BUILDING_KILL
0.0,TOWER_BUILDING,720251,7587543066,4.0,BOT_LANE,13866.0,4505.0,200.0,707292,OUTER_TURRET,BUILDING_KILL
0.0,TOWER_BUILDING,900311,7587543066,6.0,BOT_LANE,10504.0,1029.0,100.0,842821,OUTER_TURRET,BUILDING_KILL
0.0,TOWER_BUILDING,1080399,7587543066,4.0,MID_LANE,8955.0,8510.0,200.0,1055271,OUTER_TURRET,BUILDING_KILL
0.0,TOWER_BUILDING,1140417,7587543066,9.0,MID_LANE,5846.0,6396.0,100.0,1116096,OUTER_TURRET,BUILDING_KILL
0.0,TOWER_BUILDING,1320472,7587543066,2.0,MID_LANE,9767.0,10113.0,200.0,1281508,INNER_TURRET,BUILDING_KILL
0.0,TOWER_BUILDING,1320472,7587543066,8.0,BOT_LANE,6919.0,1483.0,100.0,1306515,INNER_TURRET,BUILDING_KILL
0.0,TOWER_BUILDING,1320472,7587543066,0.0,TOP_LANE,981.0,10441.0,100.0,1313950,OUTER_TURRET,BUILDING_KILL
0.0,TOWER_BUILDING,1440519,7587543066,6.0,MID_LANE,5048.0,4812.0,100.0,1421236,INNER_TURRET,BUILDING_KILL
0.0,TOWER_BUILDING,1558323,7587543066,6.0,MID_LANE,3651.0,3696.0,100.0,1502286,BASE_TURRET,BUILDING_KILL
0.0,INHIBITOR_BUILDING,1558323,7587543066,7.0,MID_LANE,3210.0,3217.0,100.0,1515438,,BUILDING_KILL
0.0,TOWER_BUILDING,1558323,7587543066,8.0,TOP_LANE,1512.0,6699.0,100.0,1519223,INNER_TURRET,BUILDING_KILL
0.0,TOWER_BUILDING,1558323,7587543066,6.0,MID_LANE,2177.0,1807.0,100.0,1540023,NEXUS_TURRET,BUILDING_KILL
0.0,TOWER_BUILDING,1558323,7587543066,6.0,MID_LANE,1748.0,2270.0,100.0,1544364,NEXUS_TURRET,BUILDING_KILL
0.0,TOWER_BUILDING,900302,7585677928,7.0,TOP_LANE,981.0,10441.0,100.0,890352,OUTER_TURRET,BUILDING_KILL
0.0,TOWER_BUILDING,960303,7585677928,4.0,BOT_LANE,13866.0,4505.0,200.0,928751,OUTER_TURRET,BUILDING_KILL
0.0,TOWER_BUILDING,1020314,7585677928,8.0,BOT_LANE,10504.0,1029.0,100.0,986790,OUTER_TURRET,BUILDING_KILL
0.0,TOWER_BUILDING,1020314,7585677928,4.0,MID_LANE,8955.0,8510.0,200.0,990798,OUTER_TURRET,BUILDING_KILL
0.0,TOWER_BUILDING,1080333,7585677928,9.0,MID_LANE,5846.0,6396.0,100.0,1027094,OUTER_TURRET,BUILDING_KILL
0.0,TOWER_BUILDING,1140338,7585677928,1.0,MID_LANE,9767.0,10113.0,200.0,1123981,INNER_TURRET,BUILDING_KILL
0.0,TOWER_BUILDING,1440422,7585677928,7.0,MID_LANE,5048.0,4812.0,100.0,1431337,INNER_TURRET,BUILDING_KILL
0.0,TOWER_BUILDING,1740505,7585677928,0.0,TOP_LANE,4318.0,13875.0,200.0,1738624,OUTER_TURRET,BUILDING_KILL
0.0,TOWER_BUILDING,1800529,7585677928,1.0,TOP_LANE,7943.0,13411.0,200.0,1796270,INNER_TURRET,BUILDING_KILL
0.0,TOWER_BUILDING,1920558,7585677928,4.0,BOT_LANE,13327.0,8226.0,200.0,1878725,INNER_TURRET,BUILDING_KILL
0.0,TOWER_BUILDING,2002328,7585677928,4.0,MID_LANE,11134.0,11207.0,200.0,1981288,BASE_TURRET,BUILDING_KILL
0.0,INHIBITOR_BUILDING,2002328,7585677928,4.0,MID_LANE,11593.0,11669.0,200.0,1984361,,BUILDING_KILL
0.0,TOWER_BUILDING,2002328,7585677928,1.0,MID_LANE,13052.0,12612.0,200.0,1991840,NEXUS_TURRET,BUILDING_KILL
0.0,TOWER_BUILDING,2002328,7585677928,3.0,MID_LANE,12611.0,13084.0,200.0,1994846,NEXUS_TURRET,BUILDING_KILL
0.0,TOWER_BUILDING,780313,7586019814,1.0,TOP_LANE,4318.0,13875.0,200.0,777596,OUTER_TURRET,BUILDING_KILL
0.0,TOWER_BUILDING,840341,7586019814,5.0,BOT_LANE,13866.0,4505.0,200.0,784789,OUTER_TURRET,BUILDING_KILL
0.0,TOWER_BUILDING,960367,7586019814,9.0,MID_LANE,5846.0,6396.0,100.0,944557,OUTER_TURRET,BUILDING_KILL
0.0,TOWER_BUILDING,1020367,7586019814,1.0,BOT_LANE,13327.0,8226.0,200.0,1006459,INNER_TURRET,BUILDING_KILL
0.0,TOWER_BUILDING,1320458,7586019814,9.0,TOP_LANE,981.0,10441.0,100.0,1289108,OUTER_TURRET,BUILDING_KILL
0.0,TOWER_BUILDING,1320458,7586019814,9.0,TOP_LANE,1512.0,6699.0,100.0,1310400,INNER_TURRET,BUILDING_KILL
0.0,TOWER_BUILDING,1380483,7586019814,0.0,BOT_LANE,10504.0,1029.0,100.0,1346193,OUTER_TURRET,BUILDING_KILL
0.0,TOWER_BUILDING,1560530,7586019814,1.0,TOP_LANE,7943.0,13411.0,200.0,1536695,INNER_TURRET,BUILDING_KILL
0.0,TOWER_BUILDING,1560530,7586019814,4.0,MID_LANE,8955.0,8510.0,200.0,1550715,OUTER_TURRET,BUILDING_KILL
0.0,TOWER_BUILDING,1664906,7586019814,1.0,MID_LANE,9767.0,10113.0,200.0,1651658,INNER_TURRET,BUILDING_KILL
0.0,TOWER_BUILDING,1664906,7586019814,2.0,MID_LANE,11134.0,11207.0,200.0,1658126,BASE_TURRET,BUILDING_KILL
0.0,INHIBITOR_BUILDING,1664906,7586019814,4.0,MID_LANE,11593.0,11669.0,200.0,1660029,,BUILDING_KILL
0.0,TOWER_BUILDING,780267,7586998539,6.0,TOP_LANE,981.0,10441.0,100.0,774654,OUTER_TURRET,BUILDING_KILL
0.0,TOWER_BUILDING,900304,7586998539,6.0,BOT_LANE,10504.0,1029.0,100.0,856071,OUTER_TURRET,BUILDING_KILL
0.0,TOWER_BUILDING,1020344,7586998539,9.0,MID_LANE,5846.0,6396.0,100.0,997475,OUTER_TURRET,BUILDING_KILL
0.0,TOWER_BUILDING,1020344,7586998539,3.0,BOT_LANE,13866.0,4505.0,200.0,1009307,OUTER_TURRET,BUILDING_KILL
0.0,TOWER_BUILDING,1200412,7586998539,1.0,TOP_LANE,4318.0,13875.0,200.0,1195368,OUTER_TURRET,BUILDING_KILL
0.0,TOWER_BUILDING,1500506,7586998539,7.0,MID_LANE,5048.0,4812.0,100.0,1450009,INNER_TURRET,BUILDING_KILL
0.0,TOWER_BUILDING,1500506,7586998539,9.0,MID_LANE,3651.0,3696.0,100.0,1462630,BASE_TURRET,BUILDING_KILL
0.0,INHIBITOR_BUILDING,1500506,7586998539,6.0,MID_LANE,3210.0,3217.0,100.0,1473043,,BUILDING_KILL
0.0,TOWER_BUILDING,1560526,7586998539,9.0,BOT_LANE,6919.0,1483.0,100.0,1544820,INNER_TURRET,BUILDING_KILL
0.0,TOWER_BUILDING,1560526,7586998539,6.0,BOT_LANE,4281.0,1253.0,100.0,1557119,BASE_TURRET,BUILDING_KILL
0.0,INHIBITOR_BUILDING,1601406,7586998539,7.0,BOT_LANE,3468.0,1230.0,100.0,1561182,,BUILDING_KILL
0.0,TOWER_BUILDING,1601406,7586998539,8.0,MID_LANE,2177.0,1807.0,100.0,1567641,NEXUS_TURRET,BUILDING_KILL
0.0,TOWER_BUILDING,1601406,7586998539,7.0,MID_LANE,1748.0,2270.0,100.0,1585783,NEXUS_TURRET,BUILDING_KILL
0.0,TOWER_BUILDING,840308,7585763630,4.0,BOT_LANE,13866.0,4505.0,200.0,832083,OUTER_TURRET,BUILDING_KILL
0.0,TOWER_BUILDING,900326,7585763630,1.0,TOP_LANE,4318.0,13875.0,200.0,874060,OUTER_TURRET,BUILDING_KILL
0.0,TOWER_BUILDING,900326,7585763630,9.0,MID_LANE,5846.0,6396.0,100.0,890836,OUTER_TURRET,BUILDING_KILL
0.0,TOWER_BUILDING,960358,7585763630,8.0,TOP_LANE,981.0,10441.0,100.0,951206,OUTER_TURRET,BUILDING_KILL
0.0,TOWER_BUILDING,1020380,7585763630,6.0,BOT_LANE,10504.0,1029.0,100.0,983056,OUTER_TURRET,BUILDING_KILL
0.0,TOWER_BUILDING,1140426,7585763630,9.0,MID_LANE,5048.0,4812.0,100.0,1131616,INNER_TURRET,BUILDING_KILL
0.0,TOWER_BUILDING,1200438,7585763630,2.0,MID_LANE,8955.0,8510.0,200.0,1194206,OUTER_TURRET,BUILDING_KILL
0.0,TOWER_BUILDING,1260449,7585763630,4.0,MID_LANE,9767.0,10113.0,200.0,1205348,INNER_TURRET,BUILDING_KILL
0.0,TOWER_BUILDING,1500526,7585763630,4.0,TOP_LANE,7943.0,13411.0,200.0,1473262,INNER_TURRET,BUILDING_KILL
0.0,TOWER_BUILDING,1560542,7585763630,4.0,MID_LANE,11134.0,11207.0,200.0,1525729,BASE_TURRET,BUILDING_KILL
0.0,INHIBITOR_BUILDING,1560542,7585763630,4.0,MID_LANE,11593.0,11669.0,200.0,1534715,,BUILDING_KILL
0.0,TOWER_BUILDING,1680586,7585763630,4.0,TOP_LANE,10481.0,13650.0,200.0,1662452,BASE_TURRET,BUILDING_KILL
0.0,INHIBITOR_BUILDING,1680586,7585763630,4.0,TOP_LANE,11275.0,13663.0,200.0,1673719,,BUILDING_KILL
0.0,TOWER_BUILDING,1699224,7585763630,2.0,MID_LANE,12611.0,13084.0,200.0,1682890,NEXUS_TURRET,BUILDING_KILL
0.0,TOWER_BUILDING,1699224,7585763630,3.0,MID_LANE,13052.0,12612.0,200.0,1687425,NEXUS_TURRET,BUILDING_KILL
0.0,TOWER_BUILDING,900330,7586784823,9.0,BOT_LANE,10504.0,1029.0,100.0,841369,OUTER_TURRET,BUILDING_KILL
0.0,TOWER_BUILDING,900330,7586784823,1.0,TOP_LANE,4318.0,13875.0,200.0,852895,OUTER_TURRET,BUILDING_KILL
0.0,TOWER_BUILDING,1020342,7586784823,4.0,MID_LANE,8955.0,8510.0,200.0,966622,OUTER_TURRET,BUILDING_KILL
0.0,TOWER_BUILDING,1140348,7586784823,1.0,BOT_LANE,13866.0,4505.0,200.0,1115732,OUTER_TURRET,BUILDING_KILL
0.0,TOWER_BUILDING,900355,7586438504,1.0,TOP_LANE,4318.0,13875.0,200.0,867333,OUTER_TURRET,BUILDING_KILL
0.0,TOWER_BUILDING,900355,7586438504,3.0,BOT_LANE,13866.0,4505.0,200.0,895492,OUTER_TURRET,BUILDING_KILL
0.0,TOWER_BUILDING,1020410,7586438504,5.0,MID_LANE,8955.0,8510.0,200.0,973681,OUTER_TURRET,BUILDING_KILL
0.0,TOWER_BUILDING,1140437,7586438504,5.0,BOT_LANE,13327.0,8226.0,200.0,1099046,INNER_TURRET,BUILDING_KILL
0.0,TOWER_BUILDING,1140437,7586438504,9.0,MID_LANE,5846.0,6396.0,100.0,1110617,OUTER_TURRET,BUILDING_KILL
0.0,TOWER_BUILDING,1440492,7586438504,4.0,MID_LANE,9767.0,10113.0,200.0,1395743,INNER_TURRET,BUILDING_KILL
0.0,TOWER_BUILDING,1440492,7586438504,1.0,TOP_LANE,7943.0,13411.0,200.0,1402964,INNER_TURRET,BUILDING_KILL
0.0,TOWER_BUILDING,1500522,7586438504,6.0,MID_LANE,5048.0,4812.0,100.0,1481988,INNER_TURRET,BUILDING_KILL
0.0,TOWER_BUILDING,1800621,7586438504,6.0,BOT_LANE,10504.0,1029.0,100.0,1752279,OUTER_TURRET,BUILDING_KILL
0.0,TOWER_BUILDING,1800621,7586438504,6.0,BOT_LANE,6919.0,1483.0,100.0,1770579,INNER_TURRET,BUILDING_KILL
0.0,TOWER_BUILDING,1800621,7586438504,8.0,MID_LANE,3651.0,3696.0,100.0,1789039,BASE_TURRET,BUILDING_KILL
0.0,INHIBITOR_BUILDING,1800621,7586438504,9.0,MID_LANE,3210.0,3217.0,100.0,1798450,,BUILDING_KILL
0.0,TOWER_BUILDING,1824924,7586438504,6.0,MID_LANE,1748.0,2270.0,100.0,1814250,NEXUS_TURRET,BUILDING_KILL
0.0,TOWER_BUILDING,1824924,7586438504,9.0,MID_LANE,2177.0,1807.0,100.0,1816755,NEXUS_TURRET,BUILDING_KILL
0.0,TOWER_BUILDING,840322,7586084680,9.0,BOT_LANE,10504.0,1029.0,100.0,833081,OUTER_TURRET,BUILDING_KILL
0.0,TOWER_BUILDING,900339,7586084680,3.0,BOT_LANE,13866.0,4505.0,200.0,896546,OUTER_TURRET,BUILDING_KILL
0.0,TOWER_BUILDING,1020399,7586084680,9.0,MID_LANE,5846.0,6396.0,100.0,995742,OUTER_TURRET,BUILDING_KILL
0.0,TOWER_BUILDING,1080429,7586084680,6.0,TOP_LANE,981.0,10441.0,100.0,1039425,OUTER_TURRET,BUILDING_KILL
0.0,TOWER_BUILDING,1200465,7586084680,9.0,TOP_LANE,1512.0,6699.0,100.0,1180860,INNER_TURRET,BUILDING_KILL
250.0,TOWER_BUILDING,1260473,7586084680,0.0,TOP_LANE,4318.0,13875.0,200.0,1250996,OUTER_TURRET,BUILDING_KILL
0.0,TOWER_BUILDING,1320476,7586084680,9.0,MID_LANE,5048.0,4812.0,100.0,1290500,INNER_TURRET,BUILDING_KILL
0.0,TOWER_BUILDING,1320476,7586084680,6.0,BOT_LANE,6919.0,1483.0,100.0,1292070,INNER_TURRET,BUILDING_KILL
0.0,TOWER_BUILDING,1560558,7586084680,7.0,MID_LANE,3651.0,3696.0,100.0,1521827,BASE_TURRET,BUILDING_KILL
0.0,INHIBITOR_BUILDING,1560558,7586084680,10.0,MID_LANE,3210.0,3217.0,100.0,1527939,,BUILDING_KILL
0.0,TOWER_BUILDING,1560558,7586084680,6.0,BOT_LANE,4281.0,1253.0,100.0,1533317,BASE_TURRET,BUILDING_KILL
0.0,INHIBITOR_BUILDING,1560558,7586084680,10.0,BOT_LANE,3468.0,1230.0,100.0,1537860,,BUILDING_KILL
0.0,TOWER_BUILDING,1680569,7586084680,6.0,MID_LANE,2177.0,1807.0,100.0,1668266,NEXUS_TURRET,BUILDING_KILL
0.0,TOWER_BUILDING,1680569,7586084680,9.0,MID_LANE,1748.0,2270.0,100.0,1672503,NEXUS_TURRET,BUILDING_KILL
0.0,TOWER_BUILDING,900333,7586998287,3.0,BOT_LANE,13866.0,4505.0,200.0,888545,OUTER_TURRET,BUILDING_KILL
0.0,TOWER_BUILDING,900333,7586998287,7.0,TOP_LANE,981.0,10441.0,100.0,894431,OUTER_TURRET,BUILDING_KILL
0.0,TOWER_BUILDING,960366,7586998287,1.0,TOP_LANE,4318.0,13875.0,200.0,945633,OUTER_TURRET,BUILDING_KILL
0.0,TOWER_BUILDING,1020388,7586998287,6.0,BOT_LANE,10504.0,1029.0,100.0,985802,OUTER_TURRET,BUILDING_KILL
0.0,TOWER_BUILDING,1320454,7586998287,3.0,MID_LANE,8955.0,8510.0,200.0,1308180,OUTER_TURRET,BUILDING_KILL
0.0,TOWER_BUILDING,1380460,7586998287,4.0,MID_LANE,9767.0,10113.0,200.0,1331195,INNER_TURRET,BUILDING_KILL
0.0,TOWER_BUILDING,1500478,7586998287,1.0,BOT_LANE,13327.0,8226.0,200.0,1467803,INNER_TURRET,BUILDING_KILL
0.0,TOWER_BUILDING,1500478,7586998287,2.0,TOP_LANE,7943.0,13411.0,200.0,1468371,INNER_TURRET,BUILDING_KILL
0.0,TOWER_BUILDING,1620507,7586998287,3.0,MID_LANE,11134.0,11207.0,200.0,1603542,BASE_TURRET,BUILDING_KILL
0.0,INHIBITOR_BUILDING,1620507,7586998287,3.0,MID_LANE,11593.0,11669.0,200.0,1608385,,BUILDING_KILL
0.0,TOWER_BUILDING,1620507,7586998287,1.0,MID_LANE,13052.0,12612.0,200.0,1615881,NEXUS_TURRET,BUILDING_KILL
0.0,TOWER_BUILDING,1620507,7586998287,1.0,MID_LANE,12611.0,13084.0,200.0,1619355,NEXUS_TURRET,BUILDING_KILL
0.0,TOWER_BUILDING,900221,7587405903,4.0,TOP_LANE,4318.0,13875.0,200.0,856402,OUTER_TURRET,BUILDING_KILL
0.0,TOWER_BUILDING,900221,7587405903,1.0,BOT_LANE,13866.0,4505.0,200.0,891881,OUTER_TURRET,BUILDING_KILL
0.0,TOWER_BUILDING,900221,7587405903,3.0,MID_LANE,8955.0,8510.0,200.0,898126,OUTER_TURRET,BUILDING_KILL
0.0,TOWER_BUILDING,960254,7587405903,8.0,TOP_LANE,981.0,10441.0,100.0,927630,OUTER_TURRET,BUILDING_KILL
0.0,TOWER_BUILDING,1020256,7587405903,6.0,BOT_LANE,10504.0,1029.0,100.0,982078,OUTER_TURRET,BUILDING_KILL
0.0,TOWER_BUILDING,1260338,7587405903,7.0,MID_LANE,5846.0,6396.0,100.0,1210106,OUTER_TURRET,BUILDING_KILL
0.0,TOWER_BUILDING,1440380,7587405903,6.0,BOT_LANE,6919.0,1483.0,100.0,1407208,INNER_TURRET,BUILDING_KILL
0.0,TOWER_BUILDING,1500403,7587405903,4.0,BOT_LANE,13327.0,8226.0,200.0,1487962,INNER_TURRET,BUILDING_KILL
0.0,TOWER_BUILDING,1560431,7587405903,3.0,MID_LANE,9767.0,10113.0,200.0,1513517,INNER_TURRET,BUILDING_KILL
0.0,TOWER_BUILDING,1680455,7587405903,1.0,TOP_LANE,7943.0,13411.0,200.0,1627930,INNER_TURRET,BUILDING_KILL
0.0,TOWER_BUILDING,1717638,7587405903,2.0,MID_LANE,11134.0,11207.0,200.0,1701489,BASE_TURRET,BUILDING_KILL
0.0,INHIBITOR_BUILDING,1717638,7587405903,2.0,MID_LANE,11593.0,11669.0,200.0,1703961,,BUILDING_KILL
0.0,TOWER_BUILDING,1717638,7587405903,5.0,MID_LANE,13052.0,12612.0,200.0,1708562,NEXUS_TURRET,BUILDING_KILL
0.0,TOWER_BUILDING,1717638,7587405903,4.0,MID_LANE,12611.0,13084.0,200.0,1710533,NEXUS_TURRET,BUILDING_KILL
0.0,TOWER_BUILDING,900351,7586056125,9.0,BOT_LANE,10504.0,1029.0,100.0,853157,OUTER_TURRET,BUILDING_KILL
0.0,TOWER_BUILDING,900351,7586056125,1.0,TOP_LANE,4318.0,13875.0,200.0,864716,OUTER_TURRET,BUILDING_KILL
0.0,TOWER_BUILDING,960380,7586056125,7.0,BOT_LANE,6919.0,1483.0,100.0,949015,INNER_TURRET,BUILDING_KILL
0.0,TOWER_BUILDING,1020402,7586056125,3.0,BOT_LANE,13866.0,4505.0,200.0,1012102,OUTER_TURRET,BUILDING_KILL
0.0,TOWER_BUILDING,1140449,7586056125,9.0,MID_LANE,5846.0,6396.0,100.0,1121179,OUTER_TURRET,BUILDING_KILL
0.0,TOWER_BUILDING,1320482,7586056125,7.0,TOP_LANE,981.0,10441.0,100.0,1284057,OUTER_TURRET,BUILDING_KILL
0.0,TOWER_BUILDING,1380484,7586056125,7.0,TOP_LANE,1512.0,6699.0,100.0,1327881,INNER_TURRET,BUILDING_KILL
0.0,TOWER_BUILDING,1440509,7586056125,9.0,MID_LANE,5048.0,4812.0,100.0,1421355,INNER_TURRET,BUILDING_KILL
0.0,TOWER_BUILDING,1500532,7586056125,8.0,MID_LANE,3651.0,3696.0,100.0,1461295,BASE_TURRET,BUILDING_KILL
0.0,INHIBITOR_BUILDING,1500532,7586056125,7.0,MID_LANE,3210.0,3217.0,100.0,1473735,,BUILDING_KILL
0.0,TOWER_BUILDING,1500532,7586056125,9.0,BOT_LANE,4281.0,1253.0,100.0,1478285,BASE_TURRET,BUILDING_KILL
0.0,INHIBITOR_BUILDING,1500532,7586056125,9.0,BOT_LANE,3468.0,1230.0,100.0,1484523,,BUILDING_KILL
0.0,TOWER_BUILDING,932666,7587238721,4.0,BOT_LANE,13866.0,4505.0,200.0,923032,OUTER_TURRET,BUILDING_KILL
0.0,TOWER_BUILDING,840253,7587363782,3.0,BOT_LANE,13866.0,4505.0,200.0,792675,OUTER_TURRET,BUILDING_KILL
0.0,TOWER_BUILDING,900271,7587363782,1.0,TOP_LANE,4318.0,13875.0,200.0,847868,OUTER_TURRET,BUILDING_KILL
0.0,TOWER_BUILDING,960285,7587363782,9.0,MID_LANE,5846.0,6396.0,100.0,925711,OUTER_TURRET,BUILDING_KILL
0.0,TOWER_BUILDING,1080308,7587363782,6.0,BOT_LANE,10504.0,1029.0,100.0,1044777,OUTER_TURRET,BUILDING_KILL
0.0,TOWER_BUILDING,1260356,7587363782,3.0,MID_LANE,8955.0,8510.0,200.0,1224592,OUTER_TURRET,BUILDING_KILL
0.0,TOWER_BUILDING,1320376,7587363782,1.0,TOP_LANE,7943.0,13411.0,200.0,1299635,INNER_TURRET,BUILDING_KILL
0.0,TOWER_BUILDING,1380399,7587363782,6.0,TOP_LANE,981.0,10441.0,100.0,1340252,OUTER_TURRET,BUILDING_KILL
0.0,TOWER_BUILDING,1440415,7587363782,4.0,MID_LANE,9767.0,10113.0,200.0,1426890,INNER_TURRET,BUILDING_KILL
0.0,TOWER_BUILDING,1620452,7587363782,4.0,BOT_LANE,13327.0,8226.0,200.0,1610585,INNER_TURRET,BUILDING_KILL
0.0,TOWER_BUILDING,1680483,7587363782,5.0,MID_LANE,11134.0,11207.0,200.0,1663177,BASE_TURRET,BUILDING_KILL
0.0,INHIBITOR_BUILDING,1680483,7587363782,4.0,MID_LANE,11593.0,11669.0,200.0,1665716,,BUILDING_KILL
0.0,TOWER_BUILDING,1680483,7587363782,3.0,MID_LANE,13052.0,12612.0,200.0,1671527,NEXUS_TURRET,BUILDING_KILL
0.0,TOWER_BUILDING,1680483,7587363782,1.0,MID_LANE,12611.0,13084.0,200.0,1674138,NEXUS_TURRET,BUILDING_KILL
0.0,TOWER_BUILDING,900344,7587371721,4.0,BOT_LANE,13866.0,4505.0,200.0,850216,OUTER_TURRET,BUILDING_KILL
0.0,TOWER_BUILDING,900344,7587371721,3.0,MID_LANE,8955.0,8510.0,200.0,857230,OUTER_TURRET,BUILDING_KILL
0.0,TOWER_BUILDING,960362,7587371721,1.0,TOP_LANE,4318.0,13875.0,200.0,954083,OUTER_TURRET,BUILDING_KILL
0.0,TOWER_BUILDING,1140433,7587371721,3.0,BOT_LANE,13327.0,8226.0,200.0,1140299,INNER_TURRET,BUILDING_KILL
0.0,TOWER_BUILDING,1200457,7587371721,4.0,MID_LANE,9767.0,10113.0,200.0,1183093,INNER_TURRET,BUILDING_KILL
0.0,TOWER_BUILDING,1260484,7587371721,3.0,TOP_LANE,7943.0,13411.0,200.0,1235529,INNER_TURRET,BUILDING_KILL
250.0,TOWER_BUILDING,1260484,7587371721,6.0,BOT_LANE,10504.0,1029.0,100.0,1246868,OUTER_TURRET,BUILDING_KILL
250.0,TOWER_BUILDING,1440541,7587371721,6.0,TOP_LANE,981.0,10441.0,100.0,1438937,OUTER_TURRET,BUILDING_KILL
0.0,TOWER_BUILDING,1680607,7587371721,1.0,TOP_LANE,10481.0,13650.0,200.0,1629405,BASE_TURRET,BUILDING_KILL
0.0,TOWER_BUILDING,1680607,7587371721,3.0,MID_LANE,11134.0,11207.0,200.0,1631169,BASE_TURRET,BUILDING_KILL
0.0,INHIBITOR_BUILDING,1680607,7587371721,1.0,TOP_LANE,11275.0,13663.0,200.0,1636045,,BUILDING_KILL
0.0,INHIBITOR_BUILDING,1680607,7587371721,1.0,MID_LANE,11593.0,11669.0,200.0,1640926,,BUILDING_KILL
0.0,TOWER_BUILDING,1739036,7587371721,4.0,BOT_LANE,13624.0,10572.0,200.0,1707938,BASE_TURRET,BUILDING_KILL
0.0,INHIBITOR_BUILDING,1739036,7587371721,4.0,BOT_LANE,13594.0,11319.0,200.0,1712938,,BUILDING_KILL
0.0,TOWER_BUILDING,1739036,7587371721,5.0,MID_LANE,13052.0,12612.0,200.0,1719083,NEXUS_TURRET,BUILDING_KILL
0.0,TOWER_BUILDING,1739036,7587371721,1.0,MID_LANE,12611.0,13084.0,200.0,1728511,NEXUS_TURRET,BUILDING_KILL
0.0,TOWER_BUILDING,960271,7586920182,3.0,MID_LANE,8955.0,8510.0,200.0,904950,OUTER_TURRET,BUILDING_KILL
0.0,TOWER_BUILDING,960271,7586920182,6.0,TOP_LANE,981.0,10441.0,100.0,925389,OUTER_TURRET,BUILDING_KILL
0.0,TOWER_BUILDING,960271,7586920182,10.0,BOT_LANE,10504.0,1029.0,100.0,952922,OUTER_TURRET,BUILDING_KILL
0.0,TOWER_BUILDING,1020293,7586920182,9.0,MID_LANE,5846.0,6396.0,100.0,973282,OUTER_TURRET,BUILDING_KILL
0.0,TOWER_BUILDING,1020293,7586920182,8.0,BOT_LANE,6919.0,1483.0,100.0,1004824,INNER_TURRET,BUILDING_KILL
0.0,TOWER_BUILDING,1140320,7586920182,1.0,TOP_LANE,4318.0,13875.0,200.0,1093715,OUTER_TURRET,BUILDING_KILL
0.0,TOWER_BUILDING,1140320,7586920182,7.0,MID_LANE,5048.0,4812.0,100.0,1114514,INNER_TURRET,BUILDING_KILL
0.0,TOWER_BUILDING,1440407,7586920182,3.0,BOT_LANE,13866.0,4505.0,200.0,1382347,OUTER_TURRET,BUILDING_KILL
0.0,TOWER_BUILDING,1680460,7586920182,8.0,TOP_LANE,1512.0,6699.0,100.0,1641521,INNER_TURRET,BUILDING_KILL
0.0,TOWER_BUILDING,1740462,7586920182,8.0,MID_LANE,3651.0,3696.0,100.0,1693177,BASE_TURRET,BUILDING_KILL
0.0,INHIBITOR_BUILDING,1740462,7586920182,9.0,MID_LANE,3210.0,3217.0,100.0,1707026,,BUILDING_KILL
0.0,TOWER_BUILDING,1740462,7586920182,9.0,BOT_LANE,4281.0,1253.0,100.0,1725794,BASE_TURRET,BUILDING_KILL
0.0,INHIBITOR_BUILDING,1740462,7586920182,6.0,BOT_LANE,3468.0,1230.0,100.0,1732374,,BUILDING_KILL
0.0,TOWER_BUILDING,1980538,7586920182,9.0,MID_LANE,1748.0,2270.0,100.0,1978278,NEXUS_TURRET,BUILDING_KILL
0.0,TOWER_BUILDING,1980538,7586920182,10.0,MID_LANE,2177.0,1807.0,100.0,1978822,NEXUS_TURRET,BUILDING_KILL
0.0,TOWER_BUILDING,900296,7587426287,6.0,TOP_LANE,981.0,10441.0,100.0,856050,OUTER_TURRET,BUILDING_KILL
0.0,TOWER_BUILDING,960317,7587426287,8.0,BOT_LANE,10504.0,1029.0,100.0,938925,OUTER_TURRET,BUILDING_KILL
200.0,TOWER_BUILDING,1020331,7587426287,5.0,TOP_LANE,4318.0,13875.0,200.0,960584,OUTER_TURRET,BUILDING_KILL
0.0,TOWER_BUILDING,1080341,7587426287,7.0,MID_LANE,5846.0,6396.0,100.0,1056970,OUTER_TURRET,BUILDING_KILL
0.0,TOWER_BUILDING,1080341,7587426287,9.0,MID_LANE,5048.0,4812.0,100.0,1069729,INNER_TURRET,BUILDING_KILL
0.0,TOWER_BUILDING,1080341,7587426287,9.0,MID_LANE,3651.0,3696.0,100.0,1076510,BASE_TURRET,BUILDING_KILL
0.0,TOWER_BUILDING,1140348,7587426287,8.0,TOP_LANE,1512.0,6699.0,100.0,1089859,INNER_TURRET,BUILDING_KILL
0.0,INHIBITOR_BUILDING,1200364,7587426287,7.0,MID_LANE,3210.0,3217.0,100.0,1169872,,BUILDING_KILL
0.0,TOWER_BUILDING,1200364,7587426287,9.0,BOT_LANE,6919.0,1483.0,100.0,1192370,INNER_TURRET,BUILDING_KILL
0.0,TOWER_BUILDING,1260393,7587426287,6.0,BOT_LANE,4281.0,1253.0,100.0,1248284,BASE_TURRET,BUILDING_KILL
0.0,INHIBITOR_BUILDING,1260393,7587426287,6.0,BOT_LANE,3468.0,1230.0,100.0,1253314,,BUILDING_KILL
0.0,TOWER_BUILDING,1260393,7587426287,9.0,MID_LANE,2177.0,1807.0,100.0,1258157,NEXUS_TURRET,BUILDING_KILL
0.0,TOWER_BUILDING,1276361,7587426287,8.0,MID_LANE,1748.0,2270.0,100.0,1260527,NEXUS_TURRET,BUILDING_KILL
0.0,TOWER_BUILDING,900323,7586463010,4.0,BOT_LANE,13866.0,4505.0,200.0,866453,OUTER_TURRET,BUILDING_KILL
0.0,TOWER_BUILDING,923049,7586463010,5.0,MID_LANE,8955.0,8510.0,200.0,918907,OUTER_TURRET,BUILDING_KILL
0.0,TOWER_BUILDING,960284,7586110280,1.0,TOP_LANE,4318.0,13875.0,200.0,919115,OUTER_TURRET,BUILDING_KILL
0.0,TOWER_BUILDING,1020314,7586110280,8.0,BOT_LANE,10504.0,1029.0,100.0,980144,OUTER_TURRET,BUILDING_KILL
0.0,TOWER_BUILDING,1020314,7586110280,9.0,MID_LANE,5846.0,6396.0,100.0,983517,OUTER_TURRET,BUILDING_KILL
0.0,TOWER_BUILDING,1140336,7586110280,2.0,MID_LANE,8955.0,8510.0,200.0,1083804,OUTER_TURRET,BUILDING_KILL
0.0,TOWER_BUILDING,1140336,7586110280,1.0,BOT_LANE,13866.0,4505.0,200.0,1101206,OUTER_TURRET,BUILDING_KILL
0.0,TOWER_BUILDING,1260381,7586110280,4.0,MID_LANE,9767.0,10113.0,200.0,1240861,INNER_TURRET,BUILDING_KILL
0.0,TOWER_BUILDING,1440421,7586110280,1.0,MID_LANE,11134.0,11207.0,200.0,1410248,BASE_TURRET,BUILDING_KILL
0.0,INHIBITOR_BUILDING,1440421,7586110280,3.0,MID_LANE,11593.0,11669.0,200.0,1421173,,BUILDING_KILL
0.0,TOWER_BUILDING,1680464,7586110280,3.0,TOP_LANE,7943.0,13411.0,200.0,1632704,INNER_TURRET,BUILDING_KILL
300.0,TOWER_BUILDING,1740467,7586110280,8.0,TOP_LANE,981.0,10441.0,100.0,1683845,OUTER_TURRET,BUILDING_KILL
0.0,TOWER_BUILDING,1740467,7586110280,5.0,BOT_LANE,13327.0,8226.0,200.0,1730924,INNER_TURRET,BUILDING_KILL
400.0,TOWER_BUILDING,1740467,7586110280,8.0,TOP_LANE,1512.0,6699.0,100.0,1732561,INNER_TURRET,BUILDING_KILL
0.0,TOWER_BUILDING,1792648,7586110280,4.0,BOT_LANE,13624.0,10572.0,200.0,1743740,BASE_TURRET,BUILDING_KILL
0.0,INHIBITOR_BUILDING,1792648,7586110280,4.0,BOT_LANE,13594.0,11319.0,200.0,1754008,,BUILDING_KILL
0.0,TOWER_BUILDING,1792648,7586110280,4.0,MID_LANE,13052.0,12612.0,200.0,1768261,NEXUS_TURRET,BUILDING_KILL
0.0,TOWER_BUILDING,1792648,7586110280,4.0,MID_LANE,12611.0,13084.0,200.0,1779566,NEXUS_TURRET,BUILDING_KILL
0.0,TOWER_BUILDING,840333,7586652275,4.0,BOT_LANE,13866.0,4505.0,200.0,840032,OUTER_TURRET,BUILDING_KILL
0.0,TOWER_BUILDING,934159,7586652275,4.0,MID_LANE,8955.0,8510.0,200.0,912469,OUTER_TURRET,BUILDING_KILL
0.0,TOWER_BUILDING,934159,7586652275,1.0,TOP_LANE,4318.0,13875.0,200.0,926178,OUTER_TURRET,BUILDING_KILL
0.0,TOWER_BUILDING,720330,7586904196,1.0,TOP_LANE,4318.0,13875.0,200.0,714185,OUTER_TURRET,BUILDING_KILL
0.0,TOWER_BUILDING,900411,7586904196,3.0,BOT_LANE,13866.0,4505.0,200.0,841088,OUTER_TURRET,BUILDING_KILL
0.0,TOWER_BUILDING,1320559,7586904196,9.0,MID_LANE,5846.0,6396.0,100.0,1272318,OUTER_TURRET,BUILDING_KILL
0.0,TOWER_BUILDING,1320559,7586904196,8.0,BOT_LANE,10504.0,1029.0,100.0,1303802,OUTER_TURRET,BUILDING_KILL
0.0,TOWER_BUILDING,1380571,7586904196,1.0,TOP_LANE,7943.0,13411.0,200.0,1323051,INNER_TURRET,BUILDING_KILL
0.0,TOWER_BUILDING,1380571,7586904196,2.0,TOP_LANE,10481.0,13650.0,200.0,1346918,BASE_TURRET,BUILDING_KILL
0.0,INHIBITOR_BUILDING,1380571,7586904196,2.0,TOP_LANE,11275.0,13663.0,200.0,1351789,,BUILDING_KILL
0.0,TOWER_BUILDING,1440587,7586904196,1.0,MID_LANE,8955.0,8510.0,200.0,1403814,OUTER_TURRET,BUILDING_KILL
0.0,TOWER_BUILDING,1500612,7586904196,1.0,BOT_LANE,13327.0,8226.0,200.0,1441722,INNER_TURRET,BUILDING_KILL
0.0,TOWER_BUILDING,1560637,7586904196,1.0,MID_LANE,9767.0,10113.0,200.0,1544036,INNER_TURRET,BUILDING_KILL
0.0,TOWER_BUILDING,1560637,7586904196,9.0,TOP_LANE,981.0,10441.0,100.0,1548946,OUTER_TURRET,BUILDING_KILL
0.0,TOWER_BUILDING,900313,7586087322,6.0,TOP_LANE,981.0,10441.0,100.0,872255,OUTER_TURRET,BUILDING_KILL
0.0,TOWER_BUILDING,1080383,7586087322,1.0,TOP_LANE,4318.0,13875.0,200.0,1040443,OUTER_TURRET,BUILDING_KILL
0.0,TOWER_BUILDING,1140397,7586087322,9.0,MID_LANE,5846.0,6396.0,100.0,1092070,OUTER_TURRET,BUILDING_KILL
0.0,TOWER_BUILDING,1200430,7586087322,2.0,MID_LANE,8955.0,8510.0,200.0,1161006,OUTER_TURRET,BUILDING_KILL
0.0,TOWER_BUILDING,1200430,7586087322,3.0,BOT_LANE,13866.0,4505.0,200.0,1175228,OUTER_TURRET,BUILDING_KILL
0.0,TOWER_BUILDING,1260436,7586087322,7.0,BOT_LANE,10504.0,1029.0,100.0,1226403,OUTER_TURRET,BUILDING_KILL
0.0,TOWER_BUILDING,1260436,7586087322,7.0,BOT_LANE,6919.0,1483.0,100.0,1246936,INNER_TURRET,BUILDING_KILL
0.0,TOWER_BUILDING,1260436,7586087322,8.0,BOT_LANE,4281.0,1253.0,100.0,1260052,BASE_TURRET,BUILDING_KILL
0.0,TOWER_BUILDING,1320442,7586087322,9.0,MID_LANE,5048.0,4812.0,100.0,1305376,INNER_TURRET,BUILDING_KILL
0.0,TOWER_BUILDING,1663667,7586087322,9.0,MID_LANE,3651.0,3696.0,100.0,1641607,BASE_TURRET,BUILDING_KILL
0.0,INHIBITOR_BUILDING,1663667,7586087322,9.0,MID_LANE,3210.0,3217.0,100.0,1645248,,BUILDING_KILL
0.0,TOWER_BUILDING,1663667,7586087322,8.0,MID_LANE,1748.0,2270.0,100.0,1653280,NEXUS_TURRET,BUILDING_KILL
0.0,TOWER_BUILDING,1663667,7586087322,9.0,MID_LANE,2177.0,1807.0,100.0,1655361,NEXUS_TURRET,BUILDING_KILL
0.0,TOWER_BUILDING,900347,7586959233,1.0,TOP_LANE,4318.0,13875.0,200.0,899551,OUTER_TURRET,BUILDING_KILL
0.0,TOWER_BUILDING,1020381,7586959233,6.0,BOT_LANE,10504.0,1029.0,100.0,987011,OUTER_TURRET,BUILDING_KILL
0.0,TOWER_BUILDING,1200441,7586959233,5.0,MID_LANE,8955.0,8510.0,200.0,1155147,OUTER_TURRET,BUILDING_KILL
0.0,TOWER_BUILDING,1320469,7586959233,6.0,MID_LANE,5846.0,6396.0,100.0,1304004,OUTER_TURRET,BUILDING_KILL
0.0,TOWER_BUILDING,1380501,7586959233,9.0,TOP_LANE,981.0,10441.0,100.0,1339242,OUTER_TURRET,BUILDING_KILL
0.0,TOWER_BUILDING,1500532,7586959233,9.0,MID_LANE,5048.0,4812.0,100.0,1482221,INNER_TURRET,BUILDING_KILL
0.0,TOWER_BUILDING,1560533,7586959233,9.0,BOT_LANE,6919.0,1483.0,100.0,1501534,INNER_TURRET,BUILDING_KILL
0.0,TOWER_BUILDING,1620549,7586959233,8.0,MID_LANE,3651.0,3696.0,100.0,1599130,BASE_TURRET,BUILDING_KILL
0.0,INHIBITOR_BUILDING,1860614,7586959233,6.0,MID_LANE,3210.0,3217.0,100.0,1852428,,BUILDING_KILL
0.0,TOWER_BUILDING,1897245,7586959233,6.0,MID_LANE,2177.0,1807.0,100.0,1886296,NEXUS_TURRET,BUILDING_KILL
0.0,TOWER_BUILDING,1897245,7586959233,7.0,MID_LANE,1748.0,2270.0,100.0,1888935,NEXUS_TURRET,BUILDING_KILL
0.0,TOWER_BUILDING,1020356,7586644074,3.0,BOT_LANE,13866.0,4505.0,200.0,962041,OUTER_TURRET,BUILDING_KILL
0.0,TOWER_BUILDING,1080374,7586644074,8.0,BOT_LANE,10504.0,1029.0,100.0,1040580,OUTER_TURRET,BUILDING_KILL
0.0,TOWER_BUILDING,1140407,7586644074,6.0,MID_LANE,5846.0,6396.0,100.0,1096988,OUTER_TURRET,BUILDING_KILL
0.0,TOWER_BUILDING,1260461,7586644074,9.0,MID_LANE,5048.0,4812.0,100.0,1221180,INNER_TURRET,BUILDING_KILL
0.0,TOWER_BUILDING,1380493,7586644074,3.0,TOP_LANE,4318.0,13875.0,200.0,1352433,OUTER_TURRET,BUILDING_KILL
0.0,TOWER_BUILDING,1380493,7586644074,8.0,TOP_LANE,981.0,10441.0,100.0,1374504,OUTER_TURRET,BUILDING_KILL
0.0,TOWER_BUILDING,1620557,7586644074,4.0,MID_LANE,8955.0,8510.0,200.0,1566635,OUTER_TURRET,BUILDING_KILL
0.0,TOWER_BUILDING,1620557,7586644074,3.0,TOP_LANE,7943.0,13411.0,200.0,1576455,INNER_TURRET,BUILDING_KILL
0.0,TOWER_BUILDING,1620557,7586644074,4.0,MID_LANE,9767.0,10113.0,200.0,1597221,INNER_TURRET,BUILDING_KILL
0.0,TOWER_BUILDING,1620557,7586644074,4.0,MID_LANE,11134.0,11207.0,200.0,1603821,BASE_TURRET,BUILDING_KILL
0.0,INHIBITOR_BUILDING,1620557,7586644074,2.0,MID_LANE,11593.0,11669.0,200.0,1607896,,BUILDING_KILL
0.0,TOWER_BUILDING,780327,7587483589,2.0,TOP_LANE,4318.0,13875.0,200.0,758728,OUTER_TURRET,BUILDING_KILL
0.0,TOWER_BUILDING,960388,7587483589,8.0,BOT_LANE,10504.0,1029.0,100.0,919268,OUTER_TURRET,BUILDING_KILL
0.0,TOWER_BUILDING,1020420,7587483589,5.0,MID_LANE,8955.0,8510.0,200.0,1000201,OUTER_TURRET,BUILDING_KILL
0.0,TOWER_BUILDING,1080426,7587483589,9.0,MID_LANE,5846.0,6396.0,100.0,1029778,OUTER_TURRET,BUILDING_KILL
0.0,TOWER_BUILDING,1080426,7587483589,6.0,BOT_LANE,6919.0,1483.0,100.0,1058512,INNER_TURRET,BUILDING_KILL
0.0,TOWER_BUILDING,1140443,7587483589,1.0,BOT_LANE,13866.0,4505.0,200.0,1105224,OUTER_TURRET,BUILDING_KILL
0.0,TOWER_BUILDING,1140443,7587483589,6.0,TOP_LANE,981.0,10441.0,100.0,1131646,OUTER_TURRET,BUILDING_KILL
0.0,TOWER_BUILDING,1200451,7587483589,1.0,BOT_LANE,13327.0,8226.0,200.0,1143615,INNER_TURRET,BUILDING_KILL
0.0,TOWER_BUILDING,1200451,7587483589,9.0,TOP_LANE,1512.0,6699.0,100.0,1163126,INNER_TURRET,BUILDING_KILL
0.0,TOWER_BUILDING,1380495,7587483589,6.0,TOP_LANE,1169.0,4287.0,100.0,1326968,BASE_TURRET,BUILDING_KILL
0.0,INHIBITOR_BUILDING,1380495,7587483589,6.0,TOP_LANE,1172.0,3583.0,100.0,1352118,,BUILDING_KILL
0.0,TOWER_BUILDING,1620587,7587483589,1.0,TOP_LANE,7943.0,13411.0,200.0,1571532,INNER_TURRET,BUILDING_KILL
0.0,TOWER_BUILDING,1620587,7587483589,4.0,MID_LANE,9767.0,10113.0,200.0,1572033,INNER_TURRET,BUILDING_KILL
0.0,TOWER_BUILDING,1680593,7587483589,7.0,MID_LANE,5048.0,4812.0,100.0,1648523,INNER_TURRET,BUILDING_KILL
0.0,TOWER_BUILDING,1740602,7587483589,2.0,MID_LANE,11134.0,11207.0,200.0,1719989,BASE_TURRET,BUILDING_KILL
0.0,INHIBITOR_BUILDING,1740602,7587483589,2.0,MID_LANE,11593.0,11669.0,200.0,1724510,,BUILDING_KILL
0.0,TOWER_BUILDING,1740602,7587483589,5.0,MID_LANE,13052.0,12612.0,200.0,1734236,NEXUS_TURRET,BUILDING_KILL
0.0,TOWER_BUILDING,1740602,7587483589,2.0,MID_LANE,12611.0,13084.0,200.0,1738210,NEXUS_TURRET,BUILDING_KILL
0.0,TOWER_BUILDING,780305,7586937222,1.0,TOP_LANE,4318.0,13875.0,200.0,766287,OUTER_TURRET,BUILDING_KILL
0.0,TOWER_BUILDING,840324,7586937222,5.0,BOT_LANE,13866.0,4505.0,200.0,812672,OUTER_TURRET,BUILDING_KILL
0.0,TOWER_BUILDING,900341,7586937222,1.0,TOP_LANE,7943.0,13411.0,200.0,844420,INNER_TURRET,BUILDING_KILL
0.0,TOWER_BUILDING,1020400,7586937222,2.0,MID_LANE,8955.0,8510.0,200.0,970300,OUTER_TURRET,BUILDING_KILL
0.0,TOWER_BUILDING,1020400,7586937222,5.0,MID_LANE,9767.0,10113.0,200.0,1005294,INNER_TURRET,BUILDING_KILL
0.0,TOWER_BUILDING,1140439,7586937222,2.0,BOT_LANE,13327.0,8226.0,200.0,1115010,INNER_TURRET,BUILDING_KILL
250.0,TOWER_BUILDING,1140439,7586937222,6.0,TOP_LANE,981.0,10441.0,100.0,1133453,OUTER_TURRET,BUILDING_KILL
250.0,TOWER_BUILDING,1380486,7586937222,6.0,MID_LANE,5846.0,6396.0,100.0,1324297,OUTER_TURRET,BUILDING_KILL
240.0,TOWER_BUILDING,1380486,7586937222,10.0,MID_LANE,5048.0,4812.0,100.0,1338334,INNER_TURRET,BUILDING_KILL
0.0,TOWER_BUILDING,1440503,7586937222,6.0,BOT_LANE,10504.0,1029.0,100.0,1395632,OUTER_TURRET,BUILDING_KILL
0.0,TOWER_BUILDING,1680531,7586937222,4.0,MID_LANE,11134.0,11207.0,200.0,1664487,BASE_TURRET,BUILDING_KILL
0.0,INHIBITOR_BUILDING,1680531,7586937222,2.0,MID_LANE,11593.0,11669.0,200.0,1670864,,BUILDING_KILL
0.0,TOWER_BUILDING,1680531,7586937222,0.0,BOT_LANE,13624.0,10572.0,200.0,1670931,BASE_TURRET,BUILDING_KILL
0.0,INHIBITOR_BUILDING,1680531,7586937222,3.0,BOT_LANE,13594.0,11319.0,200.0,1676909,,BUILDING_KILL
0.0,TOWER_BUILDING,1740552,7586937222,1.0,TOP_LANE,10481.0,13650.0,200.0,1714921,BASE_TURRET,BUILDING_KILL
0.0,TOWER_BUILDING,1740552,7586937222,3.0,MID_LANE,13052.0,12612.0,200.0,1731940,NEXUS_TURRET,BUILDING_KILL
0.0,TOWER_BUILDING,1740552,7586937222,3.0,MID_LANE,12611.0,13084.0,200.0,1733877,NEXUS_TURRET,BUILDING_KILL
0.0,INHIBITOR_BUILDING,1800576,7586937222,0.0,TOP_LANE,11275.0,13663.0,200.0,1745400,,BUILDING_KILL
0.0,TOWER_BUILDING,900373,7587211379,2.0,BOT_LANE,13866.0,4505.0,200.0,886830,OUTER_TURRET,BUILDING_KILL
0.0,TOWER_BUILDING,960381,7587211379,6.0,TOP_LANE,981.0,10441.0,100.0,926606,OUTER_TURRET,BUILDING_KILL
0.0,TOWER_BUILDING,1140441,7587211379,6.0,BOT_LANE,10504.0,1029.0,100.0,1122934,OUTER_TURRET,BUILDING_KILL
0.0,TOWER_BUILDING,1200444,7587211379,3.0,TOP_LANE,4318.0,13875.0,200.0,1141445,OUTER_TURRET,BUILDING_KILL
0.0,TOWER_BUILDING,1260445,7587211379,2.0,MID_LANE,8955.0,8510.0,200.0,1206108,OUTER_TURRET,BUILDING_KILL
0.0,TOWER_BUILDING,1500514,7587211379,4.0,MID_LANE,9767.0,10113.0,200.0,1450247,INNER_TURRET,BUILDING_KILL
0.0,TOWER_BUILDING,1500514,7587211379,3.0,TOP_LANE,7943.0,13411.0,200.0,1477347,INNER_TURRET,BUILDING_KILL
0.0,TOWER_BUILDING,1620548,7587211379,3.0,MID_LANE,11134.0,11207.0,200.0,1592245,BASE_TURRET,BUILDING_KILL
0.0,INHIBITOR_BUILDING,1620548,7587211379,3.0,MID_LANE,11593.0,11669.0,200.0,1597021,,BUILDING_KILL
0.0,TOWER_BUILDING,1620548,7587211379,1.0,BOT_LANE,13327.0,8226.0,200.0,1608904,INNER_TURRET,BUILDING_KILL
0.0,TOWER_BUILDING,1800629,7587211379,4.0,TOP_LANE,10481.0,13650.0,200.0,1792492,BASE_TURRET,BUILDING_KILL
0.0,INHIBITOR_BUILDING,1800629,7587211379,2.0,TOP_LANE,11275.0,13663.0,200.0,1799118,,BUILDING_KILL
0.0,TOWER_BUILDING,1920643,7587211379,2.0,BOT_LANE,13624.0,10572.0,200.0,1873425,BASE_TURRET,BUILDING_KILL
0.0,INHIBITOR_BUILDING,1920643,7587211379,4.0,BOT_LANE,13594.0,11319.0,200.0,1883180,,BUILDING_KILL
0.0,INHIBITOR_BUILDING,1920643,7587211379,4.0,MID_LANE,11593.0,11669.0,200.0,1907911,,BUILDING_KILL
0.0,INHIBITOR_BUILDING,2136937,7587211379,2.0,TOP_LANE,11275.0,13663.0,200.0,2103452,,BUILDING_KILL
0.0,TOWER_BUILDING,2136937,7587211379,1.0,MID_LANE,13052.0,12612.0,200.0,2108110,NEXUS_TURRET,BUILDING_KILL
0.0,TOWER_BUILDING,2136937,7587211379,0.0,MID_LANE,12611.0,13084.0,200.0,2124610,NEXUS_TURRET,BUILDING_KILL
0.0,TOWER_BUILDING,780359,7587645401,1.0,TOP_LANE,4318.0,13875.0,200.0,720732,OUTER_TURRET,BUILDING_KILL
0.0,TOWER_BUILDING,780359,7587645401,9.0,BOT_LANE,10504.0,1029.0,100.0,742883,OUTER_TURRET,BUILDING_KILL
0.0,TOWER_BUILDING,900394,7587645401,4.0,MID_LANE,8955.0,8510.0,200.0,877501,OUTER_TURRET,BUILDING_KILL
0.0,TOWER_BUILDING,960402,7587645401,5.0,BOT_LANE,13866.0,4505.0,200.0,908644,OUTER_TURRET,BUILDING_KILL
0.0,TOWER_BUILDING,1020403,7587645401,2.0,TOP_LANE,7943.0,13411.0,200.0,1006426,INNER_TURRET,BUILDING_KILL
0.0,TOWER_BUILDING,1080404,7587645401,2.0,TOP_LANE,10481.0,13650.0,200.0,1050582,BASE_TURRET,BUILDING_KILL
0.0,TOWER_BUILDING,1260470,7587645401,9.0,MID_LANE,5846.0,6396.0,100.0,1218522,OUTER_TURRET,BUILDING_KILL
0.0,TOWER_BUILDING,1320471,7587645401,4.0,MID_LANE,9767.0,10113.0,200.0,1305533,INNER_TURRET,BUILDING_KILL
0.0,TOWER_BUILDING,1380487,7587645401,4.0,MID_LANE,11134.0,11207.0,200.0,1326883,BASE_TURRET,BUILDING_KILL
0.0,INHIBITOR_BUILDING,1500493,7587645401,4.0,MID_LANE,11593.0,11669.0,200.0,1445940,,BUILDING_KILL
0.0,INHIBITOR_BUILDING,1500493,7587645401,4.0,TOP_LANE,11275.0,13663.0,200.0,1455126,,BUILDING_KILL
0.0,TOWER_BUILDING,1500493,7587645401,1.0,BOT_LANE,13327.0,8226.0,200.0,1470705,INNER_TURRET,BUILDING_KILL
0.0,TOWER_BUILDING,1620547,7587645401,0.0,MID_LANE,12611.0,13084.0,200.0,1599116,NEXUS_TURRET,BUILDING_KILL
0.0,TOWER_BUILDING,1740585,7587645401,4.0,BOT_LANE,13624.0,10572.0,200.0,1712581,BASE_TURRET,BUILDING_KILL
0.0,TOWER_BUILDING,1860613,7587645401,0.0,TOP_LANE,981.0,10441.0,100.0,1858918,OUTER_TURRET,BUILDING_KILL
0.0,TOWER_BUILDING,2100675,7587645401,9.0,MID_LANE,5048.0,4812.0,100.0,2052094,INNER_TURRET,BUILDING_KILL
0.0,TOWER_BUILDING,2100675,7587645401,8.0,MID_LANE,3651.0,3696.0,100.0,2060417,BASE_TURRET,BUILDING_KILL
0.0,INHIBITOR_BUILDING,2100675,7587645401,8.0,MID_LANE,3210.0,3217.0,100.0,2065027,,BUILDING_KILL
0.0,INHIBITOR_BUILDING,2400748,7587645401,4.0,MID_LANE,11593.0,11669.0,200.0,2370954,,BUILDING_KILL
0.0,TOWER_BUILDING,2400748,7587645401,3.0,MID_LANE,13052.0,12612.0,200.0,2387637,NEXUS_TURRET,BUILDING_KILL
0.0,TOWER_BUILDING,2400748,7587645401,3.0,MID_LANE,12611.0,13084.0,200.0,2390844,NEXUS_TURRET,BUILDING_KILL
0.0,TOWER_BUILDING,720238,7587342695,1.0,TOP_LANE,4318.0,13875.0,200.0,713658,OUTER_TURRET,BUILDING_KILL
0.0,TOWER_BUILDING,1080320,7587342695,9.0,BOT_LANE,10504.0,1029.0,100.0,1077239,OUTER_TURRET,BUILDING_KILL
0.0,TOWER_BUILDING,1140329,7587342695,2.0,TOP_LANE,7943.0,13411.0,200.0,1094786,INNER_TURRET,BUILDING_KILL
0.0,TOWER_BUILDING,1380344,7587342695,8.0,TOP_LANE,981.0,10441.0,100.0,1352153,OUTER_TURRET,BUILDING_KILL
0.0,TOWER_BUILDING,1620424,7587342695,3.0,BOT_LANE,13866.0,4505.0,200.0,1607372,OUTER_TURRET,BUILDING_KILL
0.0,TOWER_BUILDING,1740471,7587342695,1.0,BOT_LANE,13327.0,8226.0,200.0,1697221,INNER_TURRET,BUILDING_KILL
0.0,TOWER_BUILDING,1800475,7587342695,9.0,MID_LANE,5846.0,6396.0,100.0,1774406,OUTER_TURRET,BUILDING_KILL
0.0,TOWER_BUILDING,1860489,7587342695,9.0,MID_LANE,5048.0,4812.0,100.0,1846216,INNER_TURRET,BUILDING_KILL
0.0,TOWER_BUILDING,1980522,7587342695,3.0,MID_LANE,8955.0,8510.0,200.0,1958421,OUTER_TURRET,BUILDING_KILL
0.0,TOWER_BUILDING,2220548,7587342695,7.0,TOP_LANE,1512.0,6699.0,100.0,2182009,INNER_TURRET,BUILDING_KILL
0.0,TOWER_BUILDING,2220548,7587342695,9.0,MID_LANE,3651.0,3696.0,100.0,2189744,BASE_TURRET,BUILDING_KILL
0.0,INHIBITOR_BUILDING,2220548,7587342695,9.0,MID_LANE,3210.0,3217.0,100.0,2200130,,BUILDING_KILL
0.0,TOWER_BUILDING,2220548,7587342695,7.0,TOP_LANE,1169.0,4287.0,100.0,2217303,BASE_TURRET,BUILDING_KILL
0.0,INHIBITOR_BUILDING,2220548,7587342695,6.0,TOP_LANE,1172.0,3583.0,100.0,2220333,,BUILDING_KILL
0.0,TOWER_BUILDING,2280569,7587342695,7.0,MID_LANE,1748.0,2270.0,100.0,2252993,NEXUS_TURRET,BUILDING_KILL
0.0,TOWER_BUILDING,2340578,7587342695,0.0,MID_LANE,9767.0,10113.0,200.0,2297415,INNER_TURRET,BUILDING_KILL
0.0,TOWER_BUILDING,2340578,7587342695,8.0,BOT_LANE,6919.0,1483.0,100.0,2333024,INNER_TURRET,BUILDING_KILL
0.0,TOWER_BUILDING,2424937,7587342695,7.0,MID_LANE,2177.0,1807.0,100.0,2416764,NEXUS_TURRET,BUILDING_KILL
0.0,TOWER_BUILDING,900307,7587049610,1.0,TOP_LANE,4318.0,13875.0,200.0,851911,OUTER_TURRET,BUILDING_KILL
0.0,TOWER_BUILDING,900307,7587049610,9.0,BOT_LANE,10504.0,1029.0,100.0,865047,OUTER_TURRET,BUILDING_KILL
0.0,TOWER_BUILDING,960319,7587049610,3.0,BOT_LANE,13866.0,4505.0,200.0,932097,OUTER_TURRET,BUILDING_KILL
0.0,TOWER_BUILDING,1080338,7587049610,7.0,MID_LANE,5846.0,6396.0,100.0,1063770,OUTER_TURRET,BUILDING_KILL
0.0,TOWER_BUILDING,1260390,7587049610,4.0,MID_LANE,8955.0,8510.0,200.0,1239951,OUTER_TURRET,BUILDING_KILL
0.0,TOWER_BUILDING,1380439,7587049610,9.0,BOT_LANE,6919.0,1483.0,100.0,1376391,INNER_TURRET,BUILDING_KILL
0.0,TOWER_BUILDING,1440446,7587049610,4.0,MID_LANE,9767.0,10113.0,200.0,1390427,INNER_TURRET,BUILDING_KILL
0.0,TOWER_BUILDING,1560467,7587049610,1.0,BOT_LANE,13327.0,8226.0,200.0,1534141,INNER_TURRET,BUILDING_KILL
0.0,TOWER_BUILDING,1560467,7587049610,9.0,TOP_LANE,981.0,10441.0,100.0,1557043,OUTER_TURRET,BUILDING_KILL
0.0,TOWER_BUILDING,1620487,7587049610,1.0,MID_LANE,11134.0,11207.0,200.0,1570304,BASE_TURRET,BUILDING_KILL
0.0,INHIBITOR_BUILDING,1620487,7587049610,4.0,MID_LANE,11593.0,11669.0,200.0,1584478,,BUILDING_KILL
0.0,TOWER_BUILDING,1740521,7587049610,1.0,BOT_LANE,13624.0,10572.0,200.0,1691578,BASE_TURRET,BUILDING_KILL
0.0,TOWER_BUILDING,1920578,7587049610,9.0,MID_LANE,5048.0,4812.0,100.0,1864900,INNER_TURRET,BUILDING_KILL
0.0,TOWER_BUILDING,1920578,7587049610,9.0,MID_LANE,3651.0,3696.0,100.0,1871246,BASE_TURRET,BUILDING_KILL
0.0,INHIBITOR_BUILDING,1920578,7587049610,7.0,MID_LANE,3210.0,3217.0,100.0,1874420,,BUILDING_KILL
0.0,TOWER_BUILDING,720267,7587199859,6.0,TOP_LANE,981.0,10441.0,100.0,691500,OUTER_TURRET,BUILDING_KILL
0.0,TOWER_BUILDING,900320,7587199859,6.0,BOT_LANE,10504.0,1029.0,100.0,847808,OUTER_TURRET,BUILDING_KILL
0.0,TOWER_BUILDING,900320,7587199859,6.0,BOT_LANE,6919.0,1483.0,100.0,875580,INNER_TURRET,BUILDING_KILL
200.0,TOWER_BUILDING,960350,7587199859,3.0,TOP_LANE,4318.0,13875.0,200.0,907702,OUTER_TURRET,BUILDING_KILL
0.0,TOWER_BUILDING,960350,7587199859,8.0,MID_LANE,5846.0,6396.0,100.0,943561,OUTER_TURRET,BUILDING_KILL
0.0,TOWER_BUILDING,1020371,7587199859,3.0,BOT_LANE,13866.0,4505.0,200.0,1004968,OUTER_TURRET,BUILDING_KILL
0.0,TOWER_BUILDING,1020371,7587199859,6.0,TOP_LANE,1512.0,6699.0,100.0,1013947,INNER_TURRET,BUILDING_KILL
0.0,TOWER_BUILDING,1080374,7587199859,7.0,TOP_LANE,1169.0,4287.0,100.0,1053824,BASE_TURRET,BUILDING_KILL
0.0,TOWER_BUILDING,1200391,7587199859,9.0,MID_LANE,5048.0,4812.0,100.0,1154271,INNER_TURRET,BUILDING_KILL
0.0,TOWER_BUILDING,1020412,7587315552,8.0,BOT_LANE,10504.0,1029.0,100.0,985128,OUTER_TURRET,BUILDING_KILL
0.0,TOWER_BUILDING,1020412,7587315552,1.0,TOP_LANE,4318.0,13875.0,200.0,990706,OUTER_TURRET,BUILDING_KILL
0.0,TOWER_BUILDING,1200465,7587315552,4.0,MID_LANE,8955.0,8510.0,200.0,1176092,OUTER_TURRET,BUILDING_KILL
0.0,TOWER_BUILDING,1260475,7587315552,8.0,TOP_LANE,981.0,10441.0,100.0,1224387,OUTER_TURRET,BUILDING_KILL
0.0,TOWER_BUILDING,1260475,7587315552,9.0,MID_LANE,5846.0,6396.0,100.0,1233627,OUTER_TURRET,BUILDING_KILL
0.0,TOWER_BUILDING,1320484,7587315552,7.0,MID_LANE,5048.0,4812.0,100.0,1269519,INNER_TURRET,BUILDING_KILL
0.0,TOWER_BUILDING,1320484,7587315552,1.0,BOT_LANE,13866.0,4505.0,200.0,1293491,OUTER_TURRET,BUILDING_KILL
0.0,TOWER_BUILDING,1680608,7587315552,9.0,BOT_LANE,6919.0,1483.0,100.0,1641532,INNER_TURRET,BUILDING_KILL
0.0,TOWER_BUILDING,1680608,7587315552,7.0,TOP_LANE,1512.0,6699.0,100.0,1653770,INNER_TURRET,BUILDING_KILL
0.0,TOWER_BUILDING,1680608,7587315552,6.0,MID_LANE,3651.0,3696.0,100.0,1662587,BASE_TURRET,BUILDING_KILL
0.0,TOWER_BUILDING,1680608,7587315552,9.0,BOT_LANE,4281.0,1253.0,100.0,1680608,BASE_TURRET,BUILDING_KILL
0.0,INHIBITOR_BUILDING,1740610,7587315552,6.0,MID_LANE,3210.0,3217.0,100.0,1685323,,BUILDING_KILL
0.0,TOWER_BUILDING,1740610,7587315552,6.0,TOP_LANE,1169.0,4287.0,100.0,1688797,BASE_TURRET,BUILDING_KILL
0.0,TOWER_BUILDING,1920652,7587315552,1.0,MID_LANE,9767.0,10113.0,200.0,1900512,INNER_TURRET,BUILDING_KILL
0.0,TOWER_BUILDING,2340776,7587315552,3.0,MID_LANE,11134.0,11207.0,200.0,2322333,BASE_TURRET,BUILDING_KILL
0.0,INHIBITOR_BUILDING,2340776,7587315552,3.0,MID_LANE,11593.0,11669.0,200.0,2326341,,BUILDING_KILL
0.0,TOWER_BUILDING,2340776,7587315552,3.0,MID_LANE,13052.0,12612.0,200.0,2331837,NEXUS_TURRET,BUILDING_KILL
0.0,TOWER_BUILDING,2340776,7587315552,4.0,MID_LANE,12611.0,13084.0,200.0,2334542,NEXUS_TURRET,BUILDING_KILL
0.0,TOWER_BUILDING,720243,7587207804,5.0,TOP_LANE,4318.0,13875.0,200.0,706624,OUTER_TURRET,BUILDING_KILL
0.0,TOWER_BUILDING,720243,7587207804,9.0,BOT_LANE,10504.0,1029.0,100.0,711476,OUTER_TURRET,BUILDING_KILL
0.0,TOWER_BUILDING,900281,7587207804,9.0,MID_LANE,5846.0,6396.0,100.0,890356,OUTER_TURRET,BUILDING_KILL
0.0,TOWER_BUILDING,1018020,7587207804,6.0,TOP_LANE,981.0,10441.0,100.0,995293,OUTER_TURRET,BUILDING_KILL
250.0,TOWER_BUILDING,1018020,7587207804,1.0,BOT_LANE,13866.0,4505.0,200.0,1009036,OUTER_TURRET,BUILDING_KILL
0.0,TOWER_BUILDING,900264,7587382404,1.0,TOP_LANE,4318.0,13875.0,200.0,861683,OUTER_TURRET,BUILDING_KILL
0.0,TOWER_BUILDING,1080319,7587382404,8.0,BOT_LANE,10504.0,1029.0,100.0,1056362,OUTER_TURRET,BUILDING_KILL
0.0,TOWER_BUILDING,1140334,7587382404,1.0,BOT_LANE,13866.0,4505.0,200.0,1117119,OUTER_TURRET,BUILDING_KILL
0.0,TOWER_BUILDING,1200340,7587382404,10.0,MID_LANE,5846.0,6396.0,100.0,1163320,OUTER_TURRET,BUILDING_KILL
0.0,TOWER_BUILDING,1200340,7587382404,8.0,MID_LANE,5048.0,4812.0,100.0,1197268,INNER_TURRET,BUILDING_KILL
0.0,TOWER_BUILDING,1320393,7587382404,4.0,MID_LANE,8955.0,8510.0,200.0,1271789,OUTER_TURRET,BUILDING_KILL
0.0,TOWER_BUILDING,1560479,7587382404,4.0,MID_LANE,9767.0,10113.0,200.0,1552804,INNER_TURRET,BUILDING_KILL
0.0,TOWER_BUILDING,1740522,7587382404,3.0,BOT_LANE,13327.0,8226.0,200.0,1705760,INNER_TURRET,BUILDING_KILL
0.0,TOWER_BUILDING,1740522,7587382404,2.0,BOT_LANE,13624.0,10572.0,200.0,1717626,BASE_TURRET,BUILDING_KILL
0.0,INHIBITOR_BUILDING,1740522,7587382404,1.0,BOT_LANE,13594.0,11319.0,200.0,1722854,,BUILDING_KILL
0.0,TOWER_BUILDING,1841990,7587382404,4.0,MID_LANE,11134.0,11207.0,200.0,1811000,BASE_TURRET,BUILDING_KILL
0.0,INHIBITOR_BUILDING,1841990,7587382404,4.0,MID_LANE,11593.0,11669.0,200.0,1817136,,BUILDING_KILL
0.0,TOWER_BUILDING,1841990,7587382404,4.0,MID_LANE,13052.0,12612.0,200.0,1825452,NEXUS_TURRET,BUILDING_KILL
0.0,TOWER_BUILDING,1841990,7587382404,3.0,MID_LANE,12611.0,13084.0,200.0,1830028,NEXUS_TURRET,BUILDING_KILL
0.0,TOWER_BUILDING,840397,7586285899,9.0,BOT_LANE,10504.0,1029.0,100.0,803997,OUTER_TURRET,BUILDING_KILL
0.0,TOWER_BUILDING,900420,7586285899,3.0,TOP_LANE,4318.0,13875.0,200.0,891753,OUTER_TURRET,BUILDING_KILL
0.0,TOWER_BUILDING,960441,7586285899,4.0,MID_LANE,8955.0,8510.0,200.0,913418,OUTER_TURRET,BUILDING_KILL
0.0,TOWER_BUILDING,1020449,7586285899,4.0,BOT_LANE,13866.0,4505.0,200.0,961109,OUTER_TURRET,BUILDING_KILL
0.0,TOWER_BUILDING,840315,7585806818,1.0,TOP_LANE,4318.0,13875.0,200.0,810768,OUTER_TURRET,BUILDING_KILL
0.0,TOWER_BUILDING,900337,7585806818,7.0,MID_LANE,5846.0,6396.0,100.0,884004,OUTER_TURRET,BUILDING_KILL
0.0,TOWER_BUILDING,1080367,7585806818,4.0,MID_LANE,8955.0,8510.0,200.0,1031631,OUTER_TURRET,BUILDING_KILL
0.0,TOWER_BUILDING,1140379,7585806818,3.0,BOT_LANE,13866.0,4505.0,200.0,1098479,OUTER_TURRET,BUILDING_KILL
0.0,TOWER_BUILDING,1200383,7585806818,9.0,MID_LANE,5048.0,4812.0,100.0,1191766,INNER_TURRET,BUILDING_KILL
0.0,TOWER_BUILDING,1320436,7585806818,6.0,TOP_LANE,981.0,10441.0,100.0,1273868,OUTER_TURRET,BUILDING_KILL
0.0,TOWER_BUILDING,1320436,7585806818,6.0,TOP_LANE,1512.0,6699.0,100.0,1296591,INNER_TURRET,BUILDING_KILL
0.0,TOWER_BUILDING,1320436,7585806818,6.0,TOP_LANE,1169.0,4287.0,100.0,1315360,BASE_TURRET,BUILDING_KILL
0.0,TOWER_BUILDING,1380449,7585806818,1.0,MID_LANE,9767.0,10113.0,200.0,1350034,INNER_TURRET,BUILDING_KILL
0.0,TOWER_BUILDING,1500452,7585806818,6.0,BOT_LANE,10504.0,1029.0,100.0,1459659,OUTER_TURRET,BUILDING_KILL
0.0,TOWER_BUILDING,1620492,7585806818,6.0,BOT_LANE,6919.0,1483.0,100.0,1598961,INNER_TURRET,BUILDING_KILL
0.0,INHIBITOR_BUILDING,1860580,7585806818,6.0,TOP_LANE,1172.0,3583.0,100.0,1853660,,BUILDING_KILL
0.0,TOWER_BUILDING,1920595,7585806818,4.0,MID_LANE,11134.0,11207.0,200.0,1870633,BASE_TURRET,BUILDING_KILL
0.0,INHIBITOR_BUILDING,1920595,7585806818,2.0,MID_LANE,11593.0,11669.0,200.0,1875930,,BUILDING_KILL
0.0,TOWER_BUILDING,2040615,7585806818,4.0,MID_LANE,13052.0,12612.0,200.0,2018821,NEXUS_TURRET,BUILDING_KILL
0.0,INHIBITOR_BUILDING,2220661,7585806818,6.0,TOP_LANE,1172.0,3583.0,100.0,2210602,,BUILDING_KILL
0.0,TOWER_BUILDING,2340688,7585806818,9.0,MID_LANE,3651.0,3696.0,100.0,2318728,BASE_TURRET,BUILDING_KILL
0.0,INHIBITOR_BUILDING,2340688,7585806818,9.0,MID_LANE,3210.0,3217.0,100.0,2323402,,BUILDING_KILL
0.0,TOWER_BUILDING,2340688,7585806818,6.0,MID_LANE,1748.0,2270.0,100.0,2333987,NEXUS_TURRET,BUILDING_KILL
0.0,TOWER_BUILDING,2340688,7585806818,9.0,MID_LANE,2177.0,1807.0,100.0,2338806,NEXUS_TURRET,BUILDING_KILL
0.0,TOWER_BUILDING,1020332,7586068019,1.0,TOP_LANE,4318.0,13875.0,200.0,984505,OUTER_TURRET,BUILDING_KILL
0.0,TOWER_BUILDING,1080348,7586068019,4.0,MID_LANE,8955.0,8510.0,200.0,1062759,OUTER_TURRET,BUILDING_KILL
0.0,TOWER_BUILDING,1080348,7586068019,7.0,TOP_LANE,981.0,10441.0,100.0,1068984,OUTER_TURRET,BUILDING_KILL
0.0,TOWER_BUILDING,1140363,7586068019,3.0,BOT_LANE,13866.0,4505.0,200.0,1087768,OUTER_TURRET,BUILDING_KILL
0.0,TOWER_BUILDING,1260416,7586068019,10.0,MID_LANE,5846.0,6396.0,100.0,1245633,OUTER_TURRET,BUILDING_KILL
0.0,TOWER_BUILDING,1320446,7586068019,8.0,BOT_LANE,10504.0,1029.0,100.0,1287774,OUTER_TURRET,BUILDING_KILL
0.0,TOWER_BUILDING,1620531,7586068019,6.0,MID_LANE,5048.0,4812.0,100.0,1605054,INNER_TURRET,BUILDING_KILL
0.0,TOWER_BUILDING,1680564,7586068019,10.0,MID_LANE,3651.0,3696.0,100.0,1621900,BASE_TURRET,BUILDING_KILL
0.0,TOWER_BUILDING,840268,7586510389,3.0,MID_LANE,8955.0,8510.0,200.0,827376,OUTER_TURRET,BUILDING_KILL
0.0,TOWER_BUILDING,900323,7585743008,9.0,BOT_LANE,10504.0,1029.0,100.0,846677,OUTER_TURRET,BUILDING_KILL
0.0,TOWER_BUILDING,1080375,7585743008,6.0,TOP_LANE,981.0,10441.0,100.0,1054807,OUTER_TURRET,BUILDING_KILL
0.0,TOWER_BUILDING,1140392,7585743008,1.0,TOP_LANE,4318.0,13875.0,200.0,1103219,OUTER_TURRET,BUILDING_KILL
0.0,TOWER_BUILDING,1140392,7585743008,2.0,MID_LANE,8955.0,8510.0,200.0,1125231,OUTER_TURRET,BUILDING_KILL
0.0,TOWER_BUILDING,1440476,7585743008,6.0,TOP_LANE,1512.0,6699.0,100.0,1430322,INNER_TURRET,BUILDING_KILL
0.0,TOWER_BUILDING,1500505,7585743008,9.0,BOT_LANE,6919.0,1483.0,100.0,1482542,INNER_TURRET,BUILDING_KILL
0.0,TOWER_BUILDING,1560529,7585743008,8.0,MID_LANE,5846.0,6396.0,100.0,1507653,OUTER_TURRET,BUILDING_KILL
0.0,TOWER_BUILDING,1740580,7585743008,9.0,MID_LANE,5048.0,4812.0,100.0,1716733,INNER_TURRET,BUILDING_KILL
0.0,TOWER_BUILDING,1740580,7585743008,9.0,BOT_LANE,4281.0,1253.0,100.0,1725567,BASE_TURRET,BUILDING_KILL
0.0,INHIBITOR_BUILDING,1740580,7585743008,9.0,BOT_LANE,3468.0,1230.0,100.0,1737020,,BUILDING_KILL
0.0,TOWER_BUILDING,1751736,7585743008,8.0,MID_LANE,2177.0,1807.0,100.0,1742284,NEXUS_TURRET,BUILDING_KILL
0.0,TOWER_BUILDING,1751736,7585743008,9.0,MID_LANE,1748.0,2270.0,100.0,1744889,NEXUS_TURRET,BUILDING_KILL
0.0,TOWER_BUILDING,900340,7587262793,8.0,MID_LANE,5846.0,6396.0,100.0,850497,OUTER_TURRET,BUILDING_KILL
0.0,TOWER_BUILDING,960358,7587262793,7.0,TOP_LANE,981.0,10441.0,100.0,920554,OUTER_TURRET,BUILDING_KILL
0.0,TOWER_BUILDING,960358,7587262793,8.0,BOT_LANE,10504.0,1029.0,100.0,928205,OUTER_TURRET,BUILDING_KILL
0.0,TOWER_BUILDING,1080382,7587262793,7.0,TOP_LANE,1512.0,6699.0,100.0,1040478,INNER_TURRET,BUILDING_KILL
0.0,TOWER_BUILDING,1080382,7587262793,10.0,TOP_LANE,1169.0,4287.0,100.0,1054445,BASE_TURRET,BUILDING_KILL
0.0,TOWER_BUILDING,1080382,7587262793,4.0,BOT_LANE,13866.0,4505.0,200.0,1073962,OUTER_TURRET,BUILDING_KILL
0.0,TOWER_BUILDING,1260456,7587262793,9.0,MID_LANE,5048.0,4812.0,100.0,1215499,INNER_TURRET,BUILDING_KILL
0.0,TOWER_BUILDING,1320476,7587262793,7.0,BOT_LANE,6919.0,1483.0,100.0,1292015,INNER_TURRET,BUILDING_KILL
0.0,TOWER_BUILDING,1320476,7587262793,8.0,MID_LANE,3651.0,3696.0,100.0,1294330,BASE_TURRET,BUILDING_KILL
0.0,INHIBITOR_BUILDING,1320476,7587262793,8.0,MID_LANE,3210.0,3217.0,100.0,1305813,,BUILDING_KILL
0.0,TOWER_BUILDING,900361,7587022081,6.0,TOP_LANE,981.0,10441.0,100.0,896980,OUTER_TURRET,BUILDING_KILL
0.0,TOWER_BUILDING,1020389,7587022081,9.0,BOT_LANE,10504.0,1029.0,100.0,982345,OUTER_TURRET,BUILDING_KILL
0.0,TOWER_BUILDING,1140407,7587022081,7.0,MID_LANE,5846.0,6396.0,100.0,1137864,OUTER_TURRET,BUILDING_KILL
0.0,TOWER_BUILDING,1200418,7587022081,1.0,TOP_LANE,4318.0,13875.0,200.0,1156373,OUTER_TURRET,BUILDING_KILL
0.0,TOWER_BUILDING,1260450,7587022081,6.0,MID_LANE,5048.0,4812.0,100.0,1217341,INNER_TURRET,BUILDING_KILL
0.0,TOWER_BUILDING,1320459,7587022081,1.0,BOT_LANE,13866.0,4505.0,200.0,1309720,OUTER_TURRET,BUILDING_KILL
0.0,TOWER_BUILDING,1380484,7587022081,2.0,MID_LANE,8955.0,8510.0,200.0,1328714,OUTER_TURRET,BUILDING_KILL
0.0,TOWER_BUILDING,1380484,7587022081,1.0,BOT_LANE,13327.0,8226.0,200.0,1338532,INNER_TURRET,BUILDING_KILL
0.0,TOWER_BUILDING,1620553,7587022081,6.0,BOT_LANE,6919.0,1483.0,100.0,1574545,INNER_TURRET,BUILDING_KILL
0.0,TOWER_BUILDING,1620553,7587022081,6.0,BOT_LANE,4281.0,1253.0,100.0,1589548,BASE_TURRET,BUILDING_KILL
0.0,TOWER_BUILDING,1620553,7587022081,9.0,MID_LANE,3651.0,3696.0,100.0,1597766,BASE_TURRET,BUILDING_KILL
0.0,INHIBITOR_BUILDING,1620553,7587022081,10.0,MID_LANE,3210.0,3217.0,100.0,1601709,,BUILDING_KILL
0.0,INHIBITOR_BUILDING,1620553,7587022081,10.0,BOT_LANE,3468.0,1230.0,100.0,1609740,,BUILDING_KILL
0.0,TOWER_BUILDING,1620553,7587022081,9.0,MID_LANE,2177.0,1807.0,100.0,1618780,NEXUS_TURRET,BUILDING_KILL
0.0,TOWER_BUILDING,1630290,7587022081,9.0,MID_LANE,1748.0,2270.0,100.0,1621699,NEXUS_TURRET,BUILDING_KILL
0.0,TOWER_BUILDING,900316,7587569192,1.0,TOP_LANE,4318.0,13875.0,200.0,861452,OUTER_TURRET,BUILDING_KILL
0.0,TOWER_BUILDING,900316,7587569192,4.0,BOT_LANE,13866.0,4505.0,200.0,865460,OUTER_TURRET,BUILDING_KILL
200.0,TOWER_BUILDING,960330,7587569192,6.0,TOP_LANE,981.0,10441.0,100.0,932520,OUTER_TURRET,BUILDING_KILL
0.0,TOWER_BUILDING,1080344,7587569192,4.0,MID_LANE,8955.0,8510.0,200.0,1026211,OUTER_TURRET,BUILDING_KILL
0.0,TOWER_BUILDING,1080344,7587569192,4.0,MID_LANE,9767.0,10113.0,200.0,1066352,INNER_TURRET,BUILDING_KILL
0.0,TOWER_BUILDING,1080344,7587569192,4.0,MID_LANE,11134.0,11207.0,200.0,1077071,BASE_TURRET,BUILDING_KILL
300.0,TOWER_BUILDING,1200379,7587569192,8.0,BOT_LANE,10504.0,1029.0,100.0,1197641,OUTER_TURRET,BUILDING_KILL
0.0,TOWER_BUILDING,720231,7587356516,1.0,TOP_LANE,4318.0,13875.0,200.0,660263,OUTER_TURRET,BUILDING_KILL
0.0,TOWER_BUILDING,780254,7587356516,1.0,BOT_LANE,13866.0,4505.0,200.0,762078,OUTER_TURRET,BUILDING_KILL
0.0,TOWER_BUILDING,900295,7587356516,4.0,MID_LANE,8955.0,8510.0,200.0,887091,OUTER_TURRET,BUILDING_KILL
0.0,TOWER_BUILDING,900347,7587539553,7.0,TOP_LANE,981.0,10441.0,100.0,852442,OUTER_TURRET,BUILDING_KILL
0.0,TOWER_BUILDING,900347,7587539553,1.0,BOT_LANE,13866.0,4505.0,200.0,856617,OUTER_TURRET,BUILDING_KILL
0.0,TOWER_BUILDING,900347,7587539553,4.0,MID_LANE,8955.0,8510.0,200.0,878165,OUTER_TURRET,BUILDING_KILL
0.0,TOWER_BUILDING,960374,7587539553,7.0,BOT_LANE,10504.0,1029.0,100.0,951924,OUTER_TURRET,BUILDING_KILL
0.0,TOWER_BUILDING,1080425,7587539553,3.0,TOP_LANE,4318.0,13875.0,200.0,1062629,OUTER_TURRET,BUILDING_KILL
0.0,TOWER_BUILDING,1260481,7587539553,3.0,BOT_LANE,13327.0,8226.0,200.0,1230299,INNER_TURRET,BUILDING_KILL
0.0,TOWER_BUILDING,1260481,7587539553,7.0,MID_LANE,5846.0,6396.0,100.0,1232352,OUTER_TURRET,BUILDING_KILL
0.0,TOWER_BUILDING,1260481,7587539553,7.0,MID_LANE,5048.0,4812.0,100.0,1250722,INNER_TURRET,BUILDING_KILL
0.0,TOWER_BUILDING,1440497,7587539553,1.0,MID_LANE,9767.0,10113.0,200.0,1388033,INNER_TURRET,BUILDING_KILL
0.0,TOWER_BUILDING,1440497,7587539553,0.0,TOP_LANE,7943.0,13411.0,200.0,1408556,INNER_TURRET,BUILDING_KILL
0.0,TOWER_BUILDING,1560551,7587539553,1.0,BOT_LANE,13624.0,10572.0,200.0,1529990,BASE_TURRET,BUILDING_KILL
0.0,TOWER_BUILDING,1852320,7587539553,1.0,MID_LANE,11134.0,11207.0,200.0,1822081,BASE_TURRET,BUILDING_KILL
0.0,INHIBITOR_BUILDING,1852320,7587539553,4.0,MID_LANE,11593.0,11669.0,200.0,1824252,,BUILDING_KILL
0.0,TOWER_BUILDING,1852320,7587539553,2.0,MID_LANE,13052.0,12612.0,200.0,1829062,NEXUS_TURRET,BUILDING_KILL
0.0,TOWER_BUILDING,1852320,7587539553,5.0,MID_LANE,12611.0,13084.0,200.0,1838744,NEXUS_TURRET,BUILDING_KILL
0.0,INHIBITOR_BUILDING,1852320,7587539553,0.0,BOT_LANE,13594.0,11319.0,200.0,1846225,,BUILDING_KILL
0.0,TOWER_BUILDING,840260,7587081777,9.0,BOT_LANE,10504.0,1029.0,100.0,811051,OUTER_TURRET,BUILDING_KILL
0.0,TOWER_BUILDING,900290,7587081777,3.0,MID_LANE,8955.0,8510.0,200.0,848589,OUTER_TURRET,BUILDING_KILL
0.0,TOWER_BUILDING,900290,7587081777,4.0,TOP_LANE,4318.0,13875.0,200.0,870898,OUTER_TURRET,BUILDING_KILL
0.0,TOWER_BUILDING,900290,7587081777,1.0,BOT_LANE,13866.0,4505.0,200.0,889172,OUTER_TURRET,BUILDING_KILL
0.0,TOWER_BUILDING,960318,7587081777,9.0,TOP_LANE,981.0,10441.0,100.0,922472,OUTER_TURRET,BUILDING_KILL
0.0,TOWER_BUILDING,1080349,7587081777,7.0,MID_LANE,5846.0,6396.0,100.0,1055926,OUTER_TURRET,BUILDING_KILL
0.0,TOWER_BUILDING,780334,7587465241,4.0,BOT_LANE,13866.0,4505.0,200.0,755091,OUTER_TURRET,BUILDING_KILL
0.0,TOWER_BUILDING,900363,7587465241,6.0,TOP_LANE,981.0,10441.0,100.0,888013,OUTER_TURRET,BUILDING_KILL
0.0,TOWER_BUILDING,960396,7587465241,4.0,MID_LANE,8955.0,8510.0,200.0,909849,OUTER_TURRET,BUILDING_KILL
0.0,TOWER_BUILDING,1080433,7587465241,4.0,TOP_LANE,4318.0,13875.0,200.0,1049233,OUTER_TURRET,BUILDING_KILL
0.0,TOWER_BUILDING,1140449,7587465241,8.0,BOT_LANE,10504.0,1029.0,100.0,1101861,OUTER_TURRET,BUILDING_KILL
0.0,TOWER_BUILDING,1200460,7587465241,6.0,TOP_LANE,1512.0,6699.0,100.0,1188225,INNER_TURRET,BUILDING_KILL
0.0,TOWER_BUILDING,1200460,7587465241,4.0,BOT_LANE,13327.0,8226.0,200.0,1190562,INNER_TURRET,BUILDING_KILL
0.0,TOWER_BUILDING,900444,7586726163,4.0,BOT_LANE,13866.0,4505.0,200.0,852958,OUTER_TURRET,BUILDING_KILL
0.0,TOWER_BUILDING,1080474,7586726163,3.0,TOP_LANE,4318.0,13875.0,200.0,1025766,OUTER_TURRET,BUILDING_KILL
0.0,TOWER_BUILDING,1140480,7586726163,4.0,MID_LANE,8955.0,8510.0,200.0,1114791,OUTER_TURRET,BUILDING_KILL
0.0,TOWER_BUILDING,1228134,7586726163,6.0,BOT_LANE,10504.0,1029.0,100.0,1220802,OUTER_TURRET,BUILDING_KILL
0.0,TOWER_BUILDING,840375,7587446566,8.0,BOT_LANE,10504.0,1029.0,100.0,784232,OUTER_TURRET,BUILDING_KILL
0.0,TOWER_BUILDING,900390,7587446566,1.0,TOP_LANE,4318.0,13875.0,200.0,862555,OUTER_TURRET,BUILDING_KILL
0.0,TOWER_BUILDING,960413,7587446566,8.0,TOP_LANE,981.0,10441.0,100.0,939855,OUTER_TURRET,BUILDING_KILL
0.0,TOWER_BUILDING,1140440,7587446566,6.0,MID_LANE,5846.0,6396.0,100.0,1114335,OUTER_TURRET,BUILDING_KILL
0.0,TOWER_BUILDING,1260464,7587446566,9.0,MID_LANE,5048.0,4812.0,100.0,1215788,INNER_TURRET,BUILDING_KILL
0.0,TOWER_BUILDING,1260464,7587446566,9.0,BOT_LANE,6919.0,1483.0,100.0,1259616,INNER_TURRET,BUILDING_KILL
0.0,TOWER_BUILDING,900300,7586327623,4.0,MID_LANE,8955.0,8510.0,200.0,859870,OUTER_TURRET,BUILDING_KILL
0.0,TOWER_BUILDING,900300,7586327623,1.0,BOT_LANE,13866.0,4505.0,200.0,876007,OUTER_TURRET,BUILDING_KILL
0.0,TOWER_BUILDING,960329,7586327623,9.0,TOP_LANE,981.0,10441.0,100.0,959026,OUTER_TURRET,BUILDING_KILL
0.0,TOWER_BUILDING,1140385,7586327623,1.0,TOP_LANE,4318.0,13875.0,200.0,1134729,OUTER_TURRET,BUILDING_KILL
0.0,TOWER_BUILDING,1260409,7586327623,4.0,MID_LANE,9767.0,10113.0,200.0,1221316,INNER_TURRET,BUILDING_KILL
0.0,TOWER_BUILDING,1320417,7586327623,6.0,BOT_LANE,10504.0,1029.0,100.0,1309208,OUTER_TURRET,BUILDING_KILL
0.0,TOWER_BUILDING,1380445,7586327623,7.0,MID_LANE,5846.0,6396.0,100.0,1325026,OUTER_TURRET,BUILDING_KILL
0.0,TOWER_BUILDING,1497918,7586327623,6.0,TOP_LANE,1512.0,6699.0,100.0,1485078,INNER_TURRET,BUILDING_KILL
0.0,TOWER_BUILDING,720291,7587389644,1.0,TOP_LANE,4318.0,13875.0,200.0,696837,OUTER_TURRET,BUILDING_KILL
0.0,TOWER_BUILDING,840324,7587389644,3.0,BOT_LANE,13866.0,4505.0,200.0,805320,OUTER_TURRET,BUILDING_KILL
0.0,TOWER_BUILDING,900355,7587389644,4.0,MID_LANE,8955.0,8510.0,200.0,881365,OUTER_TURRET,BUILDING_KILL
0.0,TOWER_BUILDING,960362,7587389644,1.0,BOT_LANE,13327.0,8226.0,200.0,954751,INNER_TURRET,BUILDING_KILL
0.0,TOWER_BUILDING,1020363,7587389644,4.0,MID_LANE,9767.0,10113.0,200.0,999420,INNER_TURRET,BUILDING_KILL
0.0,TOWER_BUILDING,1080379,7587389644,3.0,TOP_LANE,7943.0,13411.0,200.0,1034225,INNER_TURRET,BUILDING_KILL
0.0,TOWER_BUILDING,1128502,7587389644,4.0,MID_LANE,11134.0,11207.0,200.0,1123156,BASE_TURRET,BUILDING_KILL
0.0,TOWER_BUILDING,840307,7587027141,1.0,TOP_LANE,4318.0,13875.0,200.0,795548,OUTER_TURRET,BUILDING_KILL
0.0,TOWER_BUILDING,840307,7587027141,2.0,BOT_LANE,13866.0,4505.0,200.0,806036,OUTER_TURRET,BUILDING_KILL
0.0,TOWER_BUILDING,1020367,7587027141,3.0,BOT_LANE,13327.0,8226.0,200.0,1005680,INNER_TURRET,BUILDING_KILL
0.0,TOWER_BUILDING,1020367,7587027141,4.0,MID_LANE,8955.0,8510.0,200.0,1014985,OUTER_TURRET,BUILDING_KILL
0.0,TOWER_BUILDING,1080391,7587027141,8.0,TOP_LANE,981.0,10441.0,100.0,1032443,OUTER_TURRET,BUILDING_KILL
0.0,TOWER_BUILDING,1200391,7587027141,9.0,MID_LANE,5846.0,6396.0,100.0,1153907,OUTER_TURRET,BUILDING_KILL
0.0,TOWER_BUILDING,1320426,7587027141,1.0,TOP_LANE,7943.0,13411.0,200.0,1265809,INNER_TURRET,BUILDING_KILL
0.0,TOWER_BUILDING,1380439,7587027141,6.0,BOT_LANE,10504.0,1029.0,100.0,1366630,OUTER_TURRET,BUILDING_KILL
0.0,TOWER_BUILDING,1620539,7587027141,8.0,MID_LANE,5048.0,4812.0,100.0,1584067,INNER_TURRET,BUILDING_KILL
0.0,TOWER_BUILDING,1680549,7587027141,6.0,BOT_LANE,6919.0,1483.0,100.0,1621846,INNER_TURRET,BUILDING_KILL
0.0,TOWER_BUILDING,1680549,7587027141,8.0,MID_LANE,3651.0,3696.0,100.0,1643506,BASE_TURRET,BUILDING_KILL
0.0,TOWER_BUILDING,1680549,7587027141,7.0,TOP_LANE,1512.0,6699.0,100.0,1658667,INNER_TURRET,BUILDING_KILL
0.0,INHIBITOR_BUILDING,1680549,7587027141,6.0,MID_LANE,3210.0,3217.0,100.0,1662241,,BUILDING_KILL
0.0,TOWER_BUILDING,1680549,7587027141,7.0,TOP_LANE,1169.0,4287.0,100.0,1675407,BASE_TURRET,BUILDING_KILL
0.0,TOWER_BUILDING,1680549,7587027141,8.0,BOT_LANE,4281.0,1253.0,100.0,1676839,BASE_TURRET,BUILDING_KILL
0.0,INHIBITOR_BUILDING,1725267,7587027141,7.0,TOP_LANE,1172.0,3583.0,100.0,1684324,,BUILDING_KILL
0.0,TOWER_BUILDING,1725267,7587027141,7.0,MID_LANE,1748.0,2270.0,100.0,1708251,NEXUS_TURRET,BUILDING_KILL
0.0,TOWER_BUILDING,1725267,7587027141,7.0,MID_LANE,2177.0,1807.0,100.0,1713562,NEXUS_TURRET,BUILDING_KILL
0.0,TOWER_BUILDING,780253,7586053019,6.0,TOP_LANE,981.0,10441.0,100.0,755487,OUTER_TURRET,BUILDING_KILL
0.0,TOWER_BUILDING,840278,7586053019,5.0,BOT_LANE,13866.0,4505.0,200.0,799745,OUTER_TURRET,BUILDING_KILL
0.0,TOWER_BUILDING,1020312,7586053019,4.0,MID_LANE,8955.0,8510.0,200.0,984652,OUTER_TURRET,BUILDING_KILL
0.0,TOWER_BUILDING,1080315,7586053019,8.0,BOT_LANE,10504.0,1029.0,100.0,1043035,OUTER_TURRET,BUILDING_KILL
0.0,TOWER_BUILDING,1140347,7586053019,8.0,BOT_LANE,6919.0,1483.0,100.0,1087462,INNER_TURRET,BUILDING_KILL
0.0,TOWER_BUILDING,1140347,7586053019,9.0,MID_LANE,5846.0,6396.0,100.0,1121680,OUTER_TURRET,BUILDING_KILL
0.0,TOWER_BUILDING,1140347,7586053019,1.0,TOP_LANE,4318.0,13875.0,200.0,1123417,OUTER_TURRET,BUILDING_KILL
0.0,TOWER_BUILDING,1260391,7586053019,7.0,TOP_LANE,1512.0,6699.0,100.0,1202331,INNER_TURRET,BUILDING_KILL
0.0,TOWER_BUILDING,1260391,7586053019,4.0,BOT_LANE,13327.0,8226.0,200.0,1210848,INNER_TURRET,BUILDING_KILL
0.0,TOWER_BUILDING,1260391,7586053019,2.0,BOT_LANE,13624.0,10572.0,200.0,1217963,BASE_TURRET,BUILDING_KILL
0.0,TOWER_BUILDING,1440432,7586053019,4.0,MID_LANE,9767.0,10113.0,200.0,1429176,INNER_TURRET,BUILDING_KILL
0.0,TOWER_BUILDING,1500461,7586053019,4.0,MID_LANE,11134.0,11207.0,200.0,1456811,BASE_TURRET,BUILDING_KILL
0.0,INHIBITOR_BUILDING,1775020,7586053019,2.0,MID_LANE,11593.0,11669.0,200.0,1751938,,BUILDING_KILL
0.0,TOWER_BUILDING,1775020,7586053019,4.0,MID_LANE,13052.0,12612.0,200.0,1766236,NEXUS_TURRET,BUILDING_KILL
0.0,TOWER_BUILDING,1775020,7586053019,1.0,MID_LANE,12611.0,13084.0,200.0,1768240,NEXUS_TURRET,BUILDING_KILL
0.0,TOWER_BUILDING,900366,7586745636,9.0,BOT_LANE,10504.0,1029.0,100.0,858026,OUTER_TURRET,BUILDING_KILL
0.0,TOWER_BUILDING,900366,7586745636,1.0,TOP_LANE,4318.0,13875.0,200.0,872665,OUTER_TURRET,BUILDING_KILL
0.0,TOWER_BUILDING,1020395,7586745636,8.0,BOT_LANE,6919.0,1483.0,100.0,967378,INNER_TURRET,BUILDING_KILL
0.0,TOWER_BUILDING,1020395,7586745636,10.0,MID_LANE,5846.0,6396.0,100.0,996863,OUTER_TURRET,BUILDING_KILL
0.0,TOWER_BUILDING,1080410,7586745636,7.0,MID_LANE,5048.0,4812.0,100.0,1068888,INNER_TURRET,BUILDING_KILL
150.0,TOWER_BUILDING,1140430,7586745636,1.0,BOT_LANE,13866.0,4505.0,200.0,1105187,OUTER_TURRET,BUILDING_KILL
0.0,TOWER_BUILDING,1140430,7586745636,8.0,TOP_LANE,981.0,10441.0,100.0,1125428,OUTER_TURRET,BUILDING_KILL
0.0,TOWER_BUILDING,1200438,7586745636,2.0,BOT_LANE,13327.0,8226.0,200.0,1145941,INNER_TURRET,BUILDING_KILL
0.0,TOWER_BUILDING,1440517,7586745636,0.0,MID_LANE,3651.0,3696.0,100.0,1400275,BASE_TURRET,BUILDING_KILL
0.0,INHIBITOR_BUILDING,1440517,7586745636,9.0,MID_LANE,3210.0,3217.0,100.0,1422989,,BUILDING_KILL
0.0,TOWER_BUILDING,1440517,7586745636,8.0,BOT_LANE,4281.0,1253.0,100.0,1431961,BASE_TURRET,BUILDING_KILL
0.0,INHIBITOR_BUILDING,1440517,7586745636,10.0,BOT_LANE,3468.0,1230.0,100.0,1436872,,BUILDING_KILL
0.0,TOWER_BUILDING,780288,7585833676,4.0,BOT_LANE,13866.0,4505.0,200.0,763376,OUTER_TURRET,BUILDING_KILL
0.0,TOWER_BUILDING,840308,7585833676,6.0,TOP_LANE,981.0,10441.0,100.0,807276,OUTER_TURRET,BUILDING_KILL
0.0,TOWER_BUILDING,900315,7585833676,1.0,TOP_LANE,4318.0,13875.0,200.0,864865,OUTER_TURRET,BUILDING_KILL
0.0,TOWER_BUILDING,900315,7585833676,8.0,BOT_LANE,10504.0,1029.0,100.0,876057,OUTER_TURRET,BUILDING_KILL
0.0,TOWER_BUILDING,960328,7585833676,9.0,MID_LANE,5846.0,6396.0,100.0,922904,OUTER_TURRET,BUILDING_KILL
0.0,TOWER_BUILDING,1380481,7585833676,6.0,BOT_LANE,6919.0,1483.0,100.0,1350626,INNER_TURRET,BUILDING_KILL
0.0,TOWER_BUILDING,1380481,7585833676,10.0,MID_LANE,5048.0,4812.0,100.0,1360561,INNER_TURRET,BUILDING_KILL
0.0,TOWER_BUILDING,1380481,7585833676,3.0,TOP_LANE,7943.0,13411.0,200.0,1370700,INNER_TURRET,BUILDING_KILL
0.0,TOWER_BUILDING,1860599,7585833676,9.0,MID_LANE,3651.0,3696.0,100.0,1807675,BASE_TURRET,BUILDING_KILL
0.0,TOWER_BUILDING,1980623,7585833676,7.0,TOP_LANE,1512.0,6699.0,100.0,1952768,INNER_TURRET,BUILDING_KILL
0.0,TOWER_BUILDING,1980623,7585833676,6.0,TOP_LANE,1169.0,4287.0,100.0,1961352,BASE_TURRET,BUILDING_KILL
0.0,INHIBITOR_BUILDING,1980623,7585833676,8.0,TOP_LANE,1172.0,3583.0,100.0,1965931,,BUILDING_KILL
0.0,INHIBITOR_BUILDING,1980623,7585833676,8.0,MID_LANE,3210.0,3217.0,100.0,1968436,,BUILDING_KILL
0.0,TOWER_BUILDING,1980623,7585833676,8.0,MID_LANE,1748.0,2270.0,100.0,1974719,NEXUS_TURRET,BUILDING_KILL
0.0,TOWER_BUILDING,1980623,7585833676,6.0,MID_LANE,2177.0,1807.0,100.0,1978293,NEXUS_TURRET,BUILDING_KILL
0.0,TOWER_BUILDING,720270,7585800129,7.0,TOP_LANE,981.0,10441.0,100.0,715510,OUTER_TURRET,BUILDING_KILL
0.0,TOWER_BUILDING,840317,7585800129,6.0,TOP_LANE,1512.0,6699.0,100.0,797636,INNER_TURRET,BUILDING_KILL
0.0,TOWER_BUILDING,840317,7585800129,4.0,BOT_LANE,13866.0,4505.0,200.0,801210,OUTER_TURRET,BUILDING_KILL
0.0,TOWER_BUILDING,960354,7585800129,9.0,MID_LANE,5846.0,6396.0,100.0,954743,OUTER_TURRET,BUILDING_KILL
0.0,TOWER_BUILDING,960354,7585800129,6.0,BOT_LANE,10504.0,1029.0,100.0,956947,OUTER_TURRET,BUILDING_KILL
0.0,TOWER_BUILDING,1200420,7585800129,9.0,MID_LANE,5048.0,4812.0,100.0,1185773,INNER_TURRET,BUILDING_KILL
0.0,TOWER_BUILDING,1260438,7585800129,6.0,BOT_LANE,6919.0,1483.0,100.0,1202224,INNER_TURRET,BUILDING_KILL
0.0,TOWER_BUILDING,1260438,7585800129,3.0,MID_LANE,8955.0,8510.0,200.0,1237069,OUTER_TURRET,BUILDING_KILL
0.0,TOWER_BUILDING,1440488,7585800129,5.0,TOP_LANE,4318.0,13875.0,200.0,1381253,OUTER_TURRET,BUILDING_KILL
0.0,TOWER_BUILDING,1440488,7585800129,1.0,TOP_LANE,7943.0,13411.0,200.0,1395449,INNER_TURRET,BUILDING_KILL
0.0,TOWER_BUILDING,1440488,7585800129,1.0,TOP_LANE,10481.0,13650.0,200.0,1409766,BASE_TURRET,BUILDING_KILL
0.0,INHIBITOR_BUILDING,1440488,7585800129,3.0,TOP_LANE,11275.0,13663.0,200.0,1414743,,BUILDING_KILL
0.0,TOWER_BUILDING,1500513,7585800129,3.0,MID_LANE,9767.0,10113.0,200.0,1452960,INNER_TURRET,BUILDING_KILL
0.0,TOWER_BUILDING,1832638,7585800129,7.0,MID_LANE,3651.0,3696.0,100.0,1806751,BASE_TURRET,BUILDING_KILL
0.0,TOWER_BUILDING,1832638,7585800129,6.0,TOP_LANE,1169.0,4287.0,100.0,1808655,BASE_TURRET,BUILDING_KILL
0.0,INHIBITOR_BUILDING,1832638,7585800129,7.0,MID_LANE,3210.0,3217.0,100.0,1811794,,BUILDING_KILL
0.0,INHIBITOR_BUILDING,1832638,7585800129,6.0,TOP_LANE,1172.0,3583.0,100.0,1813898,,BUILDING_KILL
0.0,TOWER_BUILDING,1832638,7585800129,6.0,MID_LANE,1748.0,2270.0,100.0,1821313,NEXUS_TURRET,BUILDING_KILL
0.0,TOWER_BUILDING,1832638,7585800129,9.0,MID_LANE,2177.0,1807.0,100.0,1824553,NEXUS_TURRET,BUILDING_KILL
0.0,TOWER_BUILDING,900372,7586035227,4.0,BOT_LANE,13866.0,4505.0,200.0,862603,OUTER_TURRET,BUILDING_KILL
0.0,TOWER_BUILDING,960388,7586035227,6.0,TOP_LANE,981.0,10441.0,100.0,921426,OUTER_TURRET,BUILDING_KILL
0.0,TOWER_BUILDING,1020399,7586035227,1.0,TOP_LANE,4318.0,13875.0,200.0,986674,OUTER_TURRET,BUILDING_KILL
0.0,TOWER_BUILDING,1080415,7586035227,1.0,TOP_LANE,7943.0,13411.0,200.0,1021034,INNER_TURRET,BUILDING_KILL
0.0,TOWER_BUILDING,1080415,7586035227,6.0,MID_LANE,5846.0,6396.0,100.0,1031722,OUTER_TURRET,BUILDING_KILL
0.0,TOWER_BUILDING,1140446,7586035227,4.0,MID_LANE,8955.0,8510.0,200.0,1098581,OUTER_TURRET,BUILDING_KILL
0.0,TOWER_BUILDING,1200470,7586035227,6.0,BOT_LANE,10504.0,1029.0,100.0,1165115,OUTER_TURRET,BUILDING_KILL
0.0,TOWER_BUILDING,1680646,7586035227,9.0,MID_LANE,5048.0,4812.0,100.0,1660199,INNER_TURRET,BUILDING_KILL
0.0,TOWER_BUILDING,1740661,7586035227,10.0,MID_LANE,3651.0,3696.0,100.0,1693262,BASE_TURRET,BUILDING_KILL
0.0,INHIBITOR_BUILDING,1740661,7586035227,6.0,MID_LANE,3210.0,3217.0,100.0,1703242,,BUILDING_KILL
0.0,TOWER_BUILDING,1860671,7586035227,8.0,MID_LANE,1748.0,2270.0,100.0,1855737,NEXUS_TURRET,BUILDING_KILL
0.0,TOWER_BUILDING,1860671,7586035227,7.0,MID_LANE,2177.0,1807.0,100.0,1857474,NEXUS_TURRET,BUILDING_KILL
0.0,TOWER_BUILDING,840339,7587426983,8.0,MID_LANE,5846.0,6396.0,100.0,828382,OUTER_TURRET,BUILDING_KILL
0.0,TOWER_BUILDING,900364,7587426983,4.0,BOT_LANE,13866.0,4505.0,200.0,883084,OUTER_TURRET,BUILDING_KILL
0.0,TOWER_BUILDING,1080422,7587426983,10.0,TOP_LANE,981.0,10441.0,100.0,1073242,OUTER_TURRET,BUILDING_KILL
0.0,TOWER_BUILDING,1140427,7587426983,9.0,TOP_LANE,1512.0,6699.0,100.0,1122610,INNER_TURRET,BUILDING_KILL
0.0,TOWER_BUILDING,1200453,7587426983,6.0,BOT_LANE,10504.0,1029.0,100.0,1181193,OUTER_TURRET,BUILDING_KILL
0.0,TOWER_BUILDING,1260471,7587426983,5.0,MID_LANE,8955.0,8510.0,200.0,1210974,OUTER_TURRET,BUILDING_KILL
0.0,TOWER_BUILDING,1260471,7587426983,6.0,BOT_LANE,6919.0,1483.0,100.0,1244000,INNER_TURRET,BUILDING_KILL
0.0,TOWER_BUILDING,1260471,7587426983,9.0,MID_LANE,5048.0,4812.0,100.0,1256867,INNER_TURRET,BUILDING_KILL
0.0,TOWER_BUILDING,1320498,7587426983,9.0,MID_LANE,3651.0,3696.0,100.0,1267318,BASE_TURRET,BUILDING_KILL
0.0,TOWER_BUILDING,1320498,7587426983,6.0,BOT_LANE,4281.0,1253.0,100.0,1267719,BASE_TURRET,BUILDING_KILL
0.0,INHIBITOR_BUILDING,1500545,7587426983,8.0,MID_LANE,3210.0,3217.0,100.0,1481468,,BUILDING_KILL
0.0,INHIBITOR_BUILDING,1500545,7587426983,6.0,BOT_LANE,3468.0,1230.0,100.0,1482036,,BUILDING_KILL
0.0,TOWER_BUILDING,1538668,7587426983,9.0,MID_LANE,2177.0,1807.0,100.0,1503087,NEXUS_TURRET,BUILDING_KILL
0.0,TOWER_BUILDING,1538668,7587426983,9.0,MID_LANE,1748.0,2270.0,100.0,1520893,NEXUS_TURRET,BUILDING_KILL
0.0,TOWER_BUILDING,840287,7587118076,5.0,BOT_LANE,13866.0,4505.0,200.0,802129,OUTER_TURRET,BUILDING_KILL
0.0,TOWER_BUILDING,960325,7587118076,3.0,MID_LANE,8955.0,8510.0,200.0,914675,OUTER_TURRET,BUILDING_KILL
0.0,TOWER_BUILDING,1020340,7587118076,2.0,TOP_LANE,4318.0,13875.0,200.0,1019918,OUTER_TURRET,BUILDING_KILL
0.0,TOWER_BUILDING,1080342,7587118076,4.0,TOP_LANE,7943.0,13411.0,200.0,1050004,INNER_TURRET,BUILDING_KILL
0.0,TOWER_BUILDING,900292,7587493497,1.0,BOT_LANE,13866.0,4505.0,200.0,866820,OUTER_TURRET,BUILDING_KILL
0.0,TOWER_BUILDING,900292,7587493497,8.0,TOP_LANE,981.0,10441.0,100.0,896160,OUTER_TURRET,BUILDING_KILL
0.0,TOWER_BUILDING,960293,7587493497,6.0,BOT_LANE,10504.0,1029.0,100.0,931423,OUTER_TURRET,BUILDING_KILL
0.0,TOWER_BUILDING,600284,7587068503,6.0,TOP_LANE,981.0,10441.0,100.0,562110,OUTER_TURRET,BUILDING_KILL
0.0,TOWER_BUILDING,840337,7587068503,6.0,MID_LANE,5846.0,6396.0,100.0,793250,OUTER_TURRET,BUILDING_KILL
0.0,TOWER_BUILDING,900345,7587068503,9.0,MID_LANE,5048.0,4812.0,100.0,859318,INNER_TURRET,BUILDING_KILL
0.0,TOWER_BUILDING,900345,7587068503,8.0,BOT_LANE,10504.0,1029.0,100.0,863292,OUTER_TURRET,BUILDING_KILL
0.0,TOWER_BUILDING,954384,7587068503,7.0,BOT_LANE,6919.0,1483.0,100.0,942183,INNER_TURRET,BUILDING_KILL
0.0,TOWER_BUILDING,960338,7585989174,3.0,MID_LANE,8955.0,8510.0,200.0,913661,OUTER_TURRET,BUILDING_KILL
0.0,TOWER_BUILDING,1080367,7585989174,9.0,TOP_LANE,981.0,10441.0,100.0,1052568,OUTER_TURRET,BUILDING_KILL
0.0,TOWER_BUILDING,1140380,7585989174,1.0,BOT_LANE,13866.0,4505.0,200.0,1099269,OUTER_TURRET,BUILDING_KILL
0.0,TOWER_BUILDING,1140380,7585989174,3.0,TOP_LANE,4318.0,13875.0,200.0,1108055,OUTER_TURRET,BUILDING_KILL
0.0,TOWER_BUILDING,1140380,7585989174,3.0,TOP_LANE,7943.0,13411.0,200.0,1134184,INNER_TURRET,BUILDING_KILL
0.0,TOWER_BUILDING,1200401,7585989174,6.0,BOT_LANE,10504.0,1029.0,100.0,1168739,OUTER_TURRET,BUILDING_KILL
0.0,TOWER_BUILDING,1260412,7585989174,3.0,BOT_LANE,13327.0,8226.0,200.0,1228454,INNER_TURRET,BUILDING_KILL
0.0,TOWER_BUILDING,1440460,7585989174,3.0,MID_LANE,9767.0,10113.0,200.0,1387998,INNER_TURRET,BUILDING_KILL
0.0,TOWER_BUILDING,1440460,7585989174,4.0,MID_LANE,11134.0,11207.0,200.0,1396918,BASE_TURRET,BUILDING_KILL
0.0,INHIBITOR_BUILDING,1440460,7585989174,3.0,MID_LANE,11593.0,11669.0,200.0,1401260,,BUILDING_KILL
200.0,TOWER_BUILDING,1560487,7585989174,8.0,MID_LANE,5846.0,6396.0,100.0,1513992,OUTER_TURRET,BUILDING_KILL
400.0,TOWER_BUILDING,1560487,7585989174,6.0,BOT_LANE,6919.0,1483.0,100.0,1533101,INNER_TURRET,BUILDING_KILL
0.0,TOWER_BUILDING,1645262,7585989174,1.0,MID_LANE,13052.0,12612.0,200.0,1637081,NEXUS_TURRET,BUILDING_KILL
0.0,TOWER_BUILDING,1645262,7585989174,1.0,MID_LANE,12611.0,13084.0,200.0,1638552,NEXUS_TURRET,BUILDING_KILL
0.0,TOWER_BUILDING,720283,7587499452,4.0,BOT_LANE,13866.0,4505.0,200.0,677322,OUTER_TURRET,BUILDING_KILL
0.0,TOWER_BUILDING,1020369,7587499452,9.0,MID_LANE,5846.0,6396.0,100.0,977778,OUTER_TURRET,BUILDING_KILL
0.0,TOWER_BUILDING,1140413,7587499452,8.0,BOT_LANE,10504.0,1029.0,100.0,1129804,OUTER_TURRET,BUILDING_KILL
0.0,TOWER_BUILDING,1260460,7587499452,6.0,TOP_LANE,981.0,10441.0,100.0,1221603,OUTER_TURRET,BUILDING_KILL
0.0,TOWER_BUILDING,840320,7587482053,8.0,BOT_LANE,10504.0,1029.0,100.0,830583,OUTER_TURRET,BUILDING_KILL
0.0,TOWER_BUILDING,1020367,7587482053,9.0,MID_LANE,5846.0,6396.0,100.0,985258,OUTER_TURRET,BUILDING_KILL
0.0,TOWER_BUILDING,1020367,7587482053,8.0,TOP_LANE,981.0,10441.0,100.0,1007006,OUTER_TURRET,BUILDING_KILL
0.0,TOWER_BUILDING,1020367,7587482053,4.0,BOT_LANE,13866.0,4505.0,200.0,1015538,OUTER_TURRET,BUILDING_KILL
0.0,TOWER_BUILDING,1140395,7587482053,7.0,MID_LANE,5048.0,4812.0,100.0,1138390,INNER_TURRET,BUILDING_KILL
0.0,TOWER_BUILDING,1200404,7587482053,9.0,MID_LANE,3651.0,3696.0,100.0,1150785,BASE_TURRET,BUILDING_KILL
250.0,TOWER_BUILDING,1200404,7587482053,3.0,TOP_LANE,4318.0,13875.0,200.0,1159702,OUTER_TURRET,BUILDING_KILL
0.0,TOWER_BUILDING,1200404,7587482053,9.0,BOT_LANE,6919.0,1483.0,100.0,1169754,INNER_TURRET,BUILDING_KILL
0.0,INHIBITOR_BUILDING,1260432,7587482053,0.0,MID_LANE,3210.0,3217.0,100.0,1212024,,BUILDING_KILL
0.0,TOWER_BUILDING,1380468,7587482053,9.0,MID_LANE,2177.0,1807.0,100.0,1366516,NEXUS_TURRET,BUILDING_KILL
0.0,TOWER_BUILDING,1380468,7587482053,9.0,MID_LANE,1748.0,2270.0,100.0,1374365,NEXUS_TURRET,BUILDING_KILL
0.0,TOWER_BUILDING,840314,7586225336,10.0,BOT_LANE,10504.0,1029.0,100.0,806277,OUTER_TURRET,BUILDING_KILL
0.0,TOWER_BUILDING,900325,7586225336,8.0,MID_LANE,5846.0,6396.0,100.0,855346,OUTER_TURRET,BUILDING_KILL
0.0,TOWER_BUILDING,917499,7586225336,9.0,MID_LANE,5048.0,4812.0,100.0,913391,INNER_TURRET,BUILDING_KILL
0.0,TOWER_BUILDING,960383,7587448743,4.0,BOT_LANE,13866.0,4505.0,200.0,904608,OUTER_TURRET,BUILDING_KILL
0.0,TOWER_BUILDING,1020396,7587448743,9.0,MID_LANE,5846.0,6396.0,100.0,985522,OUTER_TURRET,BUILDING_KILL
0.0,TOWER_BUILDING,1020396,7587448743,2.0,MID_LANE,8955.0,8510.0,200.0,1003194,OUTER_TURRET,BUILDING_KILL
0.0,TOWER_BUILDING,1080400,7587448743,6.0,TOP_LANE,981.0,10441.0,100.0,1024971,OUTER_TURRET,BUILDING_KILL
0.0,TOWER_BUILDING,1260427,7587448743,0.0,BOT_LANE,10504.0,1029.0,100.0,1259745,OUTER_TURRET,BUILDING_KILL
0.0,TOWER_BUILDING,1500467,7587448743,6.0,MID_LANE,5048.0,4812.0,100.0,1478442,INNER_TURRET,BUILDING_KILL
0.0,TOWER_BUILDING,1620520,7587448743,9.0,BOT_LANE,6919.0,1483.0,100.0,1582504,INNER_TURRET,BUILDING_KILL
0.0,TOWER_BUILDING,1620520,7587448743,7.0,BOT_LANE,4281.0,1253.0,100.0,1595437,BASE_TURRET,BUILDING_KILL
0.0,TOWER_BUILDING,1620520,7587448743,6.0,MID_LANE,3651.0,3696.0,100.0,1600847,BASE_TURRET,BUILDING_KILL
0.0,INHIBITOR_BUILDING,1620520,7587448743,10.0,BOT_LANE,3468.0,1230.0,100.0,1604721,,BUILDING_KILL
0.0,INHIBITOR_BUILDING,1620520,7587448743,8.0,MID_LANE,3210.0,3217.0,100.0,1606677,,BUILDING_KILL
0.0,TOWER_BUILDING,1650664,7587448743,7.0,MID_LANE,1748.0,2270.0,100.0,1640875,NEXUS_TURRET,BUILDING_KILL
0.0,TOWER_BUILDING,1650664,7587448743,9.0,MID_LANE,2177.0,1807.0,100.0,1641309,NEXUS_TURRET,BUILDING_KILL
0.0,TOWER_BUILDING,840301,7585711168,10.0,TOP_LANE,981.0,10441.0,100.0,814051,OUTER_TURRET,BUILDING_KILL
0.0,TOWER_BUILDING,960329,7585711168,9.0,BOT_LANE,10504.0,1029.0,100.0,928960,OUTER_TURRET,BUILDING_KILL
0.0,TOWER_BUILDING,1020354,7585711168,1.0,TOP_LANE,4318.0,13875.0,200.0,986164,OUTER_TURRET,BUILDING_KILL
0.0,TOWER_BUILDING,1320478,7585711168,1.0,BOT_LANE,13866.0,4505.0,200.0,1307064,OUTER_TURRET,BUILDING_KILL
0.0,TOWER_BUILDING,1380488,7585711168,8.0,MID_LANE,5846.0,6396.0,100.0,1330578,OUTER_TURRET,BUILDING_KILL
0.0,TOWER_BUILDING,1440490,7585711168,4.0,MID_LANE,8955.0,8510.0,200.0,1424455,OUTER_TURRET,BUILDING_KILL
0.0,TOWER_BUILDING,1560534,7585711168,4.0,MID_LANE,9767.0,10113.0,200.0,1539731,INNER_TURRET,BUILDING_KILL
0.0,TOWER_BUILDING,1560534,7585711168,3.0,MID_LANE,11134.0,11207.0,200.0,1551026,BASE_TURRET,BUILDING_KILL
0.0,TOWER_BUILDING,840318,7586983527,1.0,TOP_LANE,4318.0,13875.0,200.0,788822,OUTER_TURRET,BUILDING_KILL
0.0,TOWER_BUILDING,900343,7586983527,3.0,MID_LANE,8955.0,8510.0,200.0,848390,OUTER_TURRET,BUILDING_KILL
0.0,TOWER_BUILDING,900343,7586983527,1.0,TOP_LANE,7943.0,13411.0,200.0,850662,INNER_TURRET,BUILDING_KILL
0.0,TOWER_BUILDING,900343,7586983527,1.0,TOP_LANE,10481.0,13650.0,200.0,874071,BASE_TURRET,BUILDING_KILL
0.0,TOWER_BUILDING,960360,7586983527,3.0,MID_LANE,9767.0,10113.0,200.0,925455,INNER_TURRET,BUILDING_KILL
0.0,TOWER_BUILDING,960360,7586983527,4.0,BOT_LANE,13866.0,4505.0,200.0,927726,OUTER_TURRET,BUILDING_KILL
0.0,TOWER_BUILDING,1080384,7586983527,3.0,BOT_LANE,13327.0,8226.0,200.0,1045201,INNER_TURRET,BUILDING_KILL
0.0,TOWER_BUILDING,960357,7586046063,1.0,TOP_LANE,4318.0,13875.0,200.0,918091,OUTER_TURRET,BUILDING_KILL
0.0,TOWER_BUILDING,960357,7586046063,9.0,BOT_LANE,10504.0,1029.0,100.0,930798,OUTER_TURRET,BUILDING_KILL
0.0,TOWER_BUILDING,1080391,7586046063,2.0,MID_LANE,8955.0,8510.0,200.0,1055657,OUTER_TURRET,BUILDING_KILL
0.0,TOWER_BUILDING,1080391,7586046063,6.0,BOT_LANE,6919.0,1483.0,100.0,1074887,INNER_TURRET,BUILDING_KILL
0.0,TOWER_BUILDING,1140404,7586046063,1.0,BOT_LANE,13866.0,4505.0,200.0,1126562,OUTER_TURRET,BUILDING_KILL
0.0,TOWER_BUILDING,1440476,7586046063,3.0,TOP_LANE,7943.0,13411.0,200.0,1382826,INNER_TURRET,BUILDING_KILL
0.0,TOWER_BUILDING,1440476,7586046063,9.0,MID_LANE,5846.0,6396.0,100.0,1424793,OUTER_TURRET,BUILDING_KILL
0.0,TOWER_BUILDING,1740555,7586046063,8.0,TOP_LANE,981.0,10441.0,100.0,1697853,OUTER_TURRET,BUILDING_KILL
0.0,TOWER_BUILDING,2040632,7586046063,10.0,MID_LANE,5048.0,4812.0,100.0,1996897,INNER_TURRET,BUILDING_KILL
0.0,TOWER_BUILDING,2040632,7586046063,9.0,MID_LANE,3651.0,3696.0,100.0,2008757,BASE_TURRET,BUILDING_KILL
0.0,TOWER_BUILDING,2040632,7586046063,6.0,BOT_LANE,4281.0,1253.0,100.0,2013811,BASE_TURRET,BUILDING_KILL
0.0,INHIBITOR_BUILDING,2040632,7586046063,10.0,MID_LANE,3210.0,3217.0,100.0,2014846,,BUILDING_KILL
0.0,INHIBITOR_BUILDING,2040632,7586046063,9.0,BOT_LANE,3468.0,1230.0,100.0,2018888,,BUILDING_KILL
0.0,TOWER_BUILDING,2160665,7586046063,8.0,MID_LANE,1748.0,2270.0,100.0,2156685,NEXUS_TURRET,BUILDING_KILL
0.0,TOWER_BUILDING,2160665,7586046063,8.0,MID_LANE,2177.0,1807.0,100.0,2158561,NEXUS_TURRET,BUILDING_KILL
0.0,TOWER_BUILDING,720298,7587074063,9.0,BOT_LANE,10504.0,1029.0,100.0,672940,OUTER_TURRET,BUILDING_KILL
0.0,TOWER_BUILDING,900339,7587074063,9.0,MID_LANE,5846.0,6396.0,100.0,847931,OUTER_TURRET,BUILDING_KILL
0.0,TOWER_BUILDING,960367,7587074063,9.0,TOP_LANE,981.0,10441.0,100.0,920636,OUTER_TURRET,BUILDING_KILL
0.0,TOWER_BUILDING,960367,7587074063,3.0,BOT_LANE,13866.0,4505.0,200.0,937691,OUTER_TURRET,BUILDING_KILL
0.0,TOWER_BUILDING,1140424,7587074063,1.0,MID_LANE,8955.0,8510.0,200.0,1101316,OUTER_TURRET,BUILDING_KILL
0.0,TOWER_BUILDING,1260451,7587074063,8.0,BOT_LANE,6919.0,1483.0,100.0,1208517,INNER_TURRET,BUILDING_KILL
0.0,TOWER_BUILDING,1260451,7587074063,9.0,MID_LANE,5048.0,4812.0,100.0,1215270,INNER_TURRET,BUILDING_KILL
0.0,TOWER_BUILDING,1260451,7587074063,3.0,TOP_LANE,4318.0,13875.0,200.0,1229224,OUTER_TURRET,BUILDING_KILL
0.0,TOWER_BUILDING,1320476,7587074063,3.0,TOP_LANE,7943.0,13411.0,200.0,1299299,INNER_TURRET,BUILDING_KILL
0.0,TOWER_BUILDING,1620570,7587074063,10.0,MID_LANE,3651.0,3696.0,100.0,1574593,BASE_TURRET,BUILDING_KILL
0.0,TOWER_BUILDING,1920638,7587074063,9.0,TOP_LANE,1512.0,6699.0,100.0,1897783,INNER_TURRET,BUILDING_KILL
0.0,INHIBITOR_BUILDING,1980638,7587074063,7.0,MID_LANE,3210.0,3217.0,100.0,1945324,,BUILDING_KILL
0.0,TOWER_BUILDING,1980638,7587074063,7.0,TOP_LANE,1169.0,4287.0,100.0,1949036,BASE_TURRET,BUILDING_KILL
0.0,TOWER_BUILDING,2099307,7587074063,9.0,MID_LANE,1748.0,2270.0,100.0,2085961,NEXUS_TURRET,BUILDING_KILL
0.0,TOWER_BUILDING,2099307,7587074063,8.0,MID_LANE,2177.0,1807.0,100.0,2089886,NEXUS_TURRET,BUILDING_KILL
0.0,TOWER_BUILDING,900359,7587312593,2.0,TOP_LANE,4318.0,13875.0,200.0,875278,OUTER_TURRET,BUILDING_KILL
0.0,TOWER_BUILDING,900359,7587312593,1.0,BOT_LANE,13866.0,4505.0,200.0,892999,OUTER_TURRET,BUILDING_KILL
0.0,TOWER_BUILDING,960363,7587312593,4.0,MID_LANE,8955.0,8510.0,200.0,939262,OUTER_TURRET,BUILDING_KILL
0.0,TOWER_BUILDING,960327,7586489764,1.0,TOP_LANE,4318.0,13875.0,200.0,946615,OUTER_TURRET,BUILDING_KILL
0.0,TOWER_BUILDING,1020329,7586489764,0.0,BOT_LANE,13866.0,4505.0,200.0,991156,OUTER_TURRET,BUILDING_KILL
0.0,TOWER_BUILDING,1127888,7586489764,5.0,MID_LANE,8955.0,8510.0,200.0,1102146,OUTER_TURRET,BUILDING_KILL
0.0,TOWER_BUILDING,600192,7587331011,9.0,BOT_LANE,10504.0,1029.0,100.0,543462,OUTER_TURRET,BUILDING_KILL
0.0,TOWER_BUILDING,960254,7587331011,6.0,TOP_LANE,981.0,10441.0,100.0,927402,OUTER_TURRET,BUILDING_KILL
0.0,TOWER_BUILDING,1020279,7587331011,9.0,MID_LANE,5846.0,6396.0,100.0,974590,OUTER_TURRET,BUILDING_KILL
250.0,TOWER_BUILDING,1080283,7587331011,4.0,TOP_LANE,4318.0,13875.0,200.0,1040969,OUTER_TURRET,BUILDING_KILL
0.0,TOWER_BUILDING,1080283,7587331011,9.0,MID_LANE,5048.0,4812.0,100.0,1068587,INNER_TURRET,BUILDING_KILL
0.0,TOWER_BUILDING,1200307,7587331011,6.0,BOT_LANE,6919.0,1483.0,100.0,1165579,INNER_TURRET,BUILDING_KILL
0.0,TOWER_BUILDING,1260334,7587331011,6.0,TOP_LANE,1512.0,6699.0,100.0,1242709,INNER_TURRET,BUILDING_KILL
0.0,TOWER_BUILDING,1380362,7587331011,6.0,TOP_LANE,1169.0,4287.0,100.0,1323782,BASE_TURRET,BUILDING_KILL
0.0,TOWER_BUILDING,1440381,7587331011,8.0,BOT_LANE,4281.0,1253.0,100.0,1427003,BASE_TURRET,BUILDING_KILL
0.0,TOWER_BUILDING,1500414,7587331011,9.0,MID_LANE,3651.0,3696.0,100.0,1457129,BASE_TURRET,BUILDING_KILL
0.0,INHIBITOR_BUILDING,1500414,7587331011,10.0,MID_LANE,3210.0,3217.0,100.0,1466547,,BUILDING_KILL
0.0,INHIBITOR_BUILDING,1500414,7587331011,7.0,BOT_LANE,3468.0,1230.0,100.0,1474402,,BUILDING_KILL
0.0,TOWER_BUILDING,1551857,7587331011,6.0,MID_LANE,2177.0,1807.0,100.0,1528198,NEXUS_TURRET,BUILDING_KILL
0.0,INHIBITOR_BUILDING,1551857,7587331011,0.0,TOP_LANE,1172.0,3583.0,100.0,1533915,,BUILDING_KILL
0.0,TOWER_BUILDING,1551857,7587331011,10.0,MID_LANE,1748.0,2270.0,100.0,1534583,NEXUS_TURRET,BUILDING_KILL
0.0,TOWER_BUILDING,720265,7586843878,2.0,TOP_LANE,4318.0,13875.0,200.0,665859,OUTER_TURRET,BUILDING_KILL
0.0,TOWER_BUILDING,960321,7586843878,2.0,BOT_LANE,13866.0,4505.0,200.0,932483,OUTER_TURRET,BUILDING_KILL
0.0,TOWER_BUILDING,1020339,7586843878,2.0,BOT_LANE,13327.0,8226.0,200.0,966334,INNER_TURRET,BUILDING_KILL
0.0,TOWER_BUILDING,1080372,7586843878,2.0,TOP_LANE,7943.0,13411.0,200.0,1064350,INNER_TURRET,BUILDING_KILL
0.0,TOWER_BUILDING,1080372,7586843878,7.0,BOT_LANE,10504.0,1029.0,100.0,1074993,OUTER_TURRET,BUILDING_KILL
0.0,TOWER_BUILDING,1260443,7586843878,0.0,MID_LANE,8955.0,8510.0,200.0,1214849,OUTER_TURRET,BUILDING_KILL
0.0,TOWER_BUILDING,1320471,7586843878,3.0,MID_LANE,9767.0,10113.0,200.0,1298340,INNER_TURRET,BUILDING_KILL
0.0,TOWER_BUILDING,1500554,7586843878,2.0,MID_LANE,11134.0,11207.0,200.0,1481308,BASE_TURRET,BUILDING_KILL
0.0,INHIBITOR_BUILDING,1500554,7586843878,4.0,MID_LANE,11593.0,11669.0,200.0,1490045,,BUILDING_KILL
0.0,TOWER_BUILDING,1500554,7586843878,2.0,BOT_LANE,13624.0,10572.0,200.0,1493519,BASE_TURRET,BUILDING_KILL
0.0,INHIBITOR_BUILDING,1500554,7586843878,2.0,BOT_LANE,13594.0,11319.0,200.0,1499675,,BUILDING_KILL
0.0,TOWER_BUILDING,1539973,7586843878,2.0,MID_LANE,12611.0,13084.0,200.0,1519454,NEXUS_TURRET,BUILDING_KILL
0.0,TOWER_BUILDING,1539973,7586843878,4.0,MID_LANE,13052.0,12612.0,200.0,1525451,NEXUS_TURRET,BUILDING_KILL
0.0,TOWER_BUILDING,840344,7587096439,5.0,TOP_LANE,4318.0,13875.0,200.0,783431,OUTER_TURRET,BUILDING_KILL
0.0,TOWER_BUILDING,840344,7587096439,3.0,MID_LANE,8955.0,8510.0,200.0,799465,OUTER_TURRET,BUILDING_KILL
0.0,TOWER_BUILDING,900354,7587096439,1.0,BOT_LANE,13866.0,4505.0,200.0,868839,OUTER_TURRET,BUILDING_KILL
0.0,TOWER_BUILDING,1020403,7587096439,6.0,BOT_LANE,10504.0,1029.0,100.0,990049,OUTER_TURRET,BUILDING_KILL
0.0,TOWER_BUILDING,1080432,7587096439,2.0,MID_LANE,9767.0,10113.0,200.0,1072183,INNER_TURRET,BUILDING_KILL
0.0,TOWER_BUILDING,1140465,7587096439,9.0,MID_LANE,5846.0,6396.0,100.0,1119416,OUTER_TURRET,BUILDING_KILL
0.0,TOWER_BUILDING,1320490,7587096439,2.0,TOP_LANE,7943.0,13411.0,200.0,1318619,INNER_TURRET,BUILDING_KILL
0.0,TOWER_BUILDING,1380496,7587096439,2.0,TOP_LANE,10481.0,13650.0,200.0,1327903,BASE_TURRET,BUILDING_KILL
0.0,TOWER_BUILDING,1440524,7587096439,9.0,TOP_LANE,981.0,10441.0,100.0,1425769,OUTER_TURRET,BUILDING_KILL
0.0,TOWER_BUILDING,1500549,7587096439,8.0,TOP_LANE,1512.0,6699.0,100.0,1455211,INNER_TURRET,BUILDING_KILL
0.0,TOWER_BUILDING,1500549,7587096439,1.0,BOT_LANE,13327.0,8226.0,200.0,1470482,INNER_TURRET,BUILDING_KILL
0.0,TOWER_BUILDING,1500549,7587096439,10.0,MID_LANE,5048.0,4812.0,100.0,1484307,INNER_TURRET,BUILDING_KILL
0.0,TOWER_BUILDING,1980670,7587096439,10.0,MID_LANE,3651.0,3696.0,100.0,1934882,BASE_TURRET,BUILDING_KILL
0.0,INHIBITOR_BUILDING,1980670,7587096439,10.0,MID_LANE,3210.0,3217.0,100.0,1941026,,BUILDING_KILL
0.0,TOWER_BUILDING,1980670,7587096439,6.0,MID_LANE,1748.0,2270.0,100.0,1959480,NEXUS_TURRET,BUILDING_KILL
0.0,TOWER_BUILDING,1980670,7587096439,9.0,MID_LANE,2177.0,1807.0,100.0,1962965,NEXUS_TURRET,BUILDING_KILL
0.0,TOWER_BUILDING,900386,7587267492,4.0,BOT_LANE,13866.0,4505.0,200.0,856808,OUTER_TURRET,BUILDING_KILL
0.0,TOWER_BUILDING,1140446,7587267492,7.0,BOT_LANE,10504.0,1029.0,100.0,1082711,OUTER_TURRET,BUILDING_KILL
0.0,TOWER_BUILDING,1200477,7587267492,2.0,MID_LANE,8955.0,8510.0,200.0,1184126,OUTER_TURRET,BUILDING_KILL
0.0,TOWER_BUILDING,1200477,7587267492,3.0,TOP_LANE,4318.0,13875.0,200.0,1191709,OUTER_TURRET,BUILDING_KILL
0.0,TOWER_BUILDING,1380556,7587267492,4.0,MID_LANE,9767.0,10113.0,200.0,1335473,INNER_TURRET,BUILDING_KILL
0.0,TOWER_BUILDING,1560117,7587267492,0.0,TOP_LANE,981.0,10441.0,100.0,1532636,OUTER_TURRET,BUILDING_KILL
0.0,TOWER_BUILDING,780260,7587255707,7.0,BOT_LANE,10504.0,1029.0,100.0,757653,OUTER_TURRET,BUILDING_KILL
0.0,TOWER_BUILDING,780260,7587255707,4.0,TOP_LANE,4318.0,13875.0,200.0,769989,OUTER_TURRET,BUILDING_KILL
0.0,TOWER_BUILDING,900301,7587255707,3.0,BOT_LANE,13866.0,4505.0,200.0,887167,OUTER_TURRET,BUILDING_KILL
0.0,TOWER_BUILDING,960304,7587255707,2.0,MID_LANE,8955.0,8510.0,200.0,911012,OUTER_TURRET,BUILDING_KILL
0.0,TOWER_BUILDING,1140336,7587255707,1.0,TOP_LANE,7943.0,13411.0,200.0,1115630,INNER_TURRET,BUILDING_KILL
0.0,TOWER_BUILDING,1260347,7587255707,1.0,MID_LANE,9767.0,10113.0,200.0,1218453,INNER_TURRET,BUILDING_KILL
0.0,TOWER_BUILDING,1320348,7587255707,8.0,TOP_LANE,981.0,10441.0,100.0,1261283,OUTER_TURRET,BUILDING_KILL
0.0,TOWER_BUILDING,1440372,7587255707,6.0,MID_LANE,5846.0,6396.0,100.0,1386174,OUTER_TURRET,BUILDING_KILL
0.0,TOWER_BUILDING,1800508,7587255707,3.0,BOT_LANE,13327.0,8226.0,200.0,1746066,INNER_TURRET,BUILDING_KILL
0.0,TOWER_BUILDING,1851053,7587255707,4.0,MID_LANE,11134.0,11207.0,200.0,1821821,BASE_TURRET,BUILDING_KILL
0.0,INHIBITOR_BUILDING,1851053,7587255707,5.0,MID_LANE,11593.0,11669.0,200.0,1824623,,BUILDING_KILL
0.0,TOWER_BUILDING,1851053,7587255707,4.0,MID_LANE,13052.0,12612.0,200.0,1834656,NEXUS_TURRET,BUILDING_KILL
0.0,TOWER_BUILDING,1851053,7587255707,4.0,MID_LANE,12611.0,13084.0,200.0,1838397,NEXUS_TURRET,BUILDING_KILL
0.0,TOWER_BUILDING,900329,7586492941,4.0,BOT_LANE,13866.0,4505.0,200.0,866335,OUTER_TURRET,BUILDING_KILL
0.0,TOWER_BUILDING,950038,7586492941,8.0,MID_LANE,5846.0,6396.0,100.0,937352,OUTER_TURRET,BUILDING_KILL
0.0,TOWER_BUILDING,840303,7586966829,9.0,BOT_LANE,10504.0,1029.0,100.0,806408,OUTER_TURRET,BUILDING_KILL
0.0,TOWER_BUILDING,840303,7586966829,2.0,TOP_LANE,4318.0,13875.0,200.0,811752,OUTER_TURRET,BUILDING_KILL
0.0,TOWER_BUILDING,1020342,7586966829,8.0,MID_LANE,5846.0,6396.0,100.0,978686,OUTER_TURRET,BUILDING_KILL
0.0,TOWER_BUILDING,1320427,7586966829,2.0,MID_LANE,8955.0,8510.0,200.0,1276593,OUTER_TURRET,BUILDING_KILL
0.0,TOWER_BUILDING,1380444,7586966829,3.0,BOT_LANE,13866.0,4505.0,200.0,1341056,OUTER_TURRET,BUILDING_KILL
0.0,TOWER_BUILDING,1380444,7586966829,10.0,MID_LANE,5048.0,4812.0,100.0,1355762,INNER_TURRET,BUILDING_KILL
0.0,TOWER_BUILDING,1440467,7586966829,9.0,MID_LANE,3651.0,3696.0,100.0,1389964,BASE_TURRET,BUILDING_KILL
0.0,TOWER_BUILDING,1500472,7586966829,4.0,MID_LANE,9767.0,10113.0,200.0,1455287,INNER_TURRET,BUILDING_KILL
0.0,TOWER_BUILDING,1740522,7586966829,1.0,BOT_LANE,13327.0,8226.0,200.0,1709895,INNER_TURRET,BUILDING_KILL
0.0,TOWER_BUILDING,1740522,7586966829,9.0,TOP_LANE,981.0,10441.0,100.0,1722504,OUTER_TURRET,BUILDING_KILL
0.0,TOWER_BUILDING,1860558,7586966829,9.0,BOT_LANE,6919.0,1483.0,100.0,1852689,INNER_TURRET,BUILDING_KILL
0.0,TOWER_BUILDING,1920573,7586966829,1.0,MID_LANE,11134.0,11207.0,200.0,1871112,BASE_TURRET,BUILDING_KILL
0.0,INHIBITOR_BUILDING,1920573,7586966829,1.0,MID_LANE,11593.0,11669.0,200.0,1877057,,BUILDING_KILL
0.0,TOWER_BUILDING,1920573,7586966829,9.0,BOT_LANE,4281.0,1253.0,100.0,1886838,BASE_TURRET,BUILDING_KILL
0.0,INHIBITOR_BUILDING,1920573,7586966829,7.0,BOT_LANE,3468.0,1230.0,100.0,1891414,,BUILDING_KILL
0.0,TOWER_BUILDING,2040592,7586966829,7.0,TOP_LANE,1512.0,6699.0,100.0,1985222,INNER_TURRET,BUILDING_KILL
0.0,TOWER_BUILDING,2040592,7586966829,9.0,TOP_LANE,1169.0,4287.0,100.0,2004626,BASE_TURRET,BUILDING_KILL
0.0,INHIBITOR_BUILDING,2040592,7586966829,9.0,TOP_LANE,1172.0,3583.0,100.0,2009302,,BUILDING_KILL
0.0,INHIBITOR_BUILDING,2040592,7586966829,7.0,MID_LANE,3210.0,3217.0,100.0,2028954,,BUILDING_KILL
0.0,TOWER_BUILDING,2040592,7586966829,9.0,MID_LANE,1748.0,2270.0,100.0,2037518,NEXUS_TURRET,BUILDING_KILL
0.0,TOWER_BUILDING,2040592,7586966829,9.0,MID_LANE,2177.0,1807.0,100.0,2040224,NEXUS_TURRET,BUILDING_KILL
0.0,TOWER_BUILDING,780278,7587391089,2.0,BOT_LANE,13866.0,4505.0,200.0,749287,OUTER_TURRET,BUILDING_KILL
0.0,TOWER_BUILDING,960335,7587391089,6.0,BOT_LANE,10504.0,1029.0,100.0,918217,OUTER_TURRET,BUILDING_KILL
0.0,TOWER_BUILDING,960335,7587391089,1.0,TOP_LANE,4318.0,13875.0,200.0,927020,OUTER_TURRET,BUILDING_KILL
0.0,TOWER_BUILDING,1020359,7587391089,1.0,MID_LANE,8955.0,8510.0,200.0,976578,OUTER_TURRET,BUILDING_KILL
0.0,TOWER_BUILDING,1200422,7587391089,8.0,TOP_LANE,981.0,10441.0,100.0,1166450,OUTER_TURRET,BUILDING_KILL
0.0,TOWER_BUILDING,1424268,7587391089,10.0,MID_LANE,5846.0,6396.0,100.0,1391897,OUTER_TURRET,BUILDING_KILL
0.0,TOWER_BUILDING,1424268,7587391089,6.0,MID_LANE,5048.0,4812.0,100.0,1397704,INNER_TURRET,BUILDING_KILL
0.0,TOWER_BUILDING,1424268,7587391089,6.0,MID_LANE,3651.0,3696.0,100.0,1404981,BASE_TURRET,BUILDING_KILL
0.0,INHIBITOR_BUILDING,1424268,7587391089,10.0,MID_LANE,3210.0,3217.0,100.0,1409489,,BUILDING_KILL
0.0,TOWER_BUILDING,1424268,7587391089,9.0,MID_LANE,1748.0,2270.0,100.0,1413063,NEXUS_TURRET,BUILDING_KILL
0.0,TOWER_BUILDING,1424268,7587391089,6.0,MID_LANE,2177.0,1807.0,100.0,1417371,NEXUS_TURRET,BUILDING_KILL
0.0,TOWER_BUILDING,780296,7586968635,1.0,TOP_LANE,4318.0,13875.0,200.0,772211,OUTER_TURRET,BUILDING_KILL
0.0,TOWER_BUILDING,840318,7586968635,4.0,BOT_LANE,13866.0,4505.0,200.0,831091,OUTER_TURRET,BUILDING_KILL
0.0,TOWER_BUILDING,900321,7586968635,1.0,MID_LANE,8955.0,8510.0,200.0,878938,OUTER_TURRET,BUILDING_KILL
0.0,TOWER_BUILDING,960338,7586968635,1.0,TOP_LANE,7943.0,13411.0,200.0,957933,INNER_TURRET,BUILDING_KILL
0.0,TOWER_BUILDING,1020336,7586871236,1.0,TOP_LANE,4318.0,13875.0,200.0,991442,OUTER_TURRET,BUILDING_KILL
0.0,TOWER_BUILDING,1020336,7586871236,9.0,BOT_LANE,10504.0,1029.0,100.0,1005690,OUTER_TURRET,BUILDING_KILL
0.0,TOWER_BUILDING,1080366,7586871236,4.0,BOT_LANE,13866.0,4505.0,200.0,1041389,OUTER_TURRET,BUILDING_KILL
0.0,TOWER_BUILDING,1260424,7586871236,9.0,MID_LANE,5846.0,6396.0,100.0,1219063,OUTER_TURRET,BUILDING_KILL
0.0,TOWER_BUILDING,840309,7586441961,1.0,TOP_LANE,4318.0,13875.0,200.0,812556,OUTER_TURRET,BUILDING_KILL
0.0,TOWER_BUILDING,900329,7586441961,6.0,TOP_LANE,981.0,10441.0,100.0,865238,OUTER_TURRET,BUILDING_KILL
0.0,TOWER_BUILDING,960342,7586441961,8.0,BOT_LANE,10504.0,1029.0,100.0,951682,OUTER_TURRET,BUILDING_KILL
0.0,TOWER_BUILDING,1020368,7586441961,3.0,MID_LANE,8955.0,8510.0,200.0,971171,OUTER_TURRET,BUILDING_KILL
0.0,TOWER_BUILDING,1020368,7586441961,9.0,MID_LANE,5846.0,6396.0,100.0,1004814,OUTER_TURRET,BUILDING_KILL
0.0,TOWER_BUILDING,1080382,7586441961,6.0,MID_LANE,5048.0,4812.0,100.0,1020669,INNER_TURRET,BUILDING_KILL
0.0,TOWER_BUILDING,1200404,7586441961,9.0,BOT_LANE,6919.0,1483.0,100.0,1173803,INNER_TURRET,BUILDING_KILL
0.0,TOWER_BUILDING,1320420,7586441961,6.0,TOP_LANE,1512.0,6699.0,100.0,1295345,INNER_TURRET,BUILDING_KILL
0.0,TOWER_BUILDING,1560442,7586441961,6.0,MID_LANE,3651.0,3696.0,100.0,1510947,BASE_TURRET,BUILDING_KILL
0.0,INHIBITOR_BUILDING,1560442,7586441961,9.0,MID_LANE,3210.0,3217.0,100.0,1519564,,BUILDING_KILL
0.0,TOWER_BUILDING,1560442,7586441961,9.0,TOP_LANE,1169.0,4287.0,100.0,1526933,BASE_TURRET,BUILDING_KILL
0.0,INHIBITOR_BUILDING,1560442,7586441961,8.0,TOP_LANE,1172.0,3583.0,100.0,1531576,,BUILDING_KILL
0.0,TOWER_BUILDING,1619467,7586441961,6.0,MID_LANE,1748.0,2270.0,100.0,1608295,NEXUS_TURRET,BUILDING_KILL
0.0,TOWER_BUILDING,1619467,7586441961,8.0,MID_LANE,2177.0,1807.0,100.0,1610198,NEXUS_TURRET,BUILDING_KILL
0.0,TOWER_BUILDING,900288,7587562595,1.0,TOP_LANE,4318.0,13875.0,200.0,856907,OUTER_TURRET,BUILDING_KILL
0.0,TOWER_BUILDING,900288,7587562595,9.0,BOT_LANE,10504.0,1029.0,100.0,869597,OUTER_TURRET,BUILDING_KILL
0.0,TOWER_BUILDING,1020309,7587562595,4.0,MID_LANE,8955.0,8510.0,200.0,1004807,OUTER_TURRET,BUILDING_KILL
0.0,TOWER_BUILDING,1140324,7587562595,9.0,MID_LANE,5846.0,6396.0,100.0,1106603,OUTER_TURRET,BUILDING_KILL
0.0,TOWER_BUILDING,1320383,7587562595,6.0,TOP_LANE,981.0,10441.0,100.0,1290460,OUTER_TURRET,BUILDING_KILL
0.0,TOWER_BUILDING,1412167,7587562595,6.0,TOP_LANE,1512.0,6699.0,100.0,1390610,INNER_TURRET,BUILDING_KILL
0.0,TOWER_BUILDING,900363,7586850014,8.0,MID_LANE,5846.0,6396.0,100.0,880629,OUTER_TURRET,BUILDING_KILL
0.0,TOWER_BUILDING,960363,7586850014,6.0,TOP_LANE,981.0,10441.0,100.0,948915,OUTER_TURRET,BUILDING_KILL
0.0,TOWER_BUILDING,1020396,7586850014,9.0,BOT_LANE,10504.0,1029.0,100.0,974583,OUTER_TURRET,BUILDING_KILL
0.0,TOWER_BUILDING,1080423,7586850014,5.0,BOT_LANE,13866.0,4505.0,200.0,1076248,OUTER_TURRET,BUILDING_KILL
0.0,TOWER_BUILDING,1260484,7586850014,9.0,MID_LANE,5048.0,4812.0,100.0,1233182,INNER_TURRET,BUILDING_KILL
0.0,TOWER_BUILDING,1260484,7586850014,8.0,MID_LANE,3651.0,3696.0,100.0,1245491,BASE_TURRET,BUILDING_KILL
0.0,TOWER_BUILDING,1380508,7586850014,9.0,BOT_LANE,6919.0,1483.0,100.0,1372462,INNER_TURRET,BUILDING_KILL
0.0,INHIBITOR_BUILDING,1500520,7586850014,9.0,MID_LANE,3210.0,3217.0,100.0,1454650,,BUILDING_KILL
0.0,TOWER_BUILDING,1620575,7586850014,7.0,MID_LANE,1748.0,2270.0,100.0,1580186,NEXUS_TURRET,BUILDING_KILL
0.0,TOWER_BUILDING,1620575,7586850014,6.0,MID_LANE,2177.0,1807.0,100.0,1591178,NEXUS_TURRET,BUILDING_KILL
0.0,TOWER_BUILDING,780296,7586679120,3.0,BOT_LANE,13866.0,4505.0,200.0,776122,OUTER_TURRET,BUILDING_KILL
0.0,TOWER_BUILDING,900333,7586679120,8.0,BOT_LANE,10504.0,1029.0,100.0,852431,OUTER_TURRET,BUILDING_KILL
0.0,TOWER_BUILDING,1020381,7586679120,3.0,MID_LANE,8955.0,8510.0,200.0,972656,OUTER_TURRET,BUILDING_KILL
0.0,TOWER_BUILDING,1140397,7586679120,4.0,MID_LANE,9767.0,10113.0,200.0,1129540,INNER_TURRET,BUILDING_KILL
0.0,TOWER_BUILDING,1440492,7586679120,3.0,TOP_LANE,4318.0,13875.0,200.0,1422830,OUTER_TURRET,BUILDING_KILL
0.0,TOWER_BUILDING,1500503,7586679120,1.0,BOT_LANE,13327.0,8226.0,200.0,1473004,INNER_TURRET,BUILDING_KILL
0.0,TOWER_BUILDING,1500503,7586679120,4.0,MID_LANE,11134.0,11207.0,200.0,1489868,BASE_TURRET,BUILDING_KILL
0.0,TOWER_BUILDING,1500503,7586679120,3.0,TOP_LANE,7943.0,13411.0,200.0,1499143,INNER_TURRET,BUILDING_KILL
0.0,INHIBITOR_BUILDING,1555216,7586679120,4.0,MID_LANE,11593.0,11669.0,200.0,1505013,,BUILDING_KILL
0.0,TOWER_BUILDING,1555216,7586679120,1.0,MID_LANE,13052.0,12612.0,200.0,1526723,NEXUS_TURRET,BUILDING_KILL
0.0,TOWER_BUILDING,1555216,7586679120,3.0,MID_LANE,12611.0,13084.0,200.0,1532205,NEXUS_TURRET,BUILDING_KILL
0.0,TOWER_BUILDING,1555216,7586679120,0.0,TOP_LANE,10481.0,13650.0,200.0,1543447,BASE_TURRET,BUILDING_KILL
0.0,TOWER_BUILDING,720313,7585946708,3.0,BOT_LANE,13866.0,4505.0,200.0,676391,OUTER_TURRET,BUILDING_KILL
0.0,TOWER_BUILDING,960371,7585946708,1.0,TOP_LANE,4318.0,13875.0,200.0,935839,OUTER_TURRET,BUILDING_KILL
0.0,TOWER_BUILDING,960371,7585946708,8.0,BOT_LANE,10504.0,1029.0,100.0,956263,OUTER_TURRET,BUILDING_KILL
0.0,TOWER_BUILDING,1020390,7585946708,6.0,TOP_LANE,981.0,10441.0,100.0,993652,OUTER_TURRET,BUILDING_KILL
0.0,TOWER_BUILDING,1080412,7585946708,4.0,MID_LANE,8955.0,8510.0,200.0,1030010,OUTER_TURRET,BUILDING_KILL
0.0,TOWER_BUILDING,1500544,7585946708,8.0,MID_LANE,5846.0,6396.0,100.0,1473243,OUTER_TURRET,BUILDING_KILL
0.0,TOWER_BUILDING,1680569,7585946708,3.0,MID_LANE,9767.0,10113.0,200.0,1626799,INNER_TURRET,BUILDING_KILL
0.0,TOWER_BUILDING,1800577,7585946708,6.0,BOT_LANE,6919.0,1483.0,100.0,1799508,INNER_TURRET,BUILDING_KILL
0.0,TOWER_BUILDING,1860589,7585946708,8.0,MID_LANE,5048.0,4812.0,100.0,1826756,INNER_TURRET,BUILDING_KILL
0.0,TOWER_BUILDING,1860589,7585946708,6.0,MID_LANE,3651.0,3696.0,100.0,1837125,BASE_TURRET,BUILDING_KILL
0.0,INHIBITOR_BUILDING,1860589,7585946708,6.0,MID_LANE,3210.0,3217.0,100.0,1841834,,BUILDING_KILL
0.0,TOWER_BUILDING,1980616,7585946708,6.0,TOP_LANE,1512.0,6699.0,100.0,1926353,INNER_TURRET,BUILDING_KILL
0.0,TOWER_BUILDING,780278,7586560026,4.0,BOT_LANE,13866.0,4505.0,200.0,745161,OUTER_TURRET,BUILDING_KILL
0.0,TOWER_BUILDING,780278,7586560026,6.0,TOP_LANE,981.0,10441.0,100.0,772284,OUTER_TURRET,BUILDING_KILL
0.0,TOWER_BUILDING,1140375,7586560026,2.0,MID_LANE,8955.0,8510.0,200.0,1090365,OUTER_TURRET,BUILDING_KILL
0.0,TOWER_BUILDING,1260391,7586560026,7.0,BOT_LANE,10504.0,1029.0,100.0,1240069,OUTER_TURRET,BUILDING_KILL
0.0,TOWER_BUILDING,1380418,7586560026,6.0,BOT_LANE,6919.0,1483.0,100.0,1336168,INNER_TURRET,BUILDING_KILL
0.0,TOWER_BUILDING,1500440,7586560026,6.0,TOP_LANE,1512.0,6699.0,100.0,1492705,INNER_TURRET,BUILDING_KILL
0.0,TOWER_BUILDING,1560460,7586560026,9.0,MID_LANE,5846.0,6396.0,100.0,1509962,OUTER_TURRET,BUILDING_KILL
0.0,TOWER_BUILDING,1560460,7586560026,8.0,MID_LANE,5048.0,4812.0,100.0,1538362,INNER_TURRET,BUILDING_KILL
0.0,TOWER_BUILDING,1680492,7586560026,9.0,MID_LANE,3651.0,3696.0,100.0,1629296,BASE_TURRET,BUILDING_KILL
0.0,INHIBITOR_BUILDING,1680492,7586560026,9.0,MID_LANE,3210.0,3217.0,100.0,1635925,,BUILDING_KILL
0.0,TOWER_BUILDING,1761159,7586560026,9.0,MID_LANE,2177.0,1807.0,100.0,1745494,NEXUS_TURRET,BUILDING_KILL
0.0,TOWER_BUILDING,1761159,7586560026,10.0,TOP_LANE,1169.0,4287.0,100.0,1746496,BASE_TURRET,BUILDING_KILL
0.0,TOWER_BUILDING,1761159,7586560026,7.0,MID_LANE,1748.0,2270.0,100.0,1751533,NEXUS_TURRET,BUILDING_KILL
0.0,TOWER_BUILDING,900290,7587427373,8.0,MID_LANE,5846.0,6396.0,100.0,880550,OUTER_TURRET,BUILDING_KILL
0.0,TOWER_BUILDING,1020333,7587427373,3.0,TOP_LANE,4318.0,13875.0,200.0,986404,OUTER_TURRET,BUILDING_KILL
0.0,TOWER_BUILDING,1080364,7587427373,1.0,MID_LANE,8955.0,8510.0,200.0,1030692,OUTER_TURRET,BUILDING_KILL
0.0,TOWER_BUILDING,1140366,7587427373,6.0,TOP_LANE,981.0,10441.0,100.0,1106199,OUTER_TURRET,BUILDING_KILL
0.0,TOWER_BUILDING,1140366,7587427373,1.0,BOT_LANE,13866.0,4505.0,200.0,1109940,OUTER_TURRET,BUILDING_KILL
0.0,TOWER_BUILDING,1200378,7587427373,8.0,BOT_LANE,10504.0,1029.0,100.0,1189569,OUTER_TURRET,BUILDING_KILL
0.0,TOWER_BUILDING,1440415,7587427373,4.0,TOP_LANE,7943.0,13411.0,200.0,1433455,INNER_TURRET,BUILDING_KILL
0.0,TOWER_BUILDING,1500445,7587427373,4.0,TOP_LANE,10481.0,13650.0,200.0,1471205,BASE_TURRET,BUILDING_KILL
0.0,TOWER_BUILDING,1500445,7587427373,7.0,BOT_LANE,6919.0,1483.0,100.0,1475693,INNER_TURRET,BUILDING_KILL
0.0,INHIBITOR_BUILDING,1500445,7587427373,4.0,TOP_LANE,11275.0,13663.0,200.0,1480704,,BUILDING_KILL
0.0,TOWER_BUILDING,1740493,7587427373,0.0,MID_LANE,5048.0,4812.0,100.0,1691635,INNER_TURRET,BUILDING_KILL
0.0,TOWER_BUILDING,1860529,7587427373,2.0,MID_LANE,9767.0,10113.0,200.0,1820200,INNER_TURRET,BUILDING_KILL
0.0,TOWER_BUILDING,1920544,7587427373,0.0,TOP_LANE,1512.0,6699.0,100.0,1912840,INNER_TURRET,BUILDING_KILL
0.0,TOWER_BUILDING,1957663,7587427373,9.0,MID_LANE,3651.0,3696.0,100.0,1938027,BASE_TURRET,BUILDING_KILL
0.0,INHIBITOR_BUILDING,1957663,7587427373,8.0,MID_LANE,3210.0,3217.0,100.0,1944497,,BUILDING_KILL
0.0,TOWER_BUILDING,780294,7586019842,4.0,BOT_LANE,13866.0,4505.0,200.0,751377,OUTER_TURRET,BUILDING_KILL
0.0,TOWER_BUILDING,960345,7586019842,6.0,TOP_LANE,981.0,10441.0,100.0,916266,OUTER_TURRET,BUILDING_KILL
0.0,TOWER_BUILDING,960345,7586019842,4.0,MID_LANE,8955.0,8510.0,200.0,920007,OUTER_TURRET,BUILDING_KILL
0.0,TOWER_BUILDING,1020353,7586019842,6.0,BOT_LANE,10504.0,1029.0,100.0,979372,OUTER_TURRET,BUILDING_KILL
0.0,TOWER_BUILDING,1140397,7586019842,2.0,TOP_LANE,4318.0,13875.0,200.0,1088303,OUTER_TURRET,BUILDING_KILL
0.0,TOWER_BUILDING,1140397,7586019842,3.0,TOP_LANE,7943.0,13411.0,200.0,1111891,INNER_TURRET,BUILDING_KILL
0.0,TOWER_BUILDING,1260416,7586019842,3.0,BOT_LANE,13327.0,8226.0,200.0,1243382,INNER_TURRET,BUILDING_KILL
0.0,TOWER_BUILDING,1440462,7586019842,4.0,MID_LANE,9767.0,10113.0,200.0,1416871,INNER_TURRET,BUILDING_KILL
0.0,TOWER_BUILDING,1500476,7586019842,6.0,MID_LANE,5846.0,6396.0,100.0,1458164,OUTER_TURRET,BUILDING_KILL
0.0,TOWER_BUILDING,1680561,7586019842,1.0,BOT_LANE,13624.0,10572.0,200.0,1655091,BASE_TURRET,BUILDING_KILL
0.0,INHIBITOR_BUILDING,1680561,7586019842,1.0,BOT_LANE,13594.0,11319.0,200.0,1659698,,BUILDING_KILL
0.0,TOWER_BUILDING,1680561,7586019842,4.0,MID_LANE,13052.0,12612.0,200.0,1670818,NEXUS_TURRET,BUILDING_KILL
0.0,TOWER_BUILDING,1691245,7586019842,3.0,MID_LANE,12611.0,13084.0,200.0,1680779,NEXUS_TURRET,BUILDING_KILL
0.0,TOWER_BUILDING,900269,7587449178,6.0,TOP_LANE,981.0,10441.0,100.0,886458,OUTER_TURRET,BUILDING_KILL
0.0,TOWER_BUILDING,960275,7587449178,1.0,BOT_LANE,13866.0,4505.0,200.0,940570,OUTER_TURRET,BUILDING_KILL
0.0,TOWER_BUILDING,1020301,7587449178,4.0,MID_LANE,8955.0,8510.0,200.0,972600,OUTER_TURRET,BUILDING_KILL
0.0,TOWER_BUILDING,1140350,7587449178,3.0,TOP_LANE,4318.0,13875.0,200.0,1099301,OUTER_TURRET,BUILDING_KILL
0.0,TOWER_BUILDING,1440439,7587449178,4.0,MID_LANE,9767.0,10113.0,200.0,1426833,INNER_TURRET,BUILDING_KILL
0.0,TOWER_BUILDING,1620510,7587449178,3.0,TOP_LANE,7943.0,13411.0,200.0,1611024,INNER_TURRET,BUILDING_KILL
0.0,TOWER_BUILDING,1680524,7587449178,1.0,BOT_LANE,13327.0,8226.0,200.0,1637657,INNER_TURRET,BUILDING_KILL
0.0,TOWER_BUILDING,1680524,7587449178,9.0,MID_LANE,5846.0,6396.0,100.0,1662791,OUTER_TURRET,BUILDING_KILL
0.0,TOWER_BUILDING,1740533,7587449178,10.0,MID_LANE,5048.0,4812.0,100.0,1731902,INNER_TURRET,BUILDING_KILL
0.0,TOWER_BUILDING,1778689,7587449178,9.0,MID_LANE,3651.0,3696.0,100.0,1746210,BASE_TURRET,BUILDING_KILL
0.0,INHIBITOR_BUILDING,1778689,7587449178,9.0,MID_LANE,3210.0,3217.0,100.0,1751420,,BUILDING_KILL
0.0,TOWER_BUILDING,1778689,7587449178,10.0,MID_LANE,2177.0,1807.0,100.0,1765930,NEXUS_TURRET,BUILDING_KILL
0.0,TOWER_BUILDING,1778689,7587449178,9.0,MID_LANE,1748.0,2270.0,100.0,1766331,NEXUS_TURRET,BUILDING_KILL
0.0,TOWER_BUILDING,956757,7587397517,4.0,MID_LANE,8955.0,8510.0,200.0,920270,OUTER_TURRET,BUILDING_KILL
0.0,TOWER_BUILDING,956757,7587397517,3.0,TOP_LANE,4318.0,13875.0,200.0,924921,OUTER_TURRET,BUILDING_KILL
0.0,TOWER_BUILDING,720265,7587402840,4.0,BOT_LANE,13866.0,4505.0,200.0,692522,OUTER_TURRET,BUILDING_KILL
0.0,TOWER_BUILDING,720265,7587402840,5.0,MID_LANE,8955.0,8510.0,200.0,709343,OUTER_TURRET,BUILDING_KILL
0.0,TOWER_BUILDING,840309,7587402840,4.0,TOP_LANE,4318.0,13875.0,200.0,803772,OUTER_TURRET,BUILDING_KILL
0.0,TOWER_BUILDING,840309,7587402840,3.0,MID_LANE,9767.0,10113.0,200.0,824095,INNER_TURRET,BUILDING_KILL
0.0,TOWER_BUILDING,1020361,7587402840,4.0,BOT_LANE,13327.0,8226.0,200.0,990157,INNER_TURRET,BUILDING_KILL
0.0,TOWER_BUILDING,1200409,7587402840,3.0,TOP_LANE,7943.0,13411.0,200.0,1178490,INNER_TURRET,BUILDING_KILL
0.0,TOWER_BUILDING,1320416,7587402840,4.0,MID_LANE,11134.0,11207.0,200.0,1279438,BASE_TURRET,BUILDING_KILL
0.0,INHIBITOR_BUILDING,1320416,7587402840,4.0,MID_LANE,11593.0,11669.0,200.0,1287638,,BUILDING_KILL
0.0,TOWER_BUILDING,1320416,7587402840,4.0,MID_LANE,13052.0,12612.0,200.0,1297347,NEXUS_TURRET,BUILDING_KILL
0.0,TOWER_BUILDING,1320416,7587402840,1.0,BOT_LANE,13624.0,10572.0,200.0,1310528,BASE_TURRET,BUILDING_KILL
0.0,TOWER_BUILDING,1320416,7587402840,3.0,TOP_LANE,10481.0,13650.0,200.0,1320416,BASE_TURRET,BUILDING_KILL
0.0,TOWER_BUILDING,1611543,7587402840,4.0,MID_LANE,12611.0,13084.0,200.0,1580405,NEXUS_TURRET,BUILDING_KILL
0.0,TOWER_BUILDING,1611543,7587402840,1.0,MID_LANE,13052.0,12612.0,200.0,1582944,NEXUS_TURRET,BUILDING_KILL
0.0,INHIBITOR_BUILDING,1611543,7587402840,5.0,TOP_LANE,11275.0,13663.0,200.0,1598687,,BUILDING_KILL
0.0,TOWER_BUILDING,900384,7587368659,9.0,BOT_LANE,10504.0,1029.0,100.0,871033,OUTER_TURRET,BUILDING_KILL
0.0,TOWER_BUILDING,960406,7587368659,2.0,TOP_LANE,4318.0,13875.0,200.0,951589,OUTER_TURRET,BUILDING_KILL
0.0,TOWER_BUILDING,1020421,7587368659,3.0,MID_LANE,8955.0,8510.0,200.0,996799,OUTER_TURRET,BUILDING_KILL
0.0,TOWER_BUILDING,1080443,7587368659,1.0,BOT_LANE,13866.0,4505.0,200.0,1079007,OUTER_TURRET,BUILDING_KILL
0.0,TOWER_BUILDING,1140452,7587368659,0.0,TOP_LANE,981.0,10441.0,100.0,1101601,OUTER_TURRET,BUILDING_KILL
0.0,TOWER_BUILDING,1200457,7587368659,9.0,MID_LANE,5846.0,6396.0,100.0,1178878,OUTER_TURRET,BUILDING_KILL
0.0,TOWER_BUILDING,1440549,7587368659,8.0,MID_LANE,5048.0,4812.0,100.0,1392379,INNER_TURRET,BUILDING_KILL
0.0,TOWER_BUILDING,1560613,7587368659,8.0,BOT_LANE,6919.0,1483.0,100.0,1506092,INNER_TURRET,BUILDING_KILL
0.0,TOWER_BUILDING,1680669,7587368659,1.0,TOP_LANE,7943.0,13411.0,200.0,1651700,INNER_TURRET,BUILDING_KILL
0.0,TOWER_BUILDING,1680669,7587368659,2.0,MID_LANE,9767.0,10113.0,200.0,1656655,INNER_TURRET,BUILDING_KILL
0.0,TOWER_BUILDING,1791515,7587368659,2.0,BOT_LANE,13327.0,8226.0,200.0,1762308,INNER_TURRET,BUILDING_KILL
0.0,TOWER_BUILDING,1791515,7587368659,3.0,BOT_LANE,13624.0,10572.0,200.0,1770573,BASE_TURRET,BUILDING_KILL
0.0,INHIBITOR_BUILDING,1791515,7587368659,3.0,BOT_LANE,13594.0,11319.0,200.0,1773946,,BUILDING_KILL
0.0,TOWER_BUILDING,1791515,7587368659,2.0,MID_LANE,13052.0,12612.0,200.0,1778554,NEXUS_TURRET,BUILDING_KILL
0.0,TOWER_BUILDING,1791515,7587368659,3.0,MID_LANE,12611.0,13084.0,200.0,1782231,NEXUS_TURRET,BUILDING_KILL
0.0,TOWER_BUILDING,840371,7586229055,9.0,BOT_LANE,10504.0,1029.0,100.0,828640,OUTER_TURRET,BUILDING_KILL
0.0,TOWER_BUILDING,1020415,7586229055,9.0,MID_LANE,5846.0,6396.0,100.0,970531,OUTER_TURRET,BUILDING_KILL
0.0,TOWER_BUILDING,1080439,7586229055,4.0,TOP_LANE,4318.0,13875.0,200.0,1025759,OUTER_TURRET,BUILDING_KILL
0.0,TOWER_BUILDING,1080439,7586229055,8.0,BOT_LANE,6919.0,1483.0,100.0,1027796,INNER_TURRET,BUILDING_KILL
0.0,TOWER_BUILDING,1140454,7586229055,7.0,MID_LANE,5048.0,4812.0,100.0,1092897,INNER_TURRET,BUILDING_KILL
0.0,TOWER_BUILDING,1140454,7586229055,8.0,MID_LANE,3651.0,3696.0,100.0,1115387,BASE_TURRET,BUILDING_KILL
0.0,TOWER_BUILDING,1260504,7586229055,8.0,TOP_LANE,981.0,10441.0,100.0,1201321,OUTER_TURRET,BUILDING_KILL
0.0,INHIBITOR_BUILDING,1320525,7586229055,9.0,MID_LANE,3210.0,3217.0,100.0,1304885,,BUILDING_KILL
0.0,TOWER_BUILDING,1380543,7586229055,8.0,BOT_LANE,4281.0,1253.0,100.0,1353299,BASE_TURRET,BUILDING_KILL
0.0,INHIBITOR_BUILDING,1380543,7586229055,9.0,BOT_LANE,3468.0,1230.0,100.0,1357808,,BUILDING_KILL
0.0,TOWER_BUILDING,900252,7586000166,6.0,TOP_LANE,981.0,10441.0,100.0,863016,OUTER_TURRET,BUILDING_KILL
0.0,TOWER_BUILDING,960262,7586000166,4.0,TOP_LANE,4318.0,13875.0,200.0,921550,OUTER_TURRET,BUILDING_KILL
0.0,TOWER_BUILDING,1140312,7586000166,8.0,MID_LANE,5846.0,6396.0,100.0,1088886,OUTER_TURRET,BUILDING_KILL
0.0,TOWER_BUILDING,1140312,7586000166,10.0,MID_LANE,5048.0,4812.0,100.0,1100635,INNER_TURRET,BUILDING_KILL
0.0,TOWER_BUILDING,1140312,7586000166,6.0,BOT_LANE,10504.0,1029.0,100.0,1114977,OUTER_TURRET,BUILDING_KILL
200.0,TOWER_BUILDING,1260342,7586000166,1.0,MID_LANE,8955.0,8510.0,200.0,1259000,OUTER_TURRET,BUILDING_KILL
250.0,TOWER_BUILDING,1537596,7586000166,1.0,BOT_LANE,13866.0,4505.0,200.0,1515106,OUTER_TURRET,BUILDING_KILL
0.0,TOWER_BUILDING,1537596,7586000166,6.0,MID_LANE,3651.0,3696.0,100.0,1522476,BASE_TURRET,BUILDING_KILL
0.0,INHIBITOR_BUILDING,1537596,7586000166,6.0,MID_LANE,3210.0,3217.0,100.0,1526053,,BUILDING_KILL
0.0,TOWER_BUILDING,1537596,7586000166,9.0,MID_LANE,1748.0,2270.0,100.0,1533621,NEXUS_TURRET,BUILDING_KILL
0.0,TOWER_BUILDING,660322,7587020376,7.0,BOT_LANE,10504.0,1029.0,100.0,616683,OUTER_TURRET,BUILDING_KILL
0.0,TOWER_BUILDING,720341,7587020376,8.0,BOT_LANE,6919.0,1483.0,100.0,663862,INNER_TURRET,BUILDING_KILL
0.0,TOWER_BUILDING,960445,7587020376,3.0,TOP_LANE,4318.0,13875.0,200.0,918736,OUTER_TURRET,BUILDING_KILL
0.0,TOWER_BUILDING,1380549,7587020376,7.0,MID_LANE,5846.0,6396.0,100.0,1380148,OUTER_TURRET,BUILDING_KILL
0.0,TOWER_BUILDING,1440559,7587020376,7.0,MID_LANE,5048.0,4812.0,100.0,1390000,INNER_TURRET,BUILDING_KILL
0.0,TOWER_BUILDING,1560589,7587020376,1.0,BOT_LANE,13866.0,4505.0,200.0,1520414,OUTER_TURRET,BUILDING_KILL
0.0,TOWER_BUILDING,1620601,7587020376,3.0,TOP_LANE,7943.0,13411.0,200.0,1617016,INNER_TURRET,BUILDING_KILL
0.0,TOWER_BUILDING,1680611,7587020376,4.0,MID_LANE,8955.0,8510.0,200.0,1653402,OUTER_TURRET,BUILDING_KILL
0.0,TOWER_BUILDING,1800644,7587020376,4.0,MID_LANE,9767.0,10113.0,200.0,1775913,INNER_TURRET,BUILDING_KILL
0.0,TOWER_BUILDING,1920682,7587020376,3.0,MID_LANE,11134.0,11207.0,200.0,1893458,BASE_TURRET,BUILDING_KILL
0.0,INHIBITOR_BUILDING,1920682,7587020376,3.0,MID_LANE,11593.0,11669.0,200.0,1899771,,BUILDING_KILL
0.0,TOWER_BUILDING,1920682,7587020376,1.0,TOP_LANE,10481.0,13650.0,200.0,1902042,BASE_TURRET,BUILDING_KILL
0.0,TOWER_BUILDING,2040714,7587020376,4.0,BOT_LANE,13327.0,8226.0,200.0,1996078,INNER_TURRET,BUILDING_KILL
0.0,INHIBITOR_BUILDING,2040714,7587020376,3.0,TOP_LANE,11275.0,13663.0,200.0,2001850,,BUILDING_KILL
0.0,TOWER_BUILDING,2040714,7587020376,4.0,BOT_LANE,13624.0,10572.0,200.0,2012633,BASE_TURRET,BUILDING_KILL
0.0,TOWER_BUILDING,2147667,7587020376,2.0,MID_LANE,12611.0,13084.0,200.0,2121517,NEXUS_TURRET,BUILDING_KILL
0.0,TOWER_BUILDING,2147667,7587020376,4.0,MID_LANE,13052.0,12612.0,200.0,2124140,NEXUS_TURRET,BUILDING_KILL
0.0,TOWER_BUILDING,960416,7586030088,2.0,BOT_LANE,13866.0,4505.0,200.0,933015,OUTER_TURRET,BUILDING_KILL
0.0,TOWER_BUILDING,1020425,7586030088,1.0,TOP_LANE,4318.0,13875.0,200.0,979989,OUTER_TURRET,BUILDING_KILL
0.0,TOWER_BUILDING,1080428,7586030088,4.0,MID_LANE,8955.0,8510.0,200.0,1029513,OUTER_TURRET,BUILDING_KILL
0.0,TOWER_BUILDING,1080428,7586030088,2.0,MID_LANE,9767.0,10113.0,200.0,1039521,INNER_TURRET,BUILDING_KILL
250.0,TOWER_BUILDING,1080428,7586030088,8.0,BOT_LANE,10504.0,1029.0,100.0,1045181,OUTER_TURRET,BUILDING_KILL
0.0,TOWER_BUILDING,1080428,7586030088,5.0,MID_LANE,11134.0,11207.0,200.0,1050128,BASE_TURRET,BUILDING_KILL
0.0,INHIBITOR_BUILDING,1080428,7586030088,4.0,MID_LANE,11593.0,11669.0,200.0,1060382,,BUILDING_KILL
0.0,TOWER_BUILDING,1080428,7586030088,2.0,TOP_LANE,7943.0,13411.0,200.0,1069535,INNER_TURRET,BUILDING_KILL
480.0,TOWER_BUILDING,1080428,7586030088,8.0,BOT_LANE,6919.0,1483.0,100.0,1078457,INNER_TURRET,BUILDING_KILL
200.0,TOWER_BUILDING,1320483,7586030088,6.0,TOP_LANE,981.0,10441.0,100.0,1275189,OUTER_TURRET,BUILDING_KILL
0.0,TOWER_BUILDING,1500529,7586030088,7.0,TOP_LANE,1512.0,6699.0,100.0,1453031,INNER_TURRET,BUILDING_KILL
0.0,TOWER_BUILDING,1500529,7586030088,2.0,BOT_LANE,13327.0,8226.0,200.0,1467044,INNER_TURRET,BUILDING_KILL
0.0,TOWER_BUILDING,1500529,7586030088,10.0,TOP_LANE,1169.0,4287.0,100.0,1467478,BASE_TURRET,BUILDING_KILL
0.0,INHIBITOR_BUILDING,1500529,7586030088,4.0,MID_LANE,11593.0,11669.0,200.0,1468447,,BUILDING_KILL
0.0,INHIBITOR_BUILDING,1500529,7586030088,7.0,TOP_LANE,1172.0,3583.0,100.0,1472348,,BUILDING_KILL
0.0,TOWER_BUILDING,1620568,7586030088,0.0,MID_LANE,13052.0,12612.0,200.0,1597521,NEXUS_TURRET,BUILDING_KILL
0.0,TOWER_BUILDING,1620568,7586030088,6.0,MID_LANE,5846.0,6396.0,100.0,1620535,OUTER_TURRET,BUILDING_KILL
0.0,TOWER_BUILDING,1680570,7586030088,8.0,MID_LANE,5048.0,4812.0,100.0,1657176,INNER_TURRET,BUILDING_KILL
0.0,TOWER_BUILDING,1680570,7586030088,8.0,MID_LANE,3651.0,3696.0,100.0,1668354,BASE_TURRET,BUILDING_KILL
0.0,INHIBITOR_BUILDING,1680570,7586030088,6.0,MID_LANE,3210.0,3217.0,100.0,1673264,,BUILDING_KILL
0.0,TOWER_BUILDING,1800602,7586030088,7.0,BOT_LANE,4281.0,1253.0,100.0,1768320,BASE_TURRET,BUILDING_KILL
0.0,INHIBITOR_BUILDING,1800602,7586030088,9.0,BOT_LANE,3468.0,1230.0,100.0,1783607,,BUILDING_KILL
0.0,TOWER_BUILDING,1800602,7586030088,9.0,MID_LANE,2177.0,1807.0,100.0,1793477,NEXUS_TURRET,BUILDING_KILL
0.0,TOWER_BUILDING,1800602,7586030088,7.0,MID_LANE,1748.0,2270.0,100.0,1799934,NEXUS_TURRET,BUILDING_KILL
0.0,TOWER_BUILDING,900345,7587486070,5.0,TOP_LANE,4318.0,13875.0,200.0,875296,OUTER_TURRET,BUILDING_KILL
0.0,TOWER_BUILDING,960364,7587486070,3.0,BOT_LANE,13866.0,4505.0,200.0,926700,OUTER_TURRET,BUILDING_KILL
0.0,TOWER_BUILDING,1020372,7587486070,1.0,MID_LANE,8955.0,8510.0,200.0,999281,OUTER_TURRET,BUILDING_KILL
0.0,TOWER_BUILDING,1140428,7587486070,8.0,MID_LANE,5846.0,6396.0,100.0,1092199,OUTER_TURRET,BUILDING_KILL
0.0,TOWER_BUILDING,1440526,7587486070,3.0,TOP_LANE,7943.0,13411.0,200.0,1410216,INNER_TURRET,BUILDING_KILL
0.0,TOWER_BUILDING,1500542,7587486070,3.0,MID_LANE,9767.0,10113.0,200.0,1452819,INNER_TURRET,BUILDING_KILL
0.0,TOWER_BUILDING,1620585,7587486070,2.0,BOT_LANE,13327.0,8226.0,200.0,1614085,INNER_TURRET,BUILDING_KILL
0.0,TOWER_BUILDING,1680590,7587486070,1.0,BOT_LANE,13624.0,10572.0,200.0,1627030,BASE_TURRET,BUILDING_KILL
200.0,TOWER_BUILDING,1680590,7587486070,6.0,BOT_LANE,10504.0,1029.0,100.0,1677307,OUTER_TURRET,BUILDING_KILL
0.0,TOWER_BUILDING,1740600,7587486070,5.0,MID_LANE,11134.0,11207.0,200.0,1732647,BASE_TURRET,BUILDING_KILL
0.0,INHIBITOR_BUILDING,1740600,7587486070,5.0,MID_LANE,11593.0,11669.0,200.0,1735218,,BUILDING_KILL
0.0,TOWER_BUILDING,1800618,7587486070,3.0,MID_LANE,13052.0,12612.0,200.0,1744407,NEXUS_TURRET,BUILDING_KILL
0.0,TOWER_BUILDING,1800618,7587486070,4.0,MID_LANE,12611.0,13084.0,200.0,1749250,NEXUS_TURRET,BUILDING_KILL
0.0,TOWER_BUILDING,1860642,7587486070,9.0,BOT_LANE,6919.0,1483.0,100.0,1843047,INNER_TURRET,BUILDING_KILL
0.0,TOWER_BUILDING,2040700,7587486070,9.0,TOP_LANE,981.0,10441.0,100.0,1994504,OUTER_TURRET,BUILDING_KILL
0.0,TOWER_BUILDING,2040700,7587486070,9.0,TOP_LANE,1512.0,6699.0,100.0,2009776,INNER_TURRET,BUILDING_KILL
0.0,TOWER_BUILDING,2100712,7587486070,8.0,MID_LANE,5048.0,4812.0,100.0,2080303,INNER_TURRET,BUILDING_KILL
0.0,TOWER_BUILDING,2100712,7587486070,8.0,MID_LANE,3651.0,3696.0,100.0,2088151,BASE_TURRET,BUILDING_KILL
0.0,INHIBITOR_BUILDING,2100712,7587486070,8.0,MID_LANE,3210.0,3217.0,100.0,2091805,,BUILDING_KILL
0.0,INHIBITOR_BUILDING,2220747,7587486070,3.0,BOT_LANE,13594.0,11319.0,200.0,2208659,,BUILDING_KILL
0.0,TOWER_BUILDING,2220747,7587486070,3.0,MID_LANE,13052.0,12612.0,200.0,2216411,NEXUS_TURRET,BUILDING_KILL
0.0,TOWER_BUILDING,2280755,7587486070,8.0,MID_LANE,2177.0,1807.0,100.0,2265355,NEXUS_TURRET,BUILDING_KILL
0.0,TOWER_BUILDING,2280755,7587486070,8.0,MID_LANE,1748.0,2270.0,100.0,2272359,NEXUS_TURRET,BUILDING_KILL
0.0,TOWER_BUILDING,2460775,7587486070,4.0,MID_LANE,13052.0,12612.0,200.0,2456916,NEXUS_TURRET,BUILDING_KILL
0.0,TOWER_BUILDING,2460775,7587486070,4.0,MID_LANE,12611.0,13084.0,200.0,2459187,NEXUS_TURRET,BUILDING_KILL
0.0,TOWER_BUILDING,960345,7586339842,6.0,TOP_LANE,981.0,10441.0,100.0,926205,OUTER_TURRET,BUILDING_KILL
0.0,TOWER_BUILDING,960345,7586339842,4.0,BOT_LANE,13866.0,4505.0,200.0,946567,OUTER_TURRET,BUILDING_KILL
0.0,TOWER_BUILDING,1020377,7586339842,6.0,BOT_LANE,10504.0,1029.0,100.0,992091,OUTER_TURRET,BUILDING_KILL
0.0,TOWER_BUILDING,1020377,7586339842,6.0,BOT_LANE,6919.0,1483.0,100.0,1013613,INNER_TURRET,BUILDING_KILL
0.0,TOWER_BUILDING,1080382,7586339842,2.0,MID_LANE,8955.0,8510.0,200.0,1025221,OUTER_TURRET,BUILDING_KILL
0.0,TOWER_BUILDING,1080382,7586339842,3.0,MID_LANE,9767.0,10113.0,200.0,1032769,INNER_TURRET,BUILDING_KILL
0.0,TOWER_BUILDING,1080382,7586339842,3.0,TOP_LANE,4318.0,13875.0,200.0,1080182,OUTER_TURRET,BUILDING_KILL
0.0,TOWER_BUILDING,1200427,7586339842,6.0,TOP_LANE,1512.0,6699.0,100.0,1143619,INNER_TURRET,BUILDING_KILL
0.0,TOWER_BUILDING,1200427,7586339842,1.0,BOT_LANE,13327.0,8226.0,200.0,1155496,INNER_TURRET,BUILDING_KILL
0.0,TOWER_BUILDING,1260455,7586339842,4.0,MID_LANE,11134.0,11207.0,200.0,1245452,BASE_TURRET,BUILDING_KILL
0.0,TOWER_BUILDING,1260455,7586339842,1.0,TOP_LANE,7943.0,13411.0,200.0,1253668,INNER_TURRET,BUILDING_KILL
0.0,INHIBITOR_BUILDING,1659278,7586339842,4.0,MID_LANE,11593.0,11669.0,200.0,1643803,,BUILDING_KILL
0.0,TOWER_BUILDING,1659278,7586339842,4.0,MID_LANE,13052.0,12612.0,200.0,1650082,NEXUS_TURRET,BUILDING_KILL
0.0,TOWER_BUILDING,1659278,7586339842,5.0,MID_LANE,12611.0,13084.0,200.0,1651919,NEXUS_TURRET,BUILDING_KILL
0.0,TOWER_BUILDING,780319,7587629778,1.0,TOP_LANE,4318.0,13875.0,200.0,773054,OUTER_TURRET,BUILDING_KILL
0.0,TOWER_BUILDING,1020370,7587629778,1.0,MID_LANE,8955.0,8510.0,200.0,975070,OUTER_TURRET,BUILDING_KILL
0.0,TOWER_BUILDING,1020370,7587629778,6.0,TOP_LANE,981.0,10441.0,100.0,997755,OUTER_TURRET,BUILDING_KILL
0.0,TOWER_BUILDING,1140399,7587629778,6.0,BOT_LANE,10504.0,1029.0,100.0,1097968,OUTER_TURRET,BUILDING_KILL
0.0,TOWER_BUILDING,1140399,7587629778,1.0,MID_LANE,9767.0,10113.0,200.0,1112495,INNER_TURRET,BUILDING_KILL
0.0,TOWER_BUILDING,1260452,7587629778,2.0,MID_LANE,11134.0,11207.0,200.0,1214421,BASE_TURRET,BUILDING_KILL
0.0,TOWER_BUILDING,1260452,7587629778,1.0,BOT_LANE,13866.0,4505.0,200.0,1250984,OUTER_TURRET,BUILDING_KILL
0.0,TOWER_BUILDING,1440518,7587629778,6.0,TOP_LANE,1512.0,6699.0,100.0,1429228,INNER_TURRET,BUILDING_KILL
0.0,TOWER_BUILDING,1560553,7587629778,9.0,MID_LANE,5846.0,6396.0,100.0,1520541,OUTER_TURRET,BUILDING_KILL
0.0,TOWER_BUILDING,1740598,7587629778,6.0,BOT_LANE,6919.0,1483.0,100.0,1734013,INNER_TURRET,BUILDING_KILL
0.0,TOWER_BUILDING,1767553,7587629778,8.0,BOT_LANE,4281.0,1253.0,100.0,1753188,BASE_TURRET,BUILDING_KILL
0.0,INHIBITOR_BUILDING,1767553,7587629778,8.0,BOT_LANE,3468.0,1230.0,100.0,1760868,,BUILDING_KILL
0.0,TOWER_BUILDING,900288,7587512822,9.0,MID_LANE,5846.0,6396.0,100.0,849543,OUTER_TURRET,BUILDING_KILL
0.0,TOWER_BUILDING,900288,7587512822,4.0,TOP_LANE,4318.0,13875.0,200.0,869281,OUTER_TURRET,BUILDING_KILL
0.0,TOWER_BUILDING,900288,7587512822,8.0,BOT_LANE,10504.0,1029.0,100.0,872564,OUTER_TURRET,BUILDING_KILL
0.0,TOWER_BUILDING,924769,7587512822,1.0,BOT_LANE,13866.0,4505.0,200.0,916820,OUTER_TURRET,BUILDING_KILL
0.0,TOWER_BUILDING,840338,7587319263,6.0,TOP_LANE,981.0,10441.0,100.0,807504,OUTER_TURRET,BUILDING_KILL
0.0,TOWER_BUILDING,840338,7587319263,4.0,BOT_LANE,13866.0,4505.0,200.0,829064,OUTER_TURRET,BUILDING_KILL
0.0,TOWER_BUILDING,960346,7587319263,8.0,BOT_LANE,10504.0,1029.0,100.0,959344,OUTER_TURRET,BUILDING_KILL
0.0,TOWER_BUILDING,1080381,7587319263,7.0,MID_LANE,5846.0,6396.0,100.0,1077976,OUTER_TURRET,BUILDING_KILL
0.0,TOWER_BUILDING,1260452,7587319263,6.0,TOP_LANE,1512.0,6699.0,100.0,1235290,INNER_TURRET,BUILDING_KILL
0.0,TOWER_BUILDING,1500511,7587319263,8.0,TOP_LANE,1169.0,4287.0,100.0,1451033,BASE_TURRET,BUILDING_KILL
0.0,INHIBITOR_BUILDING,1500511,7587319263,8.0,TOP_LANE,1172.0,3583.0,100.0,1460985,,BUILDING_KILL
0.0,TOWER_BUILDING,1500511,7587319263,6.0,BOT_LANE,6919.0,1483.0,100.0,1469168,INNER_TURRET,BUILDING_KILL
0.0,TOWER_BUILDING,1500511,7587319263,9.0,MID_LANE,5048.0,4812.0,100.0,1481301,INNER_TURRET,BUILDING_KILL
0.0,TOWER_BUILDING,720273,7587467204,1.0,TOP_LANE,4318.0,13875.0,200.0,713416,OUTER_TURRET,BUILDING_KILL
0.0,TOWER_BUILDING,900296,7587467204,4.0,MID_LANE,8955.0,8510.0,200.0,853330,OUTER_TURRET,BUILDING_KILL
0.0,TOWER_BUILDING,900296,7587467204,1.0,TOP_LANE,7943.0,13411.0,200.0,867659,INNER_TURRET,BUILDING_KILL
300.0,TOWER_BUILDING,900296,7587467204,8.0,BOT_LANE,10504.0,1029.0,100.0,873204,OUTER_TURRET,BUILDING_KILL
0.0,TOWER_BUILDING,1020322,7587467204,1.0,BOT_LANE,13866.0,4505.0,200.0,1011762,OUTER_TURRET,BUILDING_KILL
0.0,TOWER_BUILDING,1140358,7587467204,2.0,MID_LANE,9767.0,10113.0,200.0,1115634,INNER_TURRET,BUILDING_KILL
0.0,TOWER_BUILDING,1260377,7587467204,3.0,BOT_LANE,13327.0,8226.0,200.0,1203870,INNER_TURRET,BUILDING_KILL
0.0,TOWER_BUILDING,1440419,7587467204,1.0,BOT_LANE,13624.0,10572.0,200.0,1421779,BASE_TURRET,BUILDING_KILL
0.0,INHIBITOR_BUILDING,1440419,7587467204,1.0,BOT_LANE,13594.0,11319.0,200.0,1430462,,BUILDING_KILL
0.0,TOWER_BUILDING,1500443,7587467204,1.0,MID_LANE,13052.0,12612.0,200.0,1440619,NEXUS_TURRET,BUILDING_KILL
0.0,TOWER_BUILDING,1500443,7587467204,1.0,MID_LANE,12611.0,13084.0,200.0,1449402,NEXUS_TURRET,BUILDING_KILL
0.0,TOWER_BUILDING,1500443,7587467204,2.0,TOP_LANE,10481.0,13650.0,200.0,1481118,BASE_TURRET,BUILDING_KILL
0.0,INHIBITOR_BUILDING,1522713,7587467204,2.0,TOP_LANE,11275.0,13663.0,200.0,1507489,,BUILDING_KILL
0.0,TOWER_BUILDING,900315,7585952432,1.0,TOP_LANE,4318.0,13875.0,200.0,857572,OUTER_TURRET,BUILDING_KILL
0.0,TOWER_BUILDING,1020329,7585952432,4.0,BOT_LANE,13866.0,4505.0,200.0,977522,OUTER_TURRET,BUILDING_KILL
0.0,TOWER_BUILDING,1020329,7585952432,4.0,MID_LANE,8955.0,8510.0,200.0,998308,OUTER_TURRET,BUILDING_KILL
0.0,TOWER_BUILDING,1080341,7585952432,8.0,BOT_LANE,10504.0,1029.0,100.0,1040558,OUTER_TURRET,BUILDING_KILL
0.0,TOWER_BUILDING,1140356,7585952432,6.0,TOP_LANE,981.0,10441.0,100.0,1105474,OUTER_TURRET,BUILDING_KILL
0.0,TOWER_BUILDING,1320407,7585952432,9.0,TOP_LANE,1512.0,6699.0,100.0,1317167,INNER_TURRET,BUILDING_KILL
0.0,TOWER_BUILDING,1380419,7585952432,3.0,BOT_LANE,13327.0,8226.0,200.0,1335716,INNER_TURRET,BUILDING_KILL
0.0,TOWER_BUILDING,1680530,7585952432,3.0,MID_LANE,9767.0,10113.0,200.0,1630466,INNER_TURRET,BUILDING_KILL
0.0,TOWER_BUILDING,1680530,7585952432,3.0,MID_LANE,11134.0,11207.0,200.0,1642497,BASE_TURRET,BUILDING_KILL
0.0,INHIBITOR_BUILDING,1680530,7585952432,3.0,MID_LANE,11593.0,11669.0,200.0,1648981,,BUILDING_KILL
0.0,TOWER_BUILDING,1680530,7585952432,6.0,TOP_LANE,1169.0,4287.0,100.0,1652363,BASE_TURRET,BUILDING_KILL
0.0,INHIBITOR_BUILDING,1680530,7585952432,6.0,TOP_LANE,1172.0,3583.0,100.0,1659077,,BUILDING_KILL
0.0,TOWER_BUILDING,1728267,7585952432,4.0,MID_LANE,13052.0,12612.0,200.0,1707944,NEXUS_TURRET,BUILDING_KILL
0.0,TOWER_BUILDING,1728267,7585952432,4.0,MID_LANE,12611.0,13084.0,200.0,1715583,NEXUS_TURRET,BUILDING_KILL
0.0,TOWER_BUILDING,720298,7586096981,1.0,TOP_LANE,4318.0,13875.0,200.0,692052,OUTER_TURRET,BUILDING_KILL
0.0,TOWER_BUILDING,780298,7586096981,4.0,BOT_LANE,13866.0,4505.0,200.0,722553,OUTER_TURRET,BUILDING_KILL
0.0,TOWER_BUILDING,840301,7586096981,4.0,MID_LANE,8955.0,8510.0,200.0,830335,OUTER_TURRET,BUILDING_KILL
0.0,TOWER_BUILDING,1020383,7586096981,3.0,BOT_LANE,13327.0,8226.0,200.0,971343,INNER_TURRET,BUILDING_KILL
0.0,TOWER_BUILDING,1140435,7586096981,0.0,BOT_LANE,10504.0,1029.0,100.0,1130109,OUTER_TURRET,BUILDING_KILL
0.0,TOWER_BUILDING,1140435,7586096981,4.0,MID_LANE,9767.0,10113.0,200.0,1134384,INNER_TURRET,BUILDING_KILL
0.0,TOWER_BUILDING,1320481,7586096981,1.0,TOP_LANE,7943.0,13411.0,200.0,1282277,INNER_TURRET,BUILDING_KILL
0.0,TOWER_BUILDING,1440514,7586096981,4.0,MID_LANE,11134.0,11207.0,200.0,1421889,BASE_TURRET,BUILDING_KILL
0.0,INHIBITOR_BUILDING,1440514,7586096981,2.0,MID_LANE,11593.0,11669.0,200.0,1426868,,BUILDING_KILL
0.0,TOWER_BUILDING,1440514,7586096981,4.0,BOT_LANE,13624.0,10572.0,200.0,1433214,BASE_TURRET,BUILDING_KILL
0.0,INHIBITOR_BUILDING,1599714,7586096981,1.0,BOT_LANE,13594.0,11319.0,200.0,1564028,,BUILDING_KILL
0.0,TOWER_BUILDING,1599714,7586096981,4.0,TOP_LANE,10481.0,13650.0,200.0,1569440,BASE_TURRET,BUILDING_KILL
0.0,INHIBITOR_BUILDING,1599714,7586096981,5.0,TOP_LANE,11275.0,13663.0,200.0,1587184,,BUILDING_KILL
0.0,TOWER_BUILDING,1599714,7586096981,2.0,MID_LANE,12611.0,13084.0,200.0,1592790,NEXUS_TURRET,BUILDING_KILL
0.0,TOWER_BUILDING,1599714,7586096981,1.0,MID_LANE,13052.0,12612.0,200.0,1593792,NEXUS_TURRET,BUILDING_KILL
0.0,TOWER_BUILDING,900427,7586614285,6.0,TOP_LANE,981.0,10441.0,100.0,863978,OUTER_TURRET,BUILDING_KILL
0.0,TOWER_BUILDING,900427,7586614285,7.0,BOT_LANE,10504.0,1029.0,100.0,887461,OUTER_TURRET,BUILDING_KILL
0.0,TOWER_BUILDING,960453,7586614285,9.0,MID_LANE,5846.0,6396.0,100.0,939724,OUTER_TURRET,BUILDING_KILL
0.0,TOWER_BUILDING,780246,7586741082,4.0,BOT_LANE,13866.0,4505.0,200.0,751115,OUTER_TURRET,BUILDING_KILL
0.0,TOWER_BUILDING,900267,7586741082,5.0,TOP_LANE,4318.0,13875.0,200.0,848152,OUTER_TURRET,BUILDING_KILL
0.0,TOWER_BUILDING,900267,7586741082,1.0,TOP_LANE,7943.0,13411.0,200.0,876521,INNER_TURRET,BUILDING_KILL
0.0,TOWER_BUILDING,960286,7586741082,9.0,MID_LANE,5846.0,6396.0,100.0,916291,OUTER_TURRET,BUILDING_KILL
0.0,TOWER_BUILDING,1020304,7586741082,3.0,MID_LANE,8955.0,8510.0,200.0,972093,OUTER_TURRET,BUILDING_KILL
0.0,TOWER_BUILDING,1080336,7586741082,4.0,MID_LANE,9767.0,10113.0,200.0,1045363,INNER_TURRET,BUILDING_KILL
0.0,TOWER_BUILDING,900368,7586423542,8.0,MID_LANE,5846.0,6396.0,100.0,893296,OUTER_TURRET,BUILDING_KILL
0.0,TOWER_BUILDING,960378,7586423542,4.0,MID_LANE,8955.0,8510.0,200.0,943892,OUTER_TURRET,BUILDING_KILL
0.0,TOWER_BUILDING,1020395,7586423542,6.0,TOP_LANE,981.0,10441.0,100.0,1008763,OUTER_TURRET,BUILDING_KILL
0.0,TOWER_BUILDING,1080397,7586423542,3.0,MID_LANE,9767.0,10113.0,200.0,1069993,INNER_TURRET,BUILDING_KILL
0.0,TOWER_BUILDING,1140427,7586423542,1.0,TOP_LANE,4318.0,13875.0,200.0,1081833,OUTER_TURRET,BUILDING_KILL
0.0,TOWER_BUILDING,1200439,7586423542,3.0,TOP_LANE,7943.0,13411.0,200.0,1183889,INNER_TURRET,BUILDING_KILL
0.0,TOWER_BUILDING,1260445,7586423542,7.0,BOT_LANE,10504.0,1029.0,100.0,1201326,OUTER_TURRET,BUILDING_KILL
0.0,TOWER_BUILDING,1320474,7586423542,1.0,BOT_LANE,13866.0,4505.0,200.0,1264655,OUTER_TURRET,BUILDING_KILL
0.0,TOWER_BUILDING,1380491,7586423542,6.0,MID_LANE,5048.0,4812.0,100.0,1326938,INNER_TURRET,BUILDING_KILL
0.0,TOWER_BUILDING,1380491,7586423542,3.0,TOP_LANE,10481.0,13650.0,200.0,1361684,BASE_TURRET,BUILDING_KILL
0.0,TOWER_BUILDING,1500509,7586423542,1.0,MID_LANE,11134.0,11207.0,200.0,1468560,BASE_TURRET,BUILDING_KILL
0.0,INHIBITOR_BUILDING,1500509,7586423542,5.0,MID_LANE,11593.0,11669.0,200.0,1477641,,BUILDING_KILL
0.0,TOWER_BUILDING,1500509,7586423542,4.0,BOT_LANE,13327.0,8226.0,200.0,1485492,INNER_TURRET,BUILDING_KILL
0.0,TOWER_BUILDING,1680526,7586423542,3.0,BOT_LANE,13624.0,10572.0,200.0,1665765,BASE_TURRET,BUILDING_KILL
0.0,TOWER_BUILDING,1680526,7586423542,6.0,TOP_LANE,1512.0,6699.0,100.0,1673180,INNER_TURRET,BUILDING_KILL
0.0,TOWER_BUILDING,1680526,7586423542,9.0,MID_LANE,3651.0,3696.0,100.0,1673581,BASE_TURRET,BUILDING_KILL
0.0,INHIBITOR_BUILDING,1680526,7586423542,10.0,MID_LANE,3210.0,3217.0,100.0,1678021,,BUILDING_KILL
0.0,TOWER_BUILDING,1727185,7586423542,6.0,MID_LANE,2177.0,1807.0,100.0,1707861,NEXUS_TURRET,BUILDING_KILL
0.0,TOWER_BUILDING,1727185,7586423542,9.0,MID_LANE,1748.0,2270.0,100.0,1710326,NEXUS_TURRET,BUILDING_KILL
0.0,TOWER_BUILDING,1727185,7586423542,0.0,TOP_LANE,1169.0,4287.0,100.0,1721440,BASE_TURRET,BUILDING_KILL
0.0,TOWER_BUILDING,780349,7587371217,1.0,TOP_LANE,4318.0,13875.0,200.0,735963,OUTER_TURRET,BUILDING_KILL
0.0,TOWER_BUILDING,840353,7587371217,4.0,BOT_LANE,13866.0,4505.0,200.0,782353,OUTER_TURRET,BUILDING_KILL
0.0,TOWER_BUILDING,900363,7587371217,4.0,MID_LANE,8955.0,8510.0,200.0,847085,OUTER_TURRET,BUILDING_KILL
0.0,TOWER_BUILDING,900363,7587371217,5.0,MID_LANE,9767.0,10113.0,200.0,885816,INNER_TURRET,BUILDING_KILL
0.0,TOWER_BUILDING,925678,7587371217,2.0,TOP_LANE,7943.0,13411.0,200.0,907980,INNER_TURRET,BUILDING_KILL
0.0,TOWER_BUILDING,840295,7587653306,1.0,TOP_LANE,4318.0,13875.0,200.0,834359,OUTER_TURRET,BUILDING_KILL
0.0,TOWER_BUILDING,960330,7587653306,4.0,MID_LANE,8955.0,8510.0,200.0,908808,OUTER_TURRET,BUILDING_KILL
0.0,TOWER_BUILDING,1020350,7587653306,6.0,BOT_LANE,10504.0,1029.0,100.0,986954,OUTER_TURRET,BUILDING_KILL
0.0,TOWER_BUILDING,1140374,7587653306,4.0,MID_LANE,9767.0,10113.0,200.0,1122130,INNER_TURRET,BUILDING_KILL
0.0,TOWER_BUILDING,1260399,7587653306,3.0,BOT_LANE,13866.0,4505.0,200.0,1220684,OUTER_TURRET,BUILDING_KILL
0.0,TOWER_BUILDING,1260399,7587653306,2.0,TOP_LANE,7943.0,13411.0,200.0,1250420,INNER_TURRET,BUILDING_KILL
0.0,TOWER_BUILDING,720288,7586861736,9.0,BOT_LANE,10504.0,1029.0,100.0,707729,OUTER_TURRET,BUILDING_KILL
0.0,TOWER_BUILDING,900322,7586861736,1.0,BOT_LANE,13866.0,4505.0,200.0,855747,OUTER_TURRET,BUILDING_KILL
0.0,TOWER_BUILDING,900322,7586861736,3.0,MID_LANE,8955.0,8510.0,200.0,869938,OUTER_TURRET,BUILDING_KILL
0.0,TOWER_BUILDING,1020372,7586861736,3.0,TOP_LANE,4318.0,13875.0,200.0,985258,OUTER_TURRET,BUILDING_KILL
0.0,TOWER_BUILDING,1080373,7586861736,7.0,MID_LANE,5846.0,6396.0,100.0,1052683,OUTER_TURRET,BUILDING_KILL
0.0,TOWER_BUILDING,1140377,7586861736,5.0,MID_LANE,9767.0,10113.0,200.0,1098187,INNER_TURRET,BUILDING_KILL
0.0,TOWER_BUILDING,1320402,7586861736,3.0,BOT_LANE,13327.0,8226.0,200.0,1272995,INNER_TURRET,BUILDING_KILL
0.0,TOWER_BUILDING,1320402,7586861736,6.0,TOP_LANE,981.0,10441.0,100.0,1273162,OUTER_TURRET,BUILDING_KILL
0.0,TOWER_BUILDING,1680529,7586861736,3.0,TOP_LANE,7943.0,13411.0,200.0,1680061,INNER_TURRET,BUILDING_KILL
0.0,TOWER_BUILDING,1740536,7586861736,3.0,MID_LANE,11134.0,11207.0,200.0,1702326,BASE_TURRET,BUILDING_KILL
0.0,INHIBITOR_BUILDING,1740536,7586861736,2.0,MID_LANE,11593.0,11669.0,200.0,1708350,,BUILDING_KILL
0.0,TOWER_BUILDING,1740536,7586861736,2.0,TOP_LANE,10481.0,13650.0,200.0,1724398,BASE_TURRET,BUILDING_KILL
0.0,INHIBITOR_BUILDING,1740536,7586861736,3.0,TOP_LANE,11275.0,13663.0,200.0,1729476,,BUILDING_KILL
0.0,TOWER_BUILDING,1835484,7586861736,3.0,BOT_LANE,13624.0,10572.0,200.0,1806103,BASE_TURRET,BUILDING_KILL
0.0,INHIBITOR_BUILDING,1835484,7586861736,3.0,BOT_LANE,13594.0,11319.0,200.0,1809276,,BUILDING_KILL
0.0,TOWER_BUILDING,1835484,7586861736,3.0,MID_LANE,13052.0,12612.0,200.0,1816318,NEXUS_TURRET,BUILDING_KILL
0.0,TOWER_BUILDING,1835484,7586861736,4.0,MID_LANE,12611.0,13084.0,200.0,1823280,NEXUS_TURRET,BUILDING_KILL
0.0,TOWER_BUILDING,900357,7586012322,4.0,BOT_LANE,13866.0,4505.0,200.0,841377,OUTER_TURRET,BUILDING_KILL
0.0,TOWER_BUILDING,900357,7586012322,1.0,TOP_LANE,4318.0,13875.0,200.0,869236,OUTER_TURRET,BUILDING_KILL
0.0,TOWER_BUILDING,1080394,7586012322,4.0,MID_LANE,8955.0,8510.0,200.0,1059168,OUTER_TURRET,BUILDING_KILL
0.0,TOWER_BUILDING,1140407,7586012322,4.0,MID_LANE,9767.0,10113.0,200.0,1131681,INNER_TURRET,BUILDING_KILL
0.0,TOWER_BUILDING,1200438,7586012322,4.0,MID_LANE,11134.0,11207.0,200.0,1142111,BASE_TURRET,BUILDING_KILL
0.0,INHIBITOR_BUILDING,1200438,7586012322,4.0,MID_LANE,11593.0,11669.0,200.0,1165455,,BUILDING_KILL
0.0,TOWER_BUILDING,1200438,7586012322,1.0,BOT_LANE,13327.0,8226.0,200.0,1170999,INNER_TURRET,BUILDING_KILL
0.0,TOWER_BUILDING,1320479,7586012322,4.0,TOP_LANE,7943.0,13411.0,200.0,1295672,INNER_TURRET,BUILDING_KILL
0.0,TOWER_BUILDING,1320479,7586012322,2.0,TOP_LANE,10481.0,13650.0,200.0,1310124,BASE_TURRET,BUILDING_KILL
0.0,INHIBITOR_BUILDING,1320479,7586012322,4.0,TOP_LANE,11275.0,13663.0,200.0,1317038,,BUILDING_KILL
0.0,TOWER_BUILDING,1380508,7586012322,4.0,MID_LANE,13052.0,12612.0,200.0,1333894,NEXUS_TURRET,BUILDING_KILL
0.0,TOWER_BUILDING,1440516,7586012322,2.0,BOT_LANE,13624.0,10572.0,200.0,1436975,BASE_TURRET,BUILDING_KILL
0.0,INHIBITOR_BUILDING,1475419,7586012322,4.0,BOT_LANE,13594.0,11319.0,200.0,1452744,,BUILDING_KILL
0.0,TOWER_BUILDING,1475419,7586012322,1.0,MID_LANE,12611.0,13084.0,200.0,1464252,NEXUS_TURRET,BUILDING_KILL
0.0,TOWER_BUILDING,840354,7586025793,10.0,BOT_LANE,10504.0,1029.0,100.0,804868,OUTER_TURRET,BUILDING_KILL
0.0,TOWER_BUILDING,960378,7586025793,6.0,TOP_LANE,981.0,10441.0,100.0,948629,OUTER_TURRET,BUILDING_KILL
0.0,TOWER_BUILDING,1020401,7586025793,7.0,MID_LANE,5846.0,6396.0,100.0,967062,OUTER_TURRET,BUILDING_KILL
0.0,TOWER_BUILDING,1080410,7586025793,4.0,TOP_LANE,4318.0,13875.0,200.0,1070177,OUTER_TURRET,BUILDING_KILL
0.0,TOWER_BUILDING,900279,7586655809,10.0,BOT_LANE,10504.0,1029.0,100.0,842200,OUTER_TURRET,BUILDING_KILL
0.0,TOWER_BUILDING,900279,7586655809,9.0,TOP_LANE,981.0,10441.0,100.0,871629,OUTER_TURRET,BUILDING_KILL
0.0,TOWER_BUILDING,900279,7586655809,6.0,MID_LANE,5846.0,6396.0,100.0,887552,OUTER_TURRET,BUILDING_KILL
0.0,TOWER_BUILDING,1140345,7586655809,7.0,MID_LANE,5048.0,4812.0,100.0,1138050,INNER_TURRET,BUILDING_KILL
200.0,TOWER_BUILDING,1440421,7586655809,4.0,MID_LANE,8955.0,8510.0,200.0,1408554,OUTER_TURRET,BUILDING_KILL
0.0,TOWER_BUILDING,1500443,7586655809,1.0,TOP_LANE,4318.0,13875.0,200.0,1495936,OUTER_TURRET,BUILDING_KILL
0.0,TOWER_BUILDING,1588418,7586655809,9.0,BOT_LANE,6919.0,1483.0,100.0,1583610,INNER_TURRET,BUILDING_KILL
0.0,TOWER_BUILDING,960364,7587037002,6.0,TOP_LANE,981.0,10441.0,100.0,928567,OUTER_TURRET,BUILDING_KILL
0.0,TOWER_BUILDING,1080414,7587037002,9.0,MID_LANE,5846.0,6396.0,100.0,1068508,OUTER_TURRET,BUILDING_KILL
0.0,TOWER_BUILDING,1080414,7587037002,1.0,BOT_LANE,13866.0,4505.0,200.0,1069543,OUTER_TURRET,BUILDING_KILL
0.0,TOWER_BUILDING,1200459,7587037002,6.0,TOP_LANE,1512.0,6699.0,100.0,1168882,INNER_TURRET,BUILDING_KILL
0.0,TOWER_BUILDING,1380489,7587037002,8.0,BOT_LANE,10504.0,1029.0,100.0,1375047,OUTER_TURRET,BUILDING_KILL
0.0,TOWER_BUILDING,1440490,7587037002,7.0,MID_LANE,5048.0,4812.0,100.0,1414160,INNER_TURRET,BUILDING_KILL
0.0,TOWER_BUILDING,1440490,7587037002,9.0,MID_LANE,3651.0,3696.0,100.0,1421775,BASE_TURRET,BUILDING_KILL
0.0,INHIBITOR_BUILDING,1440490,7587037002,6.0,MID_LANE,3210.0,3217.0,100.0,1428285,,BUILDING_KILL
0.0,TOWER_BUILDING,1491817,7587037002,6.0,MID_LANE,2177.0,1807.0,100.0,1472734,NEXUS_TURRET,BUILDING_KILL
0.0,TOWER_BUILDING,1491817,7587037002,6.0,MID_LANE,1748.0,2270.0,100.0,1479440,NEXUS_TURRET,BUILDING_KILL
0.0,TOWER_BUILDING,960382,7587632768,9.0,BOT_LANE,10504.0,1029.0,100.0,920363,OUTER_TURRET,BUILDING_KILL
0.0,TOWER_BUILDING,960382,7587632768,6.0,TOP_LANE,981.0,10441.0,100.0,925640,OUTER_TURRET,BUILDING_KILL
0.0,TOWER_BUILDING,1080428,7587632768,8.0,BOT_LANE,6919.0,1483.0,100.0,1021465,INNER_TURRET,BUILDING_KILL
0.0,TOWER_BUILDING,1140433,7587632768,8.0,MID_LANE,5846.0,6396.0,100.0,1092762,OUTER_TURRET,BUILDING_KILL
400.0,TOWER_BUILDING,1200460,7587632768,1.0,BOT_LANE,13866.0,4505.0,200.0,1165664,OUTER_TURRET,BUILDING_KILL
0.0,TOWER_BUILDING,1200460,7587632768,7.0,TOP_LANE,1512.0,6699.0,100.0,1168603,INNER_TURRET,BUILDING_KILL
0.0,TOWER_BUILDING,1200460,7587632768,9.0,MID_LANE,5048.0,4812.0,100.0,1184555,INNER_TURRET,BUILDING_KILL
0.0,TOWER_BUILDING,1380524,7587632768,7.0,MID_LANE,3651.0,3696.0,100.0,1331300,BASE_TURRET,BUILDING_KILL
0.0,INHIBITOR_BUILDING,1380524,7587632768,7.0,MID_LANE,3210.0,3217.0,100.0,1337021,,BUILDING_KILL
0.0,TOWER_BUILDING,1380524,7587632768,7.0,TOP_LANE,1169.0,4287.0,100.0,1349355,BASE_TURRET,BUILDING_KILL
0.0,INHIBITOR_BUILDING,1380524,7587632768,7.0,TOP_LANE,1172.0,3583.0,100.0,1353692,,BUILDING_KILL
0.0,TOWER_BUILDING,1380524,7587632768,7.0,MID_LANE,1748.0,2270.0,100.0,1372244,NEXUS_TURRET,BUILDING_KILL
0.0,TOWER_BUILDING,1380524,7587632768,6.0,MID_LANE,2177.0,1807.0,100.0,1380424,NEXUS_TURRET,BUILDING_KILL
0.0,TOWER_BUILDING,720235,7586085892,1.0,TOP_LANE,4318.0,13875.0,200.0,684786,OUTER_TURRET,BUILDING_KILL
0.0,TOWER_BUILDING,780267,7586085892,1.0,TOP_LANE,7943.0,13411.0,200.0,772388,INNER_TURRET,BUILDING_KILL
0.0,TOWER_BUILDING,900269,7586085892,4.0,BOT_LANE,13866.0,4505.0,200.0,842371,OUTER_TURRET,BUILDING_KILL
200.0,TOWER_BUILDING,900269,7586085892,8.0,TOP_LANE,981.0,10441.0,100.0,895000,OUTER_TURRET,BUILDING_KILL
0.0,TOWER_BUILDING,960301,7586085892,4.0,MID_LANE,8955.0,8510.0,200.0,917209,OUTER_TURRET,BUILDING_KILL
0.0,TOWER_BUILDING,1020306,7586085892,4.0,BOT_LANE,13327.0,8226.0,200.0,967526,INNER_TURRET,BUILDING_KILL
0.0,TOWER_BUILDING,1200345,7586085892,1.0,MID_LANE,9767.0,10113.0,200.0,1159289,INNER_TURRET,BUILDING_KILL
0.0,TOWER_BUILDING,1200345,7586085892,4.0,MID_LANE,11134.0,11207.0,200.0,1175302,BASE_TURRET,BUILDING_KILL
0.0,TOWER_BUILDING,1260377,7586085892,1.0,BOT_LANE,13624.0,10572.0,200.0,1200679,BASE_TURRET,BUILDING_KILL
0.0,TOWER_BUILDING,1380395,7586085892,4.0,TOP_LANE,10481.0,13650.0,200.0,1350176,BASE_TURRET,BUILDING_KILL
0.0,INHIBITOR_BUILDING,1380395,7586085892,4.0,TOP_LANE,11275.0,13663.0,200.0,1358472,,BUILDING_KILL
0.0,INHIBITOR_BUILDING,1380395,7586085892,1.0,MID_LANE,11593.0,11669.0,200.0,1360175,,BUILDING_KILL
0.0,TOWER_BUILDING,1380395,7586085892,1.0,MID_LANE,13052.0,12612.0,200.0,1370562,NEXUS_TURRET,BUILDING_KILL
0.0,TOWER_BUILDING,1380395,7586085892,1.0,MID_LANE,12611.0,13084.0,200.0,1374403,NEXUS_TURRET,BUILDING_KILL
0.0,TOWER_BUILDING,900332,7585984302,1.0,TOP_LANE,4318.0,13875.0,200.0,880652,OUTER_TURRET,BUILDING_KILL
0.0,TOWER_BUILDING,960348,7585984302,4.0,BOT_LANE,13866.0,4505.0,200.0,930048,OUTER_TURRET,BUILDING_KILL
0.0,TOWER_BUILDING,960348,7585984302,3.0,MID_LANE,8955.0,8510.0,200.0,947122,OUTER_TURRET,BUILDING_KILL
0.0,TOWER_BUILDING,1080382,7585984302,2.0,TOP_LANE,7943.0,13411.0,200.0,1038442,INNER_TURRET,BUILDING_KILL
0.0,TOWER_BUILDING,1080382,7585984302,7.0,BOT_LANE,10504.0,1029.0,100.0,1043452,OUTER_TURRET,BUILDING_KILL
0.0,TOWER_BUILDING,1080382,7585984302,5.0,TOP_LANE,10481.0,13650.0,200.0,1050241,BASE_TURRET,BUILDING_KILL
0.0,TOWER_BUILDING,1080382,7585984302,7.0,BOT_LANE,6919.0,1483.0,100.0,1073729,INNER_TURRET,BUILDING_KILL
0.0,TOWER_BUILDING,1140383,7585984302,1.0,BOT_LANE,13327.0,8226.0,200.0,1137171,INNER_TURRET,BUILDING_KILL
0.0,TOWER_BUILDING,1210784,7585984302,4.0,MID_LANE,9767.0,10113.0,200.0,1202615,INNER_TURRET,BUILDING_KILL
0.0,TOWER_BUILDING,780332,7585722596,8.0,MID_LANE,5846.0,6396.0,100.0,768030,OUTER_TURRET,BUILDING_KILL
0.0,TOWER_BUILDING,840323,7587416641,9.0,BOT_LANE,10504.0,1029.0,100.0,840022,OUTER_TURRET,BUILDING_KILL
0.0,TOWER_BUILDING,900349,7587416641,9.0,MID_LANE,5846.0,6396.0,100.0,887810,OUTER_TURRET,BUILDING_KILL
0.0,TOWER_BUILDING,960362,7587416641,1.0,TOP_LANE,4318.0,13875.0,200.0,936525,OUTER_TURRET,BUILDING_KILL
0.0,TOWER_BUILDING,960362,7587416641,3.0,BOT_LANE,13866.0,4505.0,200.0,954685,OUTER_TURRET,BUILDING_KILL
0.0,TOWER_BUILDING,1020371,7587416641,8.0,TOP_LANE,981.0,10441.0,100.0,987305,OUTER_TURRET,BUILDING_KILL
0.0,TOWER_BUILDING,1200443,7587416641,2.0,MID_LANE,8955.0,8510.0,200.0,1150306,OUTER_TURRET,BUILDING_KILL
0.0,TOWER_BUILDING,1320471,7587416641,2.0,MID_LANE,9767.0,10113.0,200.0,1295961,INNER_TURRET,BUILDING_KILL
0.0,TOWER_BUILDING,1500550,7587416641,1.0,TOP_LANE,7943.0,13411.0,200.0,1461158,INNER_TURRET,BUILDING_KILL
0.0,TOWER_BUILDING,1560573,7587416641,3.0,BOT_LANE,13327.0,8226.0,200.0,1554125,INNER_TURRET,BUILDING_KILL
0.0,TOWER_BUILDING,1680609,7587416641,5.0,MID_LANE,11134.0,11207.0,200.0,1647134,BASE_TURRET,BUILDING_KILL
0.0,INHIBITOR_BUILDING,1680609,7587416641,4.0,MID_LANE,11593.0,11669.0,200.0,1649506,,BUILDING_KILL
0.0,TOWER_BUILDING,1680609,7587416641,4.0,MID_LANE,13052.0,12612.0,200.0,1660809,NEXUS_TURRET,BUILDING_KILL
0.0,TOWER_BUILDING,1680609,7587416641,2.0,MID_LANE,12611.0,13084.0,200.0,1674230,NEXUS_TURRET,BUILDING_KILL
0.0,TOWER_BUILDING,660285,7586347168,10.0,BOT_LANE,10504.0,1029.0,100.0,648161,OUTER_TURRET,BUILDING_KILL
0.0,TOWER_BUILDING,780317,7586347168,6.0,TOP_LANE,981.0,10441.0,100.0,743918,OUTER_TURRET,BUILDING_KILL
0.0,TOWER_BUILDING,900369,7586347168,7.0,MID_LANE,5846.0,6396.0,100.0,861775,OUTER_TURRET,BUILDING_KILL
0.0,TOWER_BUILDING,900369,7586347168,6.0,BOT_LANE,6919.0,1483.0,100.0,887212,INNER_TURRET,BUILDING_KILL
0.0,TOWER_BUILDING,780331,7586044927,7.0,TOP_LANE,981.0,10441.0,100.0,741659,OUTER_TURRET,BUILDING_KILL
0.0,TOWER_BUILDING,960393,7586044927,6.0,BOT_LANE,10504.0,1029.0,100.0,923011,OUTER_TURRET,BUILDING_KILL
0.0,TOWER_BUILDING,720252,7586735161,9.0,BOT_LANE,10504.0,1029.0,100.0,682805,OUTER_TURRET,BUILDING_KILL
0.0,TOWER_BUILDING,900290,7586735161,10.0,MID_LANE,5846.0,6396.0,100.0,847918,OUTER_TURRET,BUILDING_KILL
0.0,TOWER_BUILDING,1020330,7586735161,7.0,MID_LANE,5048.0,4812.0,100.0,1008030,INNER_TURRET,BUILDING_KILL
0.0,TOWER_BUILDING,1020330,7586735161,3.0,TOP_LANE,4318.0,13875.0,200.0,1008564,OUTER_TURRET,BUILDING_KILL
0.0,TOWER_BUILDING,1440433,7586735161,9.0,TOP_LANE,981.0,10441.0,100.0,1387333,OUTER_TURRET,BUILDING_KILL
0.0,TOWER_BUILDING,1440433,7586735161,10.0,TOP_LANE,1512.0,6699.0,100.0,1437895,INNER_TURRET,BUILDING_KILL
250.0,TOWER_BUILDING,1560470,7586735161,1.0,MID_LANE,8955.0,8510.0,200.0,1544134,OUTER_TURRET,BUILDING_KILL
0.0,TOWER_BUILDING,900355,7586123559,3.0,TOP_LANE,4318.0,13875.0,200.0,846318,OUTER_TURRET,BUILDING_KILL
0.0,TOWER_BUILDING,900355,7586123559,6.0,TOP_LANE,981.0,10441.0,100.0,896877,OUTER_TURRET,BUILDING_KILL
0.0,TOWER_BUILDING,960360,7586123559,4.0,MID_LANE,8955.0,8510.0,200.0,907236,OUTER_TURRET,BUILDING_KILL
0.0,TOWER_BUILDING,960360,7586123559,3.0,BOT_LANE,13866.0,4505.0,200.0,928173,OUTER_TURRET,BUILDING_KILL
0.0,TOWER_BUILDING,1200420,7586123559,4.0,MID_LANE,9767.0,10113.0,200.0,1148924,INNER_TURRET,BUILDING_KILL
0.0,TOWER_BUILDING,1200420,7586123559,2.0,BOT_LANE,13327.0,8226.0,200.0,1172560,INNER_TURRET,BUILDING_KILL
0.0,TOWER_BUILDING,1380468,7586123559,1.0,TOP_LANE,7943.0,13411.0,200.0,1331580,INNER_TURRET,BUILDING_KILL
0.0,TOWER_BUILDING,1380468,7586123559,3.0,MID_LANE,11134.0,11207.0,200.0,1339607,BASE_TURRET,BUILDING_KILL
0.0,INHIBITOR_BUILDING,1380468,7586123559,4.0,MID_LANE,11593.0,11669.0,200.0,1347732,,BUILDING_KILL
0.0,TOWER_BUILDING,1380468,7586123559,4.0,TOP_LANE,10481.0,13650.0,200.0,1356286,BASE_TURRET,BUILDING_KILL
0.0,TOWER_BUILDING,1413033,7586123559,1.0,BOT_LANE,13624.0,10572.0,200.0,1399415,BASE_TURRET,BUILDING_KILL
0.0,TOWER_BUILDING,1413033,7586123559,2.0,MID_LANE,13052.0,12612.0,200.0,1400518,NEXUS_TURRET,BUILDING_KILL
0.0,INHIBITOR_BUILDING,1413033,7586123559,2.0,TOP_LANE,11275.0,13663.0,200.0,1402678,,BUILDING_KILL
0.0,TOWER_BUILDING,1413033,7586123559,3.0,MID_LANE,12611.0,13084.0,200.0,1403179,NEXUS_TURRET,BUILDING_KILL
0.0,TOWER_BUILDING,780215,7586165035,9.0,BOT_LANE,10504.0,1029.0,100.0,753772,OUTER_TURRET,BUILDING_KILL
0.0,TOWER_BUILDING,900240,7586165035,6.0,TOP_LANE,981.0,10441.0,100.0,847585,OUTER_TURRET,BUILDING_KILL
0.0,TOWER_BUILDING,900240,7586165035,6.0,TOP_LANE,1512.0,6699.0,100.0,881075,INNER_TURRET,BUILDING_KILL
0.0,TOWER_BUILDING,900240,7586165035,10.0,MID_LANE,5846.0,6396.0,100.0,889558,OUTER_TURRET,BUILDING_KILL
0.0,TOWER_BUILDING,840314,7586812708,4.0,BOT_LANE,13866.0,4505.0,200.0,800039,OUTER_TURRET,BUILDING_KILL
0.0,TOWER_BUILDING,1020343,7586812708,8.0,BOT_LANE,10504.0,1029.0,100.0,1006050,OUTER_TURRET,BUILDING_KILL
0.0,TOWER_BUILDING,1140361,7586812708,6.0,TOP_LANE,981.0,10441.0,100.0,1124594,OUTER_TURRET,BUILDING_KILL
0.0,TOWER_BUILDING,1320425,7586812708,1.0,MID_LANE,8955.0,8510.0,200.0,1268495,OUTER_TURRET,BUILDING_KILL
0.0,TOWER_BUILDING,1560499,7586812708,6.0,BOT_LANE,6919.0,1483.0,100.0,1511528,INNER_TURRET,BUILDING_KILL
0.0,TOWER_BUILDING,1620524,7586812708,6.0,MID_LANE,5846.0,6396.0,100.0,1590212,OUTER_TURRET,BUILDING_KILL
0.0,TOWER_BUILDING,1620524,7586812708,7.0,MID_LANE,5048.0,4812.0,100.0,1602187,INNER_TURRET,BUILDING_KILL
0.0,TOWER_BUILDING,1680545,7586812708,1.0,TOP_LANE,4318.0,13875.0,200.0,1675803,OUTER_TURRET,BUILDING_KILL
0.0,TOWER_BUILDING,1722130,7586812708,7.0,MID_LANE,3651.0,3696.0,100.0,1698407,BASE_TURRET,BUILDING_KILL
0.0,INHIBITOR_BUILDING,1722130,7586812708,6.0,MID_LANE,3210.0,3217.0,100.0,1700744,,BUILDING_KILL
0.0,TOWER_BUILDING,1722130,7586812708,1.0,TOP_LANE,7943.0,13411.0,200.0,1702014,INNER_TURRET,BUILDING_KILL
0.0,TOWER_BUILDING,1722130,7586812708,7.0,MID_LANE,1748.0,2270.0,100.0,1707927,NEXUS_TURRET,BUILDING_KILL
0.0,TOWER_BUILDING,1722130,7586812708,9.0,MID_LANE,2177.0,1807.0,100.0,1710440,NEXUS_TURRET,BUILDING_KILL
0.0,TOWER_BUILDING,600189,7585908443,9.0,BOT_LANE,10504.0,1029.0,100.0,572392,OUTER_TURRET,BUILDING_KILL
0.0,TOWER_BUILDING,720223,7585908443,1.0,MID_LANE,8955.0,8510.0,200.0,697364,OUTER_TURRET,BUILDING_KILL
0.0,TOWER_BUILDING,960309,7585908443,9.0,MID_LANE,5846.0,6396.0,100.0,926005,OUTER_TURRET,BUILDING_KILL
0.0,TOWER_BUILDING,960309,7585908443,6.0,TOP_LANE,981.0,10441.0,100.0,947822,OUTER_TURRET,BUILDING_KILL
0.0,TOWER_BUILDING,1080335,7585908443,4.0,MID_LANE,9767.0,10113.0,200.0,1034458,INNER_TURRET,BUILDING_KILL
0.0,TOWER_BUILDING,1080335,7585908443,1.0,BOT_LANE,13866.0,4505.0,200.0,1038800,OUTER_TURRET,BUILDING_KILL
0.0,TOWER_BUILDING,1140357,7585908443,2.0,TOP_LANE,4318.0,13875.0,200.0,1122704,OUTER_TURRET,BUILDING_KILL
0.0,TOWER_BUILDING,1200388,7585908443,9.0,MID_LANE,5048.0,4812.0,100.0,1168798,INNER_TURRET,BUILDING_KILL
0.0,TOWER_BUILDING,1380459,7585908443,10.0,MID_LANE,3651.0,3696.0,100.0,1378017,BASE_TURRET,BUILDING_KILL
0.0,INHIBITOR_BUILDING,1408636,7585908443,7.0,MID_LANE,3210.0,3217.0,100.0,1382236,,BUILDING_KILL
0.0,TOWER_BUILDING,1408636,7585908443,9.0,MID_LANE,2177.0,1807.0,100.0,1399328,NEXUS_TURRET,BUILDING_KILL
0.0,TOWER_BUILDING,1408636,7585908443,6.0,MID_LANE,1748.0,2270.0,100.0,1399829,NEXUS_TURRET,BUILDING_KILL
0.0,TOWER_BUILDING,900361,7586231757,1.0,TOP_LANE,4318.0,13875.0,200.0,858562,OUTER_TURRET,BUILDING_KILL
0.0,TOWER_BUILDING,900361,7586231757,9.0,BOT_LANE,10504.0,1029.0,100.0,863696,OUTER_TURRET,BUILDING_KILL
0.0,TOWER_BUILDING,1200415,7586231757,4.0,MID_LANE,8955.0,8510.0,200.0,1159036,OUTER_TURRET,BUILDING_KILL
0.0,TOWER_BUILDING,1200415,7586231757,4.0,MID_LANE,9767.0,10113.0,200.0,1183253,INNER_TURRET,BUILDING_KILL
0.0,TOWER_BUILDING,1440468,7586231757,1.0,BOT_LANE,13866.0,4505.0,200.0,1439333,OUTER_TURRET,BUILDING_KILL
0.0,TOWER_BUILDING,1740552,7586231757,5.0,TOP_LANE,7943.0,13411.0,200.0,1704975,INNER_TURRET,BUILDING_KILL
0.0,TOWER_BUILDING,1797421,7586231757,1.0,MID_LANE,11134.0,11207.0,200.0,1776507,BASE_TURRET,BUILDING_KILL
0.0,INHIBITOR_BUILDING,1797421,7586231757,4.0,MID_LANE,11593.0,11669.0,200.0,1780393,,BUILDING_KILL
0.0,TOWER_BUILDING,1797421,7586231757,1.0,MID_LANE,13052.0,12612.0,200.0,1786906,NEXUS_TURRET,BUILDING_KILL
0.0,TOWER_BUILDING,1797421,7586231757,1.0,MID_LANE,12611.0,13084.0,200.0,1789846,NEXUS_TURRET,BUILDING_KILL
0.0,TOWER_BUILDING,900358,7587600804,6.0,TOP_LANE,981.0,10441.0,100.0,848656,OUTER_TURRET,BUILDING_KILL
0.0,TOWER_BUILDING,900358,7587600804,8.0,MID_LANE,5846.0,6396.0,100.0,892818,OUTER_TURRET,BUILDING_KILL
250.0,TOWER_BUILDING,1020380,7587600804,1.0,TOP_LANE,4318.0,13875.0,200.0,988482,OUTER_TURRET,BUILDING_KILL
0.0,TOWER_BUILDING,1020380,7587600804,6.0,BOT_LANE,10504.0,1029.0,100.0,1009668,OUTER_TURRET,BUILDING_KILL
400.0,TOWER_BUILDING,1020380,7587600804,1.0,TOP_LANE,7943.0,13411.0,200.0,1013529,INNER_TURRET,BUILDING_KILL
0.0,TOWER_BUILDING,1140429,7587600804,7.0,MID_LANE,5048.0,4812.0,100.0,1115443,INNER_TURRET,BUILDING_KILL
200.0,TOWER_BUILDING,1320457,7587600804,1.0,BOT_LANE,13866.0,4505.0,200.0,1286666,OUTER_TURRET,BUILDING_KILL
0.0,TOWER_BUILDING,1500519,7587600804,9.0,TOP_LANE,1512.0,6699.0,100.0,1464758,INNER_TURRET,BUILDING_KILL
400.0,TOWER_BUILDING,1620554,7587600804,1.0,TOP_LANE,10481.0,13650.0,200.0,1601180,BASE_TURRET,BUILDING_KILL
0.0,TOWER_BUILDING,1620554,7587600804,7.0,MID_LANE,3651.0,3696.0,100.0,1616863,BASE_TURRET,BUILDING_KILL
0.0,INHIBITOR_BUILDING,1680556,7587600804,7.0,MID_LANE,3210.0,3217.0,100.0,1638987,,BUILDING_KILL
0.0,TOWER_BUILDING,1740565,7587600804,10.0,BOT_LANE,6919.0,1483.0,100.0,1710970,INNER_TURRET,BUILDING_KILL
0.0,TOWER_BUILDING,1800596,7587600804,9.0,TOP_LANE,1169.0,4287.0,100.0,1774459,BASE_TURRET,BUILDING_KILL
0.0,INHIBITOR_BUILDING,1800596,7587600804,7.0,TOP_LANE,1172.0,3583.0,100.0,1791762,,BUILDING_KILL
0.0,TOWER_BUILDING,1839561,7587600804,6.0,BOT_LANE,4281.0,1253.0,100.0,1801765,BASE_TURRET,BUILDING_KILL
0.0,INHIBITOR_BUILDING,1839561,7587600804,9.0,BOT_LANE,3468.0,1230.0,100.0,1807309,,BUILDING_KILL
0.0,TOWER_BUILDING,1839561,7587600804,8.0,MID_LANE,1748.0,2270.0,100.0,1824317,NEXUS_TURRET,BUILDING_KILL
0.0,TOWER_BUILDING,1839561,7587600804,9.0,MID_LANE,2177.0,1807.0,100.0,1827089,NEXUS_TURRET,BUILDING_KILL
0.0,TOWER_BUILDING,780238,7586012506,9.0,BOT_LANE,10504.0,1029.0,100.0,774023,OUTER_TURRET,BUILDING_KILL
0.0,TOWER_BUILDING,780238,7586012506,2.0,TOP_LANE,4318.0,13875.0,200.0,777898,OUTER_TURRET,BUILDING_KILL
0.0,TOWER_BUILDING,900289,7586012506,10.0,MID_LANE,5846.0,6396.0,100.0,892954,OUTER_TURRET,BUILDING_KILL
0.0,TOWER_BUILDING,720286,7587606902,9.0,BOT_LANE,10504.0,1029.0,100.0,689859,OUTER_TURRET,BUILDING_KILL
0.0,TOWER_BUILDING,900327,7587606902,9.0,MID_LANE,5846.0,6396.0,100.0,847067,OUTER_TURRET,BUILDING_KILL
0.0,TOWER_BUILDING,960333,7587024506,6.0,TOP_LANE,981.0,10441.0,100.0,938373,OUTER_TURRET,BUILDING_KILL
0.0,TOWER_BUILDING,960333,7587024506,1.0,MID_LANE,8955.0,8510.0,200.0,944118,OUTER_TURRET,BUILDING_KILL
0.0,TOWER_BUILDING,1020357,7587024506,4.0,BOT_LANE,13866.0,4505.0,200.0,1004676,OUTER_TURRET,BUILDING_KILL
0.0,TOWER_BUILDING,1200383,7587024506,8.0,BOT_LANE,10504.0,1029.0,100.0,1196843,OUTER_TURRET,BUILDING_KILL
0.0,TOWER_BUILDING,1440428,7587024506,2.0,MID_LANE,9767.0,10113.0,200.0,1391837,INNER_TURRET,BUILDING_KILL
0.0,TOWER_BUILDING,1440428,7587024506,6.0,TOP_LANE,1512.0,6699.0,100.0,1423299,INNER_TURRET,BUILDING_KILL
0.0,TOWER_BUILDING,1500447,7587024506,8.0,MID_LANE,5846.0,6396.0,100.0,1450376,OUTER_TURRET,BUILDING_KILL
0.0,TOWER_BUILDING,1500447,7587024506,6.0,MID_LANE,5048.0,4812.0,100.0,1486120,INNER_TURRET,BUILDING_KILL
0.0,TOWER_BUILDING,1560452,7587024506,1.0,TOP_LANE,4318.0,13875.0,200.0,1554307,OUTER_TURRET,BUILDING_KILL
0.0,TOWER_BUILDING,1620458,7587024506,6.0,BOT_LANE,6919.0,1483.0,100.0,1590613,INNER_TURRET,BUILDING_KILL
0.0,TOWER_BUILDING,1680467,7587024506,9.0,MID_LANE,3651.0,3696.0,100.0,1627446,BASE_TURRET,BUILDING_KILL
0.0,INHIBITOR_BUILDING,1680467,7587024506,9.0,MID_LANE,3210.0,3217.0,100.0,1635823,,BUILDING_KILL
0.0,TOWER_BUILDING,1680467,7587024506,6.0,BOT_LANE,4281.0,1253.0,100.0,1636524,BASE_TURRET,BUILDING_KILL
0.0,INHIBITOR_BUILDING,1767810,7587024506,10.0,BOT_LANE,3468.0,1230.0,100.0,1750759,,BUILDING_KILL
0.0,TOWER_BUILDING,1767810,7587024506,9.0,MID_LANE,2177.0,1807.0,100.0,1755669,NEXUS_TURRET,BUILDING_KILL
0.0,TOWER_BUILDING,1767810,7587024506,7.0,MID_LANE,1748.0,2270.0,100.0,1759511,NEXUS_TURRET,BUILDING_KILL
0.0,TOWER_BUILDING,900319,7585702849,1.0,TOP_LANE,4318.0,13875.0,200.0,858038,OUTER_TURRET,BUILDING_KILL
0.0,TOWER_BUILDING,960329,7585702849,6.0,BOT_LANE,10504.0,1029.0,100.0,950359,OUTER_TURRET,BUILDING_KILL
0.0,TOWER_BUILDING,1140364,7585702849,2.0,MID_LANE,8955.0,8510.0,200.0,1101727,OUTER_TURRET,BUILDING_KILL
0.0,TOWER_BUILDING,1200397,7585702849,1.0,BOT_LANE,13866.0,4505.0,200.0,1169252,OUTER_TURRET,BUILDING_KILL
0.0,TOWER_BUILDING,1200397,7585702849,10.0,TOP_LANE,981.0,10441.0,100.0,1177658,OUTER_TURRET,BUILDING_KILL
0.0,TOWER_BUILDING,1200397,7585702849,1.0,BOT_LANE,13327.0,8226.0,200.0,1197371,INNER_TURRET,BUILDING_KILL
0.0,TOWER_BUILDING,1380458,7585702849,1.0,TOP_LANE,7943.0,13411.0,200.0,1345321,INNER_TURRET,BUILDING_KILL
0.0,TOWER_BUILDING,1500497,7585702849,9.0,MID_LANE,5846.0,6396.0,100.0,1445513,OUTER_TURRET,BUILDING_KILL
0.0,TOWER_BUILDING,1500497,7585702849,9.0,MID_LANE,5048.0,4812.0,100.0,1460574,INNER_TURRET,BUILDING_KILL
0.0,TOWER_BUILDING,1680549,7585702849,0.0,MID_LANE,9767.0,10113.0,200.0,1658718,INNER_TURRET,BUILDING_KILL
0.0,TOWER_BUILDING,1680549,7585702849,2.0,MID_LANE,11134.0,11207.0,200.0,1672412,BASE_TURRET,BUILDING_KILL
0.0,INHIBITOR_BUILDING,1680549,7585702849,1.0,MID_LANE,11593.0,11669.0,200.0,1674751,,BUILDING_KILL
0.0,TOWER_BUILDING,1701355,7585702849,3.0,MID_LANE,13052.0,12612.0,200.0,1690958,NEXUS_TURRET,BUILDING_KILL
0.0,TOWER_BUILDING,1701355,7585702849,2.0,MID_LANE,12611.0,13084.0,200.0,1694436,NEXUS_TURRET,BUILDING_KILL
0.0,TOWER_BUILDING,840300,7586195890,7.0,BOT_LANE,10504.0,1029.0,100.0,827941,OUTER_TURRET,BUILDING_KILL
0.0,TOWER_BUILDING,840300,7586195890,1.0,TOP_LANE,4318.0,13875.0,200.0,830913,OUTER_TURRET,BUILDING_KILL
0.0,TOWER_BUILDING,840300,7586195890,2.0,MID_LANE,8955.0,8510.0,200.0,838796,OUTER_TURRET,BUILDING_KILL
0.0,TOWER_BUILDING,1080377,7586195890,6.0,TOP_LANE,981.0,10441.0,100.0,1048668,OUTER_TURRET,BUILDING_KILL
0.0,TOWER_BUILDING,1080377,7586195890,2.0,BOT_LANE,13866.0,4505.0,200.0,1064805,OUTER_TURRET,BUILDING_KILL
0.0,TOWER_BUILDING,1200424,7586195890,4.0,MID_LANE,9767.0,10113.0,200.0,1154174,INNER_TURRET,BUILDING_KILL
0.0,TOWER_BUILDING,1200424,7586195890,1.0,BOT_LANE,13327.0,8226.0,200.0,1173764,INNER_TURRET,BUILDING_KILL
0.0,TOWER_BUILDING,1260424,7586195890,2.0,MID_LANE,11134.0,11207.0,200.0,1259492,BASE_TURRET,BUILDING_KILL
0.0,INHIBITOR_BUILDING,1320444,7586195890,2.0,MID_LANE,11593.0,11669.0,200.0,1267939,,BUILDING_KILL
0.0,TOWER_BUILDING,1320444,7586195890,4.0,BOT_LANE,13624.0,10572.0,200.0,1273920,BASE_TURRET,BUILDING_KILL
0.0,TOWER_BUILDING,1380462,7586195890,9.0,MID_LANE,5846.0,6396.0,100.0,1333191,OUTER_TURRET,BUILDING_KILL
0.0,INHIBITOR_BUILDING,1620518,7586195890,3.0,BOT_LANE,13594.0,11319.0,200.0,1597334,,BUILDING_KILL
0.0,TOWER_BUILDING,1620518,7586195890,1.0,MID_LANE,13052.0,12612.0,200.0,1609608,NEXUS_TURRET,BUILDING_KILL
0.0,TOWER_BUILDING,1636472,7586195890,3.0,MID_LANE,12611.0,13084.0,200.0,1622055,NEXUS_TURRET,BUILDING_KILL
0.0,TOWER_BUILDING,900320,7587190993,4.0,BOT_LANE,13866.0,4505.0,200.0,873281,OUTER_TURRET,BUILDING_KILL
0.0,TOWER_BUILDING,960338,7587190993,1.0,TOP_LANE,4318.0,13875.0,200.0,954025,OUTER_TURRET,BUILDING_KILL
0.0,TOWER_BUILDING,1080368,7587190993,4.0,MID_LANE,8955.0,8510.0,200.0,1033983,OUTER_TURRET,BUILDING_KILL
0.0,TOWER_BUILDING,1080368,7587190993,4.0,MID_LANE,9767.0,10113.0,200.0,1071283,INNER_TURRET,BUILDING_KILL
0.0,TOWER_BUILDING,1140400,7587190993,3.0,BOT_LANE,13327.0,8226.0,200.0,1081370,INNER_TURRET,BUILDING_KILL
0.0,TOWER_BUILDING,1140400,7587190993,5.0,MID_LANE,11134.0,11207.0,200.0,1092829,BASE_TURRET,BUILDING_KILL
0.0,INHIBITOR_BUILDING,1140400,7587190993,4.0,MID_LANE,11593.0,11669.0,200.0,1105586,,BUILDING_KILL
0.0,TOWER_BUILDING,1320451,7587190993,1.0,TOP_LANE,7943.0,13411.0,200.0,1260636,INNER_TURRET,BUILDING_KILL
0.0,TOWER_BUILDING,1320451,7587190993,4.0,MID_LANE,13052.0,12612.0,200.0,1308928,NEXUS_TURRET,BUILDING_KILL
0.0,TOWER_BUILDING,720277,7586526172,3.0,BOT_LANE,13866.0,4505.0,200.0,685496,OUTER_TURRET,BUILDING_KILL
0.0,TOWER_BUILDING,840292,7586526172,6.0,TOP_LANE,981.0,10441.0,100.0,806381,OUTER_TURRET,BUILDING_KILL
0.0,TOWER_BUILDING,1020339,7586526172,7.0,BOT_LANE,10504.0,1029.0,100.0,985042,OUTER_TURRET,BUILDING_KILL
0.0,TOWER_BUILDING,1020339,7586526172,3.0,TOP_LANE,4318.0,13875.0,200.0,1003420,OUTER_TURRET,BUILDING_KILL
0.0,TOWER_BUILDING,1079414,7586526172,4.0,MID_LANE,8955.0,8510.0,200.0,1055261,OUTER_TURRET,BUILDING_KILL
0.0,TOWER_BUILDING,1079414,7586526172,3.0,MID_LANE,9767.0,10113.0,200.0,1068135,INNER_TURRET,BUILDING_KILL
0.0,TOWER_BUILDING,900200,7587042712,9.0,BOT_LANE,10504.0,1029.0,100.0,856605,OUTER_TURRET,BUILDING_KILL
0.0,TOWER_BUILDING,900200,7587042712,7.0,BOT_LANE,6919.0,1483.0,100.0,882229,INNER_TURRET,BUILDING_KILL
0.0,TOWER_BUILDING,900295,7586620060,9.0,BOT_LANE,10504.0,1029.0,100.0,889943,OUTER_TURRET,BUILDING_KILL
0.0,TOWER_BUILDING,960301,7586620060,9.0,MID_LANE,5846.0,6396.0,100.0,947805,OUTER_TURRET,BUILDING_KILL
0.0,TOWER_BUILDING,960301,7586620060,8.0,TOP_LANE,981.0,10441.0,100.0,953016,OUTER_TURRET,BUILDING_KILL
0.0,TOWER_BUILDING,1320395,7586620060,6.0,MID_LANE,5048.0,4812.0,100.0,1273918,INNER_TURRET,BUILDING_KILL
0.0,TOWER_BUILDING,1440444,7586620060,1.0,BOT_LANE,13866.0,4505.0,200.0,1391976,OUTER_TURRET,BUILDING_KILL
0.0,TOWER_BUILDING,1440444,7586620060,3.0,TOP_LANE,4318.0,13875.0,200.0,1430644,OUTER_TURRET,BUILDING_KILL
150.0,TOWER_BUILDING,1740506,7586620060,4.0,MID_LANE,8955.0,8510.0,200.0,1695499,OUTER_TURRET,BUILDING_KILL
0.0,TOWER_BUILDING,1980540,7586620060,4.0,MID_LANE,9767.0,10113.0,200.0,1936357,INNER_TURRET,BUILDING_KILL
0.0,TOWER_BUILDING,1980540,7586620060,3.0,TOP_LANE,7943.0,13411.0,200.0,1940700,INNER_TURRET,BUILDING_KILL
0.0,TOWER_BUILDING,2040556,7586620060,4.0,BOT_LANE,13327.0,8226.0,200.0,2014370,INNER_TURRET,BUILDING_KILL
0.0,TOWER_BUILDING,2098359,7586620060,5.0,MID_LANE,11134.0,11207.0,200.0,2080074,BASE_TURRET,BUILDING_KILL
0.0,INHIBITOR_BUILDING,2098359,7586620060,3.0,MID_LANE,11593.0,11669.0,200.0,2082853,,BUILDING_KILL
0.0,TOWER_BUILDING,2098359,7586620060,4.0,MID_LANE,13052.0,12612.0,200.0,2088632,NEXUS_TURRET,BUILDING_KILL
0.0,TOWER_BUILDING,2098359,7586620060,3.0,MID_LANE,12611.0,13084.0,200.0,2091237,NEXUS_TURRET,BUILDING_KILL
0.0,TOWER_BUILDING,900362,7586957940,1.0,TOP_LANE,4318.0,13875.0,200.0,870271,OUTER_TURRET,BUILDING_KILL
0.0,TOWER_BUILDING,960365,7586957940,9.0,BOT_LANE,10504.0,1029.0,100.0,906841,OUTER_TURRET,BUILDING_KILL
0.0,TOWER_BUILDING,960365,7586957940,3.0,MID_LANE,8955.0,8510.0,200.0,943212,OUTER_TURRET,BUILDING_KILL
0.0,TOWER_BUILDING,1080398,7586957940,3.0,BOT_LANE,13866.0,4505.0,200.0,1040530,OUTER_TURRET,BUILDING_KILL
0.0,TOWER_BUILDING,1080398,7586957940,9.0,MID_LANE,5846.0,6396.0,100.0,1066766,OUTER_TURRET,BUILDING_KILL
0.0,TOWER_BUILDING,1080398,7586957940,3.0,BOT_LANE,13327.0,8226.0,200.0,1073112,INNER_TURRET,BUILDING_KILL
0.0,TOWER_BUILDING,1260461,7586957940,6.0,TOP_LANE,981.0,10441.0,100.0,1251729,OUTER_TURRET,BUILDING_KILL
0.0,TOWER_BUILDING,1380508,7586957940,9.0,MID_LANE,5048.0,4812.0,100.0,1334247,INNER_TURRET,BUILDING_KILL
0.0,TOWER_BUILDING,1500522,7586957940,4.0,MID_LANE,9767.0,10113.0,200.0,1459208,INNER_TURRET,BUILDING_KILL
0.0,TOWER_BUILDING,1500522,7586957940,1.0,TOP_LANE,7943.0,13411.0,200.0,1470939,INNER_TURRET,BUILDING_KILL
0.0,TOWER_BUILDING,1680559,7586957940,4.0,MID_LANE,11134.0,11207.0,200.0,1659683,BASE_TURRET,BUILDING_KILL
0.0,INHIBITOR_BUILDING,1680559,7586957940,4.0,MID_LANE,11593.0,11669.0,200.0,1662388,,BUILDING_KILL
0.0,TOWER_BUILDING,1680559,7586957940,2.0,TOP_LANE,10481.0,13650.0,200.0,1669491,BASE_TURRET,BUILDING_KILL
0.0,INHIBITOR_BUILDING,1680559,7586957940,4.0,TOP_LANE,11275.0,13663.0,200.0,1673641,,BUILDING_KILL
0.0,TOWER_BUILDING,1908109,7586957940,1.0,BOT_LANE,13624.0,10572.0,200.0,1867776,BASE_TURRET,BUILDING_KILL
0.0,INHIBITOR_BUILDING,1908109,7586957940,2.0,BOT_LANE,13594.0,11319.0,200.0,1883957,,BUILDING_KILL
0.0,TOWER_BUILDING,960377,7587249444,1.0,TOP_LANE,4318.0,13875.0,200.0,942984,OUTER_TURRET,BUILDING_KILL
0.0,TOWER_BUILDING,1020392,7587249444,8.0,BOT_LANE,10504.0,1029.0,100.0,977165,OUTER_TURRET,BUILDING_KILL
0.0,TOWER_BUILDING,1020392,7587249444,4.0,MID_LANE,8955.0,8510.0,200.0,1001164,OUTER_TURRET,BUILDING_KILL
0.0,TOWER_BUILDING,1080419,7587249444,1.0,TOP_LANE,7943.0,13411.0,200.0,1052977,INNER_TURRET,BUILDING_KILL
0.0,TOWER_BUILDING,1260485,7587249444,1.0,MID_LANE,9767.0,10113.0,200.0,1212671,INNER_TURRET,BUILDING_KILL
0.0,TOWER_BUILDING,1260485,7587249444,1.0,BOT_LANE,13866.0,4505.0,200.0,1249291,OUTER_TURRET,BUILDING_KILL
0.0,TOWER_BUILDING,1440540,7587249444,2.0,MID_LANE,11134.0,11207.0,200.0,1427768,BASE_TURRET,BUILDING_KILL
250.0,TOWER_BUILDING,1500560,7587249444,9.0,MID_LANE,5846.0,6396.0,100.0,1483671,OUTER_TURRET,BUILDING_KILL
0.0,INHIBITOR_BUILDING,1620598,7587249444,4.0,MID_LANE,11593.0,11669.0,200.0,1595979,,BUILDING_KILL
0.0,TOWER_BUILDING,1740642,7587249444,1.0,BOT_LANE,13327.0,8226.0,200.0,1685537,INNER_TURRET,BUILDING_KILL
0.0,TOWER_BUILDING,1740642,7587249444,8.0,TOP_LANE,981.0,10441.0,100.0,1698788,OUTER_TURRET,BUILDING_KILL
0.0,TOWER_BUILDING,1800657,7587249444,8.0,MID_LANE,5048.0,4812.0,100.0,1751842,INNER_TURRET,BUILDING_KILL
0.0,TOWER_BUILDING,1800657,7587249444,9.0,MID_LANE,3651.0,3696.0,100.0,1760811,BASE_TURRET,BUILDING_KILL
0.0,INHIBITOR_BUILDING,1800657,7587249444,6.0,MID_LANE,3210.0,3217.0,100.0,1765279,,BUILDING_KILL
0.0,TOWER_BUILDING,1980675,7587249444,9.0,TOP_LANE,1512.0,6699.0,100.0,1930233,INNER_TURRET,BUILDING_KILL
0.0,INHIBITOR_BUILDING,2020363,7587249444,4.0,MID_LANE,11593.0,11669.0,200.0,1997083,,BUILDING_KILL
0.0,TOWER_BUILDING,2020363,7587249444,4.0,MID_LANE,13052.0,12612.0,200.0,2005622,NEXUS_TURRET,BUILDING_KILL
0.0,TOWER_BUILDING,2020363,7587249444,2.0,MID_LANE,12611.0,13084.0,200.0,2009463,NEXUS_TURRET,BUILDING_KILL
0.0,TOWER_BUILDING,660310,7586015685,9.0,BOT_LANE,10504.0,1029.0,100.0,653142,OUTER_TURRET,BUILDING_KILL
0.0,TOWER_BUILDING,780352,7586015685,6.0,TOP_LANE,981.0,10441.0,100.0,748559,OUTER_TURRET,BUILDING_KILL
0.0,TOWER_BUILDING,960404,7586015685,9.0,MID_LANE,5846.0,6396.0,100.0,941959,OUTER_TURRET,BUILDING_KILL
0.0,TOWER_BUILDING,1020433,7586015685,6.0,TOP_LANE,1512.0,6699.0,100.0,1005037,INNER_TURRET,BUILDING_KILL
250.0,TOWER_BUILDING,1020433,7586015685,3.0,BOT_LANE,13866.0,4505.0,200.0,1018846,OUTER_TURRET,BUILDING_KILL
0.0,TOWER_BUILDING,1080451,7586015685,7.0,MID_LANE,5048.0,4812.0,100.0,1028884,INNER_TURRET,BUILDING_KILL
0.0,TOWER_BUILDING,1080451,7586015685,6.0,TOP_LANE,1169.0,4287.0,100.0,1030061,BASE_TURRET,BUILDING_KILL
0.0,TOWER_BUILDING,1080451,7586015685,7.0,MID_LANE,3651.0,3696.0,100.0,1037074,BASE_TURRET,BUILDING_KILL
480.0,TOWER_BUILDING,1080451,7586015685,3.0,BOT_LANE,13327.0,8226.0,200.0,1054992,INNER_TURRET,BUILDING_KILL
300.0,TOWER_BUILDING,1200453,7586015685,3.0,TOP_LANE,4318.0,13875.0,200.0,1188490,OUTER_TURRET,BUILDING_KILL
0.0,TOWER_BUILDING,1260474,7586015685,6.0,BOT_LANE,6919.0,1483.0,100.0,1206231,INNER_TURRET,BUILDING_KILL
250.0,TOWER_BUILDING,1260474,7586015685,4.0,MID_LANE,8955.0,8510.0,200.0,1219244,OUTER_TURRET,BUILDING_KILL
400.0,TOWER_BUILDING,1260474,7586015685,3.0,TOP_LANE,7943.0,13411.0,200.0,1234004,INNER_TURRET,BUILDING_KILL
320.0,TOWER_BUILDING,1260474,7586015685,2.0,TOP_LANE,10481.0,13650.0,200.0,1251269,BASE_TURRET,BUILDING_KILL
0.0,INHIBITOR_BUILDING,1620620,7586015685,3.0,TOP_LANE,11275.0,13663.0,200.0,1595052,,BUILDING_KILL
0.0,INHIBITOR_BUILDING,1680621,7586015685,9.0,MID_LANE,3210.0,3217.0,100.0,1672371,,BUILDING_KILL
0.0,INHIBITOR_BUILDING,1680621,7586015685,8.0,TOP_LANE,1172.0,3583.0,100.0,1674943,,BUILDING_KILL
0.0,TOWER_BUILDING,1680621,7586015685,9.0,MID_LANE,1748.0,2270.0,100.0,1680287,NEXUS_TURRET,BUILDING_KILL
0.0,TOWER_BUILDING,1697510,7586015685,9.0,MID_LANE,2177.0,1807.0,100.0,1686299,NEXUS_TURRET,BUILDING_KILL
0.0,TOWER_BUILDING,780287,7587490602,4.0,BOT_LANE,13866.0,4505.0,200.0,770745,OUTER_TURRET,BUILDING_KILL
0.0,TOWER_BUILDING,1080383,7587490602,9.0,MID_LANE,5846.0,6396.0,100.0,1061422,OUTER_TURRET,BUILDING_KILL
0.0,TOWER_BUILDING,1080383,7587490602,1.0,TOP_LANE,4318.0,13875.0,200.0,1069112,OUTER_TURRET,BUILDING_KILL
0.0,TOWER_BUILDING,1080383,7587490602,8.0,MID_LANE,5048.0,4812.0,100.0,1072284,INNER_TURRET,BUILDING_KILL
0.0,TOWER_BUILDING,1200427,7587490602,8.0,TOP_LANE,981.0,10441.0,100.0,1188778,OUTER_TURRET,BUILDING_KILL
0.0,TOWER_BUILDING,1260449,7587490602,6.0,BOT_LANE,10504.0,1029.0,100.0,1209789,OUTER_TURRET,BUILDING_KILL
0.0,TOWER_BUILDING,1260449,7587490602,9.0,MID_LANE,3651.0,3696.0,100.0,1226627,BASE_TURRET,BUILDING_KILL
0.0,INHIBITOR_BUILDING,1440501,7587490602,7.0,MID_LANE,3210.0,3217.0,100.0,1428604,,BUILDING_KILL
0.0,TOWER_BUILDING,1440501,7587490602,8.0,MID_LANE,1748.0,2270.0,100.0,1435158,NEXUS_TURRET,BUILDING_KILL
0.0,TOWER_BUILDING,1440501,7587490602,9.0,MID_LANE,2177.0,1807.0,100.0,1438831,NEXUS_TURRET,BUILDING_KILL
0.0,TOWER_BUILDING,960352,7585930130,3.0,MID_LANE,8955.0,8510.0,200.0,943994,OUTER_TURRET,BUILDING_KILL
0.0,TOWER_BUILDING,1080378,7585930130,2.0,TOP_LANE,4318.0,13875.0,200.0,1021011,OUTER_TURRET,BUILDING_KILL
0.0,TOWER_BUILDING,1080378,7585930130,8.0,BOT_LANE,10504.0,1029.0,100.0,1024118,OUTER_TURRET,BUILDING_KILL
0.0,TOWER_BUILDING,1080378,7585930130,3.0,TOP_LANE,7943.0,13411.0,200.0,1039100,INNER_TURRET,BUILDING_KILL
0.0,TOWER_BUILDING,1200402,7585930130,8.0,TOP_LANE,981.0,10441.0,100.0,1166145,OUTER_TURRET,BUILDING_KILL
0.0,TOWER_BUILDING,1260432,7585930130,8.0,MID_LANE,5846.0,6396.0,100.0,1204577,OUTER_TURRET,BUILDING_KILL
0.0,TOWER_BUILDING,1440459,7585930130,0.0,MID_LANE,9767.0,10113.0,200.0,1394531,INNER_TURRET,BUILDING_KILL
0.0,TOWER_BUILDING,1440459,7585930130,1.0,BOT_LANE,13866.0,4505.0,200.0,1403421,OUTER_TURRET,BUILDING_KILL
0.0,TOWER_BUILDING,1800568,7585930130,3.0,TOP_LANE,10481.0,13650.0,200.0,1745901,BASE_TURRET,BUILDING_KILL
0.0,INHIBITOR_BUILDING,1800568,7585930130,3.0,TOP_LANE,11275.0,13663.0,200.0,1752196,,BUILDING_KILL
0.0,TOWER_BUILDING,1800568,7585930130,2.0,MID_LANE,11134.0,11207.0,200.0,1753801,BASE_TURRET,BUILDING_KILL
0.0,TOWER_BUILDING,1800568,7585930130,1.0,BOT_LANE,13327.0,8226.0,200.0,1759369,INNER_TURRET,BUILDING_KILL
0.0,INHIBITOR_BUILDING,1834146,7585930130,2.0,MID_LANE,11593.0,11669.0,200.0,1808621,,BUILDING_KILL
0.0,TOWER_BUILDING,1834146,7585930130,1.0,MID_LANE,13052.0,12612.0,200.0,1820248,NEXUS_TURRET,BUILDING_KILL
0.0,TOWER_BUILDING,1834146,7585930130,3.0,MID_LANE,12611.0,13084.0,200.0,1824400,NEXUS_TURRET,BUILDING_KILL
0.0,TOWER_BUILDING,720354,7586940490,9.0,BOT_LANE,10504.0,1029.0,100.0,713049,OUTER_TURRET,BUILDING_KILL
0.0,TOWER_BUILDING,780374,7586940490,9.0,BOT_LANE,6919.0,1483.0,100.0,751785,INNER_TURRET,BUILDING_KILL
0.0,TOWER_BUILDING,960429,7586940490,10.0,TOP_LANE,981.0,10441.0,100.0,927526,OUTER_TURRET,BUILDING_KILL
0.0,TOWER_BUILDING,960429,7586940490,9.0,MID_LANE,5846.0,6396.0,100.0,938751,OUTER_TURRET,BUILDING_KILL
0.0,TOWER_BUILDING,1080440,7586940490,7.0,MID_LANE,5048.0,4812.0,100.0,1070176,INNER_TURRET,BUILDING_KILL
0.0,TOWER_BUILDING,1140455,7586940490,6.0,MID_LANE,3651.0,3696.0,100.0,1117486,BASE_TURRET,BUILDING_KILL
150.0,TOWER_BUILDING,1500547,7586940490,1.0,MID_LANE,8955.0,8510.0,200.0,1459535,OUTER_TURRET,BUILDING_KILL
0.0,TOWER_BUILDING,1620568,7586940490,1.0,TOP_LANE,4318.0,13875.0,200.0,1583152,OUTER_TURRET,BUILDING_KILL
0.0,TOWER_BUILDING,1680574,7586940490,3.0,BOT_LANE,13866.0,4505.0,200.0,1642847,OUTER_TURRET,BUILDING_KILL
0.0,TOWER_BUILDING,1680574,7586940490,2.0,MID_LANE,9767.0,10113.0,200.0,1664069,INNER_TURRET,BUILDING_KILL
0.0,TOWER_BUILDING,1740577,7586940490,1.0,MID_LANE,11134.0,11207.0,200.0,1689868,BASE_TURRET,BUILDING_KILL
0.0,INHIBITOR_BUILDING,1740577,7586940490,4.0,MID_LANE,11593.0,11669.0,200.0,1701548,,BUILDING_KILL
0.0,INHIBITOR_BUILDING,1800599,7586940490,9.0,MID_LANE,3210.0,3217.0,100.0,1792682,,BUILDING_KILL
0.0,TOWER_BUILDING,1860627,7586940490,9.0,MID_LANE,1748.0,2270.0,100.0,1803171,NEXUS_TURRET,BUILDING_KILL
0.0,TOWER_BUILDING,1980651,7586940490,2.0,MID_LANE,13052.0,12612.0,200.0,1974879,NEXUS_TURRET,BUILDING_KILL
0.0,TOWER_BUILDING,1980651,7586940490,4.0,MID_LANE,12611.0,13084.0,200.0,1977351,NEXUS_TURRET,BUILDING_KILL
0.0,TOWER_BUILDING,900349,7586086182,4.0,BOT_LANE,13866.0,4505.0,200.0,853532,OUTER_TURRET,BUILDING_KILL
0.0,TOWER_BUILDING,960363,7586086182,2.0,TOP_LANE,4318.0,13875.0,200.0,917951,OUTER_TURRET,BUILDING_KILL
0.0,TOWER_BUILDING,960363,7586086182,8.0,BOT_LANE,10504.0,1029.0,100.0,927021,OUTER_TURRET,BUILDING_KILL
0.0,TOWER_BUILDING,1020369,7586086182,8.0,TOP_LANE,981.0,10441.0,100.0,988413,OUTER_TURRET,BUILDING_KILL
0.0,TOWER_BUILDING,1020369,7586086182,2.0,MID_LANE,8955.0,8510.0,200.0,998067,OUTER_TURRET,BUILDING_KILL
0.0,TOWER_BUILDING,900335,7585689567,6.0,BOT_LANE,10504.0,1029.0,100.0,841396,OUTER_TURRET,BUILDING_KILL
0.0,TOWER_BUILDING,900335,7585689567,1.0,MID_LANE,8955.0,8510.0,200.0,848030,OUTER_TURRET,BUILDING_KILL
0.0,TOWER_BUILDING,900335,7585689567,8.0,TOP_LANE,981.0,10441.0,100.0,890895,OUTER_TURRET,BUILDING_KILL
0.0,TOWER_BUILDING,960337,7585689567,1.0,TOP_LANE,4318.0,13875.0,200.0,953891,OUTER_TURRET,BUILDING_KILL
0.0,TOWER_BUILDING,1020345,7585689567,3.0,BOT_LANE,13866.0,4505.0,200.0,980761,OUTER_TURRET,BUILDING_KILL
0.0,TOWER_BUILDING,1260420,7585689567,2.0,MID_LANE,9767.0,10113.0,200.0,1217523,INNER_TURRET,BUILDING_KILL
0.0,TOWER_BUILDING,1320420,7585689567,3.0,TOP_LANE,7943.0,13411.0,200.0,1306373,INNER_TURRET,BUILDING_KILL
0.0,TOWER_BUILDING,1380439,7585689567,3.0,TOP_LANE,10481.0,13650.0,200.0,1325164,BASE_TURRET,BUILDING_KILL
0.0,TOWER_BUILDING,1440454,7585689567,3.0,MID_LANE,11134.0,11207.0,200.0,1436178,BASE_TURRET,BUILDING_KILL
0.0,INHIBITOR_BUILDING,1440454,7585689567,1.0,MID_LANE,11593.0,11669.0,200.0,1439118,,BUILDING_KILL
0.0,TOWER_BUILDING,1457044,7585689567,1.0,MID_LANE,13052.0,12612.0,200.0,1445201,NEXUS_TURRET,BUILDING_KILL
0.0,TOWER_BUILDING,1457044,7585689567,4.0,MID_LANE,12611.0,13084.0,200.0,1447758,NEXUS_TURRET,BUILDING_KILL
0.0,TOWER_BUILDING,780339,7587396424,1.0,TOP_LANE,4318.0,13875.0,200.0,778430,OUTER_TURRET,BUILDING_KILL
0.0,TOWER_BUILDING,900391,7587396424,4.0,BOT_LANE,13866.0,4505.0,200.0,847820,OUTER_TURRET,BUILDING_KILL
0.0,TOWER_BUILDING,960423,7587396424,5.0,MID_LANE,8955.0,8510.0,200.0,908507,OUTER_TURRET,BUILDING_KILL
0.0,TOWER_BUILDING,972019,7587396424,1.0,TOP_LANE,7943.0,13411.0,200.0,964905,INNER_TURRET,BUILDING_KILL
0.0,TOWER_BUILDING,960266,7586170546,5.0,BOT_LANE,13866.0,4505.0,200.0,921352,OUTER_TURRET,BUILDING_KILL
0.0,TOWER_BUILDING,1080289,7586170546,2.0,MID_LANE,8955.0,8510.0,200.0,1029119,OUTER_TURRET,BUILDING_KILL
0.0,TOWER_BUILDING,1140290,7586170546,9.0,BOT_LANE,10504.0,1029.0,100.0,1137306,OUTER_TURRET,BUILDING_KILL
0.0,TOWER_BUILDING,1200311,7586170546,3.0,TOP_LANE,4318.0,13875.0,200.0,1153684,OUTER_TURRET,BUILDING_KILL
0.0,TOWER_BUILDING,1320362,7586170546,1.0,TOP_LANE,7943.0,13411.0,200.0,1315751,INNER_TURRET,BUILDING_KILL
0.0,TOWER_BUILDING,1440371,7586170546,5.0,MID_LANE,9767.0,10113.0,200.0,1427035,INNER_TURRET,BUILDING_KILL
0.0,TOWER_BUILDING,1560397,7586170546,3.0,TOP_LANE,10481.0,13650.0,200.0,1501224,BASE_TURRET,BUILDING_KILL
0.0,TOWER_BUILDING,1740476,7586170546,0.0,BOT_LANE,13327.0,8226.0,200.0,1734082,INNER_TURRET,BUILDING_KILL
0.0,TOWER_BUILDING,1740476,7586170546,8.0,TOP_LANE,981.0,10441.0,100.0,1735652,OUTER_TURRET,BUILDING_KILL
0.0,TOWER_BUILDING,1860505,7586170546,1.0,MID_LANE,11134.0,11207.0,200.0,1836816,BASE_TURRET,BUILDING_KILL
0.0,INHIBITOR_BUILDING,1860505,7586170546,1.0,MID_LANE,11593.0,11669.0,200.0,1841267,,BUILDING_KILL
0.0,TOWER_BUILDING,1860505,7586170546,5.0,MID_LANE,13052.0,12612.0,200.0,1848703,NEXUS_TURRET,BUILDING_KILL
0.0,TOWER_BUILDING,1860505,7586170546,4.0,MID_LANE,12611.0,13084.0,200.0,1851818,NEXUS_TURRET,BUILDING_KILL
0.0,TOWER_BUILDING,900373,7586540735,4.0,BOT_LANE,13866.0,4505.0,200.0,893925,OUTER_TURRET,BUILDING_KILL
0.0,TOWER_BUILDING,960404,7586540735,8.0,MID_LANE,5846.0,6396.0,100.0,915096,OUTER_TURRET,BUILDING_KILL
0.0,TOWER_BUILDING,960404,7586540735,1.0,TOP_LANE,4318.0,13875.0,200.0,949479,OUTER_TURRET,BUILDING_KILL
0.0,TOWER_BUILDING,1020434,7586540735,9.0,BOT_LANE,10504.0,1029.0,100.0,1014589,OUTER_TURRET,BUILDING_KILL
0.0,TOWER_BUILDING,1200481,7586540735,4.0,MID_LANE,8955.0,8510.0,200.0,1151124,OUTER_TURRET,BUILDING_KILL
0.0,TOWER_BUILDING,1320525,7586540735,0.0,TOP_LANE,981.0,10441.0,100.0,1314579,OUTER_TURRET,BUILDING_KILL
0.0,TOWER_BUILDING,1380541,7586540735,1.0,MID_LANE,9767.0,10113.0,200.0,1343213,INNER_TURRET,BUILDING_KILL
0.0,TOWER_BUILDING,1380541,7586540735,1.0,MID_LANE,11134.0,11207.0,200.0,1348658,BASE_TURRET,BUILDING_KILL
0.0,TOWER_BUILDING,1440568,7586540735,9.0,MID_LANE,5048.0,4812.0,100.0,1391596,INNER_TURRET,BUILDING_KILL
0.0,TOWER_BUILDING,1500591,7586540735,3.0,TOP_LANE,7943.0,13411.0,200.0,1482452,INNER_TURRET,BUILDING_KILL
0.0,TOWER_BUILDING,1500591,7586540735,10.0,BOT_LANE,6919.0,1483.0,100.0,1500391,INNER_TURRET,BUILDING_KILL
0.0,TOWER_BUILDING,1620642,7586540735,7.0,MID_LANE,3651.0,3696.0,100.0,1607479,BASE_TURRET,BUILDING_KILL
0.0,INHIBITOR_BUILDING,1620642,7586540735,9.0,MID_LANE,3210.0,3217.0,100.0,1611987,,BUILDING_KILL
0.0,TOWER_BUILDING,1620642,7586540735,9.0,MID_LANE,1748.0,2270.0,100.0,1620030,NEXUS_TURRET,BUILDING_KILL
0.0,TOWER_BUILDING,1640631,7586540735,8.0,MID_LANE,2177.0,1807.0,100.0,1623267,NEXUS_TURRET,BUILDING_KILL
0.0,TOWER_BUILDING,900392,7587474664,9.0,BOT_LANE,10504.0,1029.0,100.0,858170,OUTER_TURRET,BUILDING_KILL
0.0,TOWER_BUILDING,1020418,7587474664,1.0,TOP_LANE,4318.0,13875.0,200.0,984654,OUTER_TURRET,BUILDING_KILL
0.0,TOWER_BUILDING,1140425,7587474664,8.0,BOT_LANE,6919.0,1483.0,100.0,1117729,INNER_TURRET,BUILDING_KILL
0.0,TOWER_BUILDING,1140425,7587474664,4.0,MID_LANE,8955.0,8510.0,200.0,1130296,OUTER_TURRET,BUILDING_KILL
0.0,TOWER_BUILDING,1200442,7587474664,3.0,TOP_LANE,7943.0,13411.0,200.0,1164490,INNER_TURRET,BUILDING_KILL
0.0,TOWER_BUILDING,1260453,7587474664,3.0,BOT_LANE,13866.0,4505.0,200.0,1234741,OUTER_TURRET,BUILDING_KILL
0.0,TOWER_BUILDING,1260453,7587474664,8.0,MID_LANE,5846.0,6396.0,100.0,1234908,OUTER_TURRET,BUILDING_KILL
0.0,TOWER_BUILDING,1260453,7587474664,6.0,TOP_LANE,981.0,10441.0,100.0,1239651,OUTER_TURRET,BUILDING_KILL
0.0,TOWER_BUILDING,1320469,7587474664,1.0,TOP_LANE,10481.0,13650.0,200.0,1316384,BASE_TURRET,BUILDING_KILL
0.0,TOWER_BUILDING,1380487,7587474664,4.0,MID_LANE,9767.0,10113.0,200.0,1339760,INNER_TURRET,BUILDING_KILL
0.0,TOWER_BUILDING,1680572,7587474664,4.0,BOT_LANE,13327.0,8226.0,200.0,1638001,INNER_TURRET,BUILDING_KILL
0.0,TOWER_BUILDING,1680572,7587474664,3.0,MID_LANE,11134.0,11207.0,200.0,1644514,BASE_TURRET,BUILDING_KILL
0.0,TOWER_BUILDING,1680572,7587474664,1.0,BOT_LANE,13624.0,10572.0,200.0,1647720,BASE_TURRET,BUILDING_KILL
0.0,INHIBITOR_BUILDING,1680572,7587474664,4.0,BOT_LANE,13594.0,11319.0,200.0,1652558,,BUILDING_KILL
0.0,INHIBITOR_BUILDING,1680572,7587474664,2.0,MID_LANE,11593.0,11669.0,200.0,1652892,,BUILDING_KILL
0.0,TOWER_BUILDING,1680572,7587474664,4.0,MID_LANE,13052.0,12612.0,200.0,1658035,NEXUS_TURRET,BUILDING_KILL
0.0,TOWER_BUILDING,1680572,7587474664,2.0,MID_LANE,12611.0,13084.0,200.0,1666933,NEXUS_TURRET,BUILDING_KILL
0.0,TOWER_BUILDING,840351,7586832366,6.0,TOP_LANE,981.0,10441.0,100.0,789744,OUTER_TURRET,BUILDING_KILL
0.0,TOWER_BUILDING,1020382,7586832366,7.0,MID_LANE,5846.0,6396.0,100.0,990363,OUTER_TURRET,BUILDING_KILL
0.0,TOWER_BUILDING,1020382,7586832366,8.0,BOT_LANE,10504.0,1029.0,100.0,1002717,OUTER_TURRET,BUILDING_KILL
0.0,TOWER_BUILDING,1080383,7586832366,3.0,TOP_LANE,4318.0,13875.0,200.0,1079648,OUTER_TURRET,BUILDING_KILL
0.0,TOWER_BUILDING,1140416,7586832366,7.0,BOT_LANE,6919.0,1483.0,100.0,1100380,INNER_TURRET,BUILDING_KILL
0.0,TOWER_BUILDING,1500496,7586832366,3.0,BOT_LANE,13866.0,4505.0,200.0,1485984,OUTER_TURRET,BUILDING_KILL
0.0,TOWER_BUILDING,900375,7587618025,4.0,BOT_LANE,13866.0,4505.0,200.0,867044,OUTER_TURRET,BUILDING_KILL
0.0,TOWER_BUILDING,960378,7587618025,6.0,TOP_LANE,981.0,10441.0,100.0,902814,OUTER_TURRET,BUILDING_KILL
0.0,TOWER_BUILDING,1080387,7587618025,2.0,MID_LANE,8955.0,8510.0,200.0,1031132,OUTER_TURRET,BUILDING_KILL
0.0,TOWER_BUILDING,1080387,7587618025,6.0,BOT_LANE,10504.0,1029.0,100.0,1076880,OUTER_TURRET,BUILDING_KILL
0.0,TOWER_BUILDING,1200429,7587618025,6.0,MID_LANE,5846.0,6396.0,100.0,1156474,OUTER_TURRET,BUILDING_KILL
0.0,TOWER_BUILDING,1620551,7587618025,3.0,TOP_LANE,4318.0,13875.0,200.0,1604476,OUTER_TURRET,BUILDING_KILL
0.0,TOWER_BUILDING,1680578,7587618025,4.0,MID_LANE,9767.0,10113.0,200.0,1658004,INNER_TURRET,BUILDING_KILL
0.0,TOWER_BUILDING,1680578,7587618025,1.0,BOT_LANE,13327.0,8226.0,200.0,1666273,INNER_TURRET,BUILDING_KILL
0.0,TOWER_BUILDING,1721243,7587618025,5.0,MID_LANE,11134.0,11207.0,200.0,1695387,BASE_TURRET,BUILDING_KILL
0.0,TOWER_BUILDING,1721243,7587618025,0.0,BOT_LANE,13624.0,10572.0,200.0,1695721,BASE_TURRET,BUILDING_KILL
0.0,INHIBITOR_BUILDING,1721243,7587618025,4.0,MID_LANE,11593.0,11669.0,200.0,1704390,,BUILDING_KILL
0.0,INHIBITOR_BUILDING,1721243,7587618025,2.0,BOT_LANE,13594.0,11319.0,200.0,1705860,,BUILDING_KILL
0.0,TOWER_BUILDING,1721243,7587618025,5.0,MID_LANE,13052.0,12612.0,200.0,1711321,NEXUS_TURRET,BUILDING_KILL
0.0,TOWER_BUILDING,780326,7586622126,10.0,MID_LANE,5846.0,6396.0,100.0,740659,OUTER_TURRET,BUILDING_KILL
0.0,TOWER_BUILDING,780326,7586622126,4.0,BOT_LANE,13866.0,4505.0,200.0,745735,OUTER_TURRET,BUILDING_KILL
0.0,TOWER_BUILDING,900372,7586622126,1.0,TOP_LANE,4318.0,13875.0,200.0,855917,OUTER_TURRET,BUILDING_KILL
0.0,TOWER_BUILDING,960402,7586622126,6.0,BOT_LANE,10504.0,1029.0,100.0,952786,OUTER_TURRET,BUILDING_KILL
0.0,TOWER_BUILDING,1020406,7586622126,5.0,MID_LANE,8955.0,8510.0,200.0,969728,OUTER_TURRET,BUILDING_KILL
0.0,TOWER_BUILDING,1140443,7586622126,0.0,TOP_LANE,981.0,10441.0,100.0,1098899,OUTER_TURRET,BUILDING_KILL
0.0,TOWER_BUILDING,1260484,7586622126,6.0,MID_LANE,5048.0,4812.0,100.0,1217427,INNER_TURRET,BUILDING_KILL
0.0,TOWER_BUILDING,1260484,7586622126,7.0,TOP_LANE,1512.0,6699.0,100.0,1238817,INNER_TURRET,BUILDING_KILL
0.0,TOWER_BUILDING,1320490,7586622126,4.0,MID_LANE,9767.0,10113.0,200.0,1293381,INNER_TURRET,BUILDING_KILL
0.0,TOWER_BUILDING,1860656,7586622126,6.0,MID_LANE,3651.0,3696.0,100.0,1855500,BASE_TURRET,BUILDING_KILL
0.0,INHIBITOR_BUILDING,1860656,7586622126,7.0,MID_LANE,3210.0,3217.0,100.0,1859107,,BUILDING_KILL
0.0,TOWER_BUILDING,1886382,7586622126,9.0,MID_LANE,1748.0,2270.0,100.0,1865817,NEXUS_TURRET,BUILDING_KILL
0.0,TOWER_BUILDING,1886382,7586622126,9.0,MID_LANE,2177.0,1807.0,100.0,1878399,NEXUS_TURRET,BUILDING_KILL
0.0,TOWER_BUILDING,900390,7585755416,1.0,TOP_LANE,4318.0,13875.0,200.0,876953,OUTER_TURRET,BUILDING_KILL
0.0,TOWER_BUILDING,1020435,7585755416,2.0,MID_LANE,8955.0,8510.0,200.0,973197,OUTER_TURRET,BUILDING_KILL
0.0,TOWER_BUILDING,1080467,7585755416,3.0,BOT_LANE,13866.0,4505.0,200.0,1068409,OUTER_TURRET,BUILDING_KILL
0.0,TOWER_BUILDING,1260501,7585755416,1.0,TOP_LANE,7943.0,13411.0,200.0,1213566,INNER_TURRET,BUILDING_KILL
0.0,TOWER_BUILDING,1260501,7585755416,4.0,MID_LANE,9767.0,10113.0,200.0,1227013,INNER_TURRET,BUILDING_KILL
0.0,TOWER_BUILDING,1260501,7585755416,2.0,TOP_LANE,10481.0,13650.0,200.0,1227380,BASE_TURRET,BUILDING_KILL
0.0,TOWER_BUILDING,1260501,7585755416,9.0,BOT_LANE,10504.0,1029.0,100.0,1251797,OUTER_TURRET,BUILDING_KILL
0.0,TOWER_BUILDING,1380539,7585755416,9.0,MID_LANE,5846.0,6396.0,100.0,1328364,OUTER_TURRET,BUILDING_KILL
0.0,TOWER_BUILDING,1440558,7585755416,1.0,MID_LANE,11134.0,11207.0,200.0,1432071,BASE_TURRET,BUILDING_KILL
0.0,TOWER_BUILDING,1500578,7585755416,8.0,TOP_LANE,981.0,10441.0,100.0,1488409,OUTER_TURRET,BUILDING_KILL
0.0,INHIBITOR_BUILDING,1680630,7585755416,2.0,MID_LANE,11593.0,11669.0,200.0,1635055,,BUILDING_KILL
0.0,TOWER_BUILDING,1680630,7585755416,1.0,BOT_LANE,13327.0,8226.0,200.0,1648372,INNER_TURRET,BUILDING_KILL
0.0,TOWER_BUILDING,1740654,7585755416,3.0,MID_LANE,13052.0,12612.0,200.0,1736168,NEXUS_TURRET,BUILDING_KILL
0.0,TOWER_BUILDING,1740654,7585755416,1.0,MID_LANE,12611.0,13084.0,200.0,1740296,NEXUS_TURRET,BUILDING_KILL
0.0,TOWER_BUILDING,900289,7586751297,4.0,BOT_LANE,13866.0,4505.0,200.0,842339,OUTER_TURRET,BUILDING_KILL
0.0,TOWER_BUILDING,900289,7586751297,1.0,MID_LANE,8955.0,8510.0,200.0,860014,OUTER_TURRET,BUILDING_KILL
0.0,TOWER_BUILDING,1080306,7586751297,4.0,TOP_LANE,4318.0,13875.0,200.0,1037184,OUTER_TURRET,BUILDING_KILL
0.0,TOWER_BUILDING,1140330,7586751297,2.0,MID_LANE,9767.0,10113.0,200.0,1121126,INNER_TURRET,BUILDING_KILL
250.0,TOWER_BUILDING,1320391,7586751297,6.0,TOP_LANE,981.0,10441.0,100.0,1294942,OUTER_TURRET,BUILDING_KILL
200.0,TOWER_BUILDING,1380397,7586751297,8.0,BOT_LANE,10504.0,1029.0,100.0,1349204,OUTER_TURRET,BUILDING_KILL
0.0,TOWER_BUILDING,1380397,7586751297,3.0,TOP_LANE,7943.0,13411.0,200.0,1373798,INNER_TURRET,BUILDING_KILL
0.0,TOWER_BUILDING,1680460,7586751297,9.0,MID_LANE,5846.0,6396.0,100.0,1652170,OUTER_TURRET,BUILDING_KILL
0.0,TOWER_BUILDING,1680460,7586751297,9.0,MID_LANE,5048.0,4812.0,100.0,1663827,INNER_TURRET,BUILDING_KILL
0.0,TOWER_BUILDING,1680460,7586751297,8.0,MID_LANE,3651.0,3696.0,100.0,1672945,BASE_TURRET,BUILDING_KILL
0.0,INHIBITOR_BUILDING,1680460,7586751297,8.0,MID_LANE,3210.0,3217.0,100.0,1680026,,BUILDING_KILL
0.0,TOWER_BUILDING,840288,7586937821,1.0,TOP_LANE,4318.0,13875.0,200.0,791250,OUTER_TURRET,BUILDING_KILL
0.0,TOWER_BUILDING,900308,7586937821,1.0,TOP_LANE,7943.0,13411.0,200.0,877658,INNER_TURRET,BUILDING_KILL
0.0,TOWER_BUILDING,1020364,7586937821,4.0,BOT_LANE,13866.0,4505.0,200.0,989177,OUTER_TURRET,BUILDING_KILL
0.0,TOWER_BUILDING,1020364,7586937821,3.0,MID_LANE,8955.0,8510.0,200.0,1003857,OUTER_TURRET,BUILDING_KILL
0.0,TOWER_BUILDING,1140397,7586937821,1.0,BOT_LANE,13327.0,8226.0,200.0,1087272,INNER_TURRET,BUILDING_KILL
0.0,TOWER_BUILDING,780276,7586990257,1.0,TOP_LANE,4318.0,13875.0,200.0,741672,OUTER_TURRET,BUILDING_KILL
0.0,TOWER_BUILDING,780276,7586990257,3.0,MID_LANE,8955.0,8510.0,200.0,754867,OUTER_TURRET,BUILDING_KILL
0.0,TOWER_BUILDING,840303,7586990257,5.0,BOT_LANE,13866.0,4505.0,200.0,828669,OUTER_TURRET,BUILDING_KILL
0.0,TOWER_BUILDING,900333,7586990257,3.0,MID_LANE,9767.0,10113.0,200.0,881338,INNER_TURRET,BUILDING_KILL
0.0,TOWER_BUILDING,900333,7586990257,5.0,BOT_LANE,13327.0,8226.0,200.0,889888,INNER_TURRET,BUILDING_KILL
0.0,TOWER_BUILDING,720332,7585922615,1.0,TOP_LANE,4318.0,13875.0,200.0,688278,OUTER_TURRET,BUILDING_KILL
0.0,TOWER_BUILDING,960430,7585922615,7.0,MID_LANE,5846.0,6396.0,100.0,943737,OUTER_TURRET,BUILDING_KILL
0.0,TOWER_BUILDING,1020461,7585922615,6.0,TOP_LANE,981.0,10441.0,100.0,1012078,OUTER_TURRET,BUILDING_KILL
0.0,TOWER_BUILDING,1080488,7585922615,8.0,BOT_LANE,10504.0,1029.0,100.0,1043570,OUTER_TURRET,BUILDING_KILL
0.0,TOWER_BUILDING,1260562,7585922615,0.0,MID_LANE,8955.0,8510.0,200.0,1222612,OUTER_TURRET,BUILDING_KILL
0.0,TOWER_BUILDING,1260562,7585922615,6.0,TOP_LANE,1512.0,6699.0,100.0,1250957,INNER_TURRET,BUILDING_KILL
0.0,TOWER_BUILDING,1260562,7585922615,3.0,BOT_LANE,13866.0,4505.0,200.0,1259148,OUTER_TURRET,BUILDING_KILL
0.0,TOWER_BUILDING,1620729,7585922615,7.0,MID_LANE,5048.0,4812.0,100.0,1578631,INNER_TURRET,BUILDING_KILL
0.0,TOWER_BUILDING,1680760,7585922615,6.0,BOT_LANE,6919.0,1483.0,100.0,1631393,INNER_TURRET,BUILDING_KILL
0.0,TOWER_BUILDING,1800820,7585922615,7.0,MID_LANE,3651.0,3696.0,100.0,1750490,BASE_TURRET,BUILDING_KILL
0.0,INHIBITOR_BUILDING,1800820,7585922615,8.0,MID_LANE,3210.0,3217.0,100.0,1758271,,BUILDING_KILL
0.0,TOWER_BUILDING,1800820,7585922615,9.0,BOT_LANE,4281.0,1253.0,100.0,1773010,BASE_TURRET,BUILDING_KILL
0.0,INHIBITOR_BUILDING,1848477,7585922615,9.0,BOT_LANE,3468.0,1230.0,100.0,1810611,,BUILDING_KILL
0.0,TOWER_BUILDING,1848477,7585922615,6.0,MID_LANE,2177.0,1807.0,100.0,1822997,NEXUS_TURRET,BUILDING_KILL
0.0,TOWER_BUILDING,1848477,7585922615,10.0,MID_LANE,1748.0,2270.0,100.0,1827239,NEXUS_TURRET,BUILDING_KILL
0.0,TOWER_BUILDING,900339,7585680829,10.0,MID_LANE,5846.0,6396.0,100.0,878028,OUTER_TURRET,BUILDING_KILL
0.0,TOWER_BUILDING,900339,7585680829,6.0,TOP_LANE,981.0,10441.0,100.0,880900,OUTER_TURRET,BUILDING_KILL
0.0,TOWER_BUILDING,900339,7585680829,4.0,BOT_LANE,13866.0,4505.0,200.0,892438,OUTER_TURRET,BUILDING_KILL
0.0,TOWER_BUILDING,960341,7585680829,7.0,TOP_LANE,1512.0,6699.0,100.0,901875,INNER_TURRET,BUILDING_KILL
0.0,TOWER_BUILDING,960341,7585680829,8.0,BOT_LANE,10504.0,1029.0,100.0,947749,OUTER_TURRET,BUILDING_KILL
0.0,TOWER_BUILDING,1140383,7585680829,7.0,MID_LANE,5048.0,4812.0,100.0,1093752,INNER_TURRET,BUILDING_KILL
0.0,TOWER_BUILDING,1140383,7585680829,9.0,BOT_LANE,6919.0,1483.0,100.0,1124375,INNER_TURRET,BUILDING_KILL
300.0,TOWER_BUILDING,1200390,7585680829,2.0,TOP_LANE,4318.0,13875.0,200.0,1158398,OUTER_TURRET,BUILDING_KILL
0.0,TOWER_BUILDING,1320407,7585680829,6.0,BOT_LANE,4281.0,1253.0,100.0,1318938,BASE_TURRET,BUILDING_KILL
0.0,INHIBITOR_BUILDING,1380410,7585680829,6.0,BOT_LANE,3468.0,1230.0,100.0,1329876,,BUILDING_KILL
0.0,TOWER_BUILDING,1500446,7585680829,7.0,MID_LANE,3651.0,3696.0,100.0,1481675,BASE_TURRET,BUILDING_KILL
0.0,INHIBITOR_BUILDING,1500446,7585680829,10.0,MID_LANE,3210.0,3217.0,100.0,1484957,,BUILDING_KILL
0.0,TOWER_BUILDING,900407,7586754879,9.0,BOT_LANE,10504.0,1029.0,100.0,888384,OUTER_TURRET,BUILDING_KILL
0.0,TOWER_BUILDING,960407,7586754879,10.0,MID_LANE,5846.0,6396.0,100.0,944986,OUTER_TURRET,BUILDING_KILL
0.0,TOWER_BUILDING,1020419,7586754879,4.0,MID_LANE,8955.0,8510.0,200.0,979409,OUTER_TURRET,BUILDING_KILL
0.0,TOWER_BUILDING,1080452,7586754879,6.0,TOP_LANE,981.0,10441.0,100.0,1039879,OUTER_TURRET,BUILDING_KILL
0.0,TOWER_BUILDING,1080452,7586754879,1.0,BOT_LANE,13866.0,4505.0,200.0,1071214,OUTER_TURRET,BUILDING_KILL
0.0,TOWER_BUILDING,1200488,7586754879,1.0,TOP_LANE,4318.0,13875.0,200.0,1161297,OUTER_TURRET,BUILDING_KILL
0.0,TOWER_BUILDING,1320530,7586754879,6.0,BOT_LANE,6919.0,1483.0,100.0,1298464,INNER_TURRET,BUILDING_KILL
0.0,TOWER_BUILDING,1320530,7586754879,9.0,TOP_LANE,1512.0,6699.0,100.0,1298865,INNER_TURRET,BUILDING_KILL
240.0,TOWER_BUILDING,1440587,7586754879,4.0,MID_LANE,9767.0,10113.0,200.0,1399811,INNER_TURRET,BUILDING_KILL
0.0,TOWER_BUILDING,1440587,7586754879,3.0,TOP_LANE,7943.0,13411.0,200.0,1407909,INNER_TURRET,BUILDING_KILL
0.0,TOWER_BUILDING,1500590,7586754879,9.0,MID_LANE,5048.0,4812.0,100.0,1457963,INNER_TURRET,BUILDING_KILL
0.0,TOWER_BUILDING,1500590,7586754879,9.0,MID_LANE,3651.0,3696.0,100.0,1473100,BASE_TURRET,BUILDING_KILL
0.0,INHIBITOR_BUILDING,1500590,7586754879,7.0,MID_LANE,3210.0,3217.0,100.0,1480521,,BUILDING_KILL
0.0,TOWER_BUILDING,1500590,7586754879,6.0,BOT_LANE,4281.0,1253.0,100.0,1484234,BASE_TURRET,BUILDING_KILL
0.0,INHIBITOR_BUILDING,1500590,7586754879,6.0,BOT_LANE,3468.0,1230.0,100.0,1493442,,BUILDING_KILL
0.0,TOWER_BUILDING,900353,7586909241,9.0,BOT_LANE,10504.0,1029.0,100.0,841964,OUTER_TURRET,BUILDING_KILL
0.0,TOWER_BUILDING,960384,7586909241,6.0,TOP_LANE,981.0,10441.0,100.0,920200,OUTER_TURRET,BUILDING_KILL
0.0,TOWER_BUILDING,960384,7586909241,9.0,MID_LANE,5846.0,6396.0,100.0,933659,OUTER_TURRET,BUILDING_KILL
0.0,TOWER_BUILDING,1380482,7586909241,9.0,MID_LANE,5048.0,4812.0,100.0,1324846,INNER_TURRET,BUILDING_KILL
0.0,TOWER_BUILDING,1380482,7586909241,2.0,BOT_LANE,13866.0,4505.0,200.0,1334746,OUTER_TURRET,BUILDING_KILL
0.0,TOWER_BUILDING,1380482,7586909241,3.0,TOP_LANE,4318.0,13875.0,200.0,1377954,OUTER_TURRET,BUILDING_KILL
0.0,TOWER_BUILDING,1500511,7586909241,9.0,MID_LANE,3651.0,3696.0,100.0,1485030,BASE_TURRET,BUILDING_KILL
0.0,INHIBITOR_BUILDING,1500511,7586909241,9.0,MID_LANE,3210.0,3217.0,100.0,1496714,,BUILDING_KILL
0.0,TOWER_BUILDING,1540292,7586909241,9.0,MID_LANE,1748.0,2270.0,100.0,1507726,NEXUS_TURRET,BUILDING_KILL
0.0,TOWER_BUILDING,1540292,7586909241,9.0,MID_LANE,2177.0,1807.0,100.0,1519623,NEXUS_TURRET,BUILDING_KILL
0.0,TOWER_BUILDING,720331,7587166026,4.0,BOT_LANE,13866.0,4505.0,200.0,713670,OUTER_TURRET,BUILDING_KILL
0.0,TOWER_BUILDING,840365,7587166026,6.0,TOP_LANE,981.0,10441.0,100.0,835154,OUTER_TURRET,BUILDING_KILL
0.0,TOWER_BUILDING,1020418,7587166026,9.0,MID_LANE,5846.0,6396.0,100.0,969420,OUTER_TURRET,BUILDING_KILL
0.0,TOWER_BUILDING,1140432,7587166026,4.0,MID_LANE,8955.0,8510.0,200.0,1130053,OUTER_TURRET,BUILDING_KILL
0.0,TOWER_BUILDING,1200446,7587166026,8.0,BOT_LANE,10504.0,1029.0,100.0,1160239,OUTER_TURRET,BUILDING_KILL
0.0,TOWER_BUILDING,1320506,7587166026,10.0,BOT_LANE,6919.0,1483.0,100.0,1291073,INNER_TURRET,BUILDING_KILL
0.0,TOWER_BUILDING,1320506,7587166026,10.0,BOT_LANE,4281.0,1253.0,100.0,1301445,BASE_TURRET,BUILDING_KILL
0.0,TOWER_BUILDING,1500576,7587166026,0.0,TOP_LANE,4318.0,13875.0,200.0,1488405,OUTER_TURRET,BUILDING_KILL
0.0,TOWER_BUILDING,1620603,7587166026,3.0,BOT_LANE,13327.0,8226.0,200.0,1573631,INNER_TURRET,BUILDING_KILL
0.0,TOWER_BUILDING,1740661,7587166026,3.0,MID_LANE,9767.0,10113.0,200.0,1721213,INNER_TURRET,BUILDING_KILL
0.0,TOWER_BUILDING,1740661,7587166026,4.0,MID_LANE,11134.0,11207.0,200.0,1735687,BASE_TURRET,BUILDING_KILL
0.0,INHIBITOR_BUILDING,1800678,7587166026,3.0,MID_LANE,11593.0,11669.0,200.0,1740828,,BUILDING_KILL
0.0,TOWER_BUILDING,1800678,7587166026,1.0,BOT_LANE,13624.0,10572.0,200.0,1741162,BASE_TURRET,BUILDING_KILL
0.0,INHIBITOR_BUILDING,1800678,7587166026,4.0,BOT_LANE,13594.0,11319.0,200.0,1747341,,BUILDING_KILL
0.0,TOWER_BUILDING,1920691,7587166026,5.0,TOP_LANE,7943.0,13411.0,200.0,1861406,INNER_TURRET,BUILDING_KILL
0.0,TOWER_BUILDING,1920691,7587166026,3.0,TOP_LANE,10481.0,13650.0,200.0,1872903,BASE_TURRET,BUILDING_KILL
0.0,INHIBITOR_BUILDING,1920691,7587166026,3.0,TOP_LANE,11275.0,13663.0,200.0,1880875,,BUILDING_KILL
0.0,TOWER_BUILDING,1980721,7587166026,0.0,MID_LANE,13052.0,12612.0,200.0,1952497,NEXUS_TURRET,BUILDING_KILL
0.0,TOWER_BUILDING,1980721,7587166026,0.0,MID_LANE,12611.0,13084.0,200.0,1965102,NEXUS_TURRET,BUILDING_KILL
0.0,INHIBITOR_BUILDING,2071750,7587166026,4.0,MID_LANE,11593.0,11669.0,200.0,2063957,,BUILDING_KILL
0.0,TOWER_BUILDING,840338,7586722930,9.0,BOT_LANE,10504.0,1029.0,100.0,811719,OUTER_TURRET,BUILDING_KILL
0.0,TOWER_BUILDING,900365,7586722930,6.0,TOP_LANE,981.0,10441.0,100.0,862737,OUTER_TURRET,BUILDING_KILL
0.0,TOWER_BUILDING,1080349,7586516733,8.0,BOT_LANE,10504.0,1029.0,100.0,1023191,OUTER_TURRET,BUILDING_KILL
0.0,TOWER_BUILDING,1080349,7586516733,9.0,MID_LANE,5846.0,6396.0,100.0,1059418,OUTER_TURRET,BUILDING_KILL
0.0,TOWER_BUILDING,1140372,7586516733,6.0,TOP_LANE,981.0,10441.0,100.0,1100035,OUTER_TURRET,BUILDING_KILL
0.0,TOWER_BUILDING,1140372,7586516733,1.0,BOT_LANE,13866.0,4505.0,200.0,1112894,OUTER_TURRET,BUILDING_KILL
0.0,TOWER_BUILDING,1260405,7586516733,0.0,MID_LANE,8955.0,8510.0,200.0,1208048,OUTER_TURRET,BUILDING_KILL
0.0,TOWER_BUILDING,1260405,7586516733,3.0,TOP_LANE,4318.0,13875.0,200.0,1247688,OUTER_TURRET,BUILDING_KILL
0.0,TOWER_BUILDING,1440431,7586516733,9.0,MID_LANE,5048.0,4812.0,100.0,1419634,INNER_TURRET,BUILDING_KILL
0.0,TOWER_BUILDING,1500461,7586516733,8.0,BOT_LANE,6919.0,1483.0,100.0,1470471,INNER_TURRET,BUILDING_KILL
0.0,TOWER_BUILDING,1680523,7586516733,6.0,BOT_LANE,4281.0,1253.0,100.0,1632444,BASE_TURRET,BUILDING_KILL
0.0,INHIBITOR_BUILDING,1680523,7586516733,6.0,BOT_LANE,3468.0,1230.0,100.0,1645677,,BUILDING_KILL
0.0,TOWER_BUILDING,1680523,7586516733,9.0,TOP_LANE,1512.0,6699.0,100.0,1649768,INNER_TURRET,BUILDING_KILL
0.0,TOWER_BUILDING,1680523,7586516733,10.0,TOP_LANE,1169.0,4287.0,100.0,1659121,BASE_TURRET,BUILDING_KILL
0.0,INHIBITOR_BUILDING,1680523,7586516733,10.0,TOP_LANE,1172.0,3583.0,100.0,1663711,,BUILDING_KILL
0.0,TOWER_BUILDING,1680523,7586516733,10.0,MID_LANE,1748.0,2270.0,100.0,1671694,NEXUS_TURRET,BUILDING_KILL
0.0,TOWER_BUILDING,1680523,7586516733,9.0,MID_LANE,2177.0,1807.0,100.0,1677050,NEXUS_TURRET,BUILDING_KILL
0.0,TOWER_BUILDING,780312,7587469968,2.0,TOP_LANE,4318.0,13875.0,200.0,753106,OUTER_TURRET,BUILDING_KILL
0.0,TOWER_BUILDING,840317,7587469968,2.0,MID_LANE,8955.0,8510.0,200.0,823539,OUTER_TURRET,BUILDING_KILL
0.0,TOWER_BUILDING,900332,7587469968,5.0,BOT_LANE,13866.0,4505.0,200.0,887835,OUTER_TURRET,BUILDING_KILL
0.0,TOWER_BUILDING,960340,7587469968,8.0,TOP_LANE,981.0,10441.0,100.0,919976,OUTER_TURRET,BUILDING_KILL
0.0,TOWER_BUILDING,1080354,7587469968,4.0,MID_LANE,9767.0,10113.0,200.0,1066014,INNER_TURRET,BUILDING_KILL
400.0,TOWER_BUILDING,1260384,7587469968,6.0,TOP_LANE,1512.0,6699.0,100.0,1246554,INNER_TURRET,BUILDING_KILL
0.0,TOWER_BUILDING,1358232,7587469968,4.0,MID_LANE,11134.0,11207.0,200.0,1328847,BASE_TURRET,BUILDING_KILL
0.0,INHIBITOR_BUILDING,1358232,7587469968,2.0,MID_LANE,11593.0,11669.0,200.0,1333089,,BUILDING_KILL
0.0,TOWER_BUILDING,1358232,7587469968,2.0,MID_LANE,13052.0,12612.0,200.0,1341747,NEXUS_TURRET,BUILDING_KILL
0.0,TOWER_BUILDING,1358232,7587469968,1.0,MID_LANE,12611.0,13084.0,200.0,1345988,NEXUS_TURRET,BUILDING_KILL
0.0,TOWER_BUILDING,900327,7587467217,4.0,BOT_LANE,13866.0,4505.0,200.0,886292,OUTER_TURRET,BUILDING_KILL
0.0,TOWER_BUILDING,960342,7587467217,3.0,MID_LANE,8955.0,8510.0,200.0,944867,OUTER_TURRET,BUILDING_KILL
0.0,TOWER_BUILDING,960342,7587467217,1.0,TOP_LANE,4318.0,13875.0,200.0,949075,OUTER_TURRET,BUILDING_KILL
0.0,TOWER_BUILDING,900369,7585765130,9.0,BOT_LANE,10504.0,1029.0,100.0,842210,OUTER_TURRET,BUILDING_KILL
0.0,TOWER_BUILDING,960398,7585765130,1.0,TOP_LANE,4318.0,13875.0,200.0,919472,OUTER_TURRET,BUILDING_KILL
0.0,TOWER_BUILDING,1020448,7585765130,3.0,BOT_LANE,13866.0,4505.0,200.0,1010818,OUTER_TURRET,BUILDING_KILL
0.0,TOWER_BUILDING,1140470,7585765130,9.0,MID_LANE,5846.0,6396.0,100.0,1087071,OUTER_TURRET,BUILDING_KILL
0.0,TOWER_BUILDING,1140470,7585765130,7.0,MID_LANE,5048.0,4812.0,100.0,1097341,INNER_TURRET,BUILDING_KILL
0.0,TOWER_BUILDING,1380537,7585765130,7.0,BOT_LANE,6919.0,1483.0,100.0,1363706,INNER_TURRET,BUILDING_KILL
0.0,TOWER_BUILDING,1500560,7585765130,6.0,TOP_LANE,981.0,10441.0,100.0,1459341,OUTER_TURRET,BUILDING_KILL
0.0,TOWER_BUILDING,1620614,7585765130,4.0,MID_LANE,8955.0,8510.0,200.0,1567295,OUTER_TURRET,BUILDING_KILL
0.0,TOWER_BUILDING,1620614,7585765130,4.0,MID_LANE,9767.0,10113.0,200.0,1577387,INNER_TURRET,BUILDING_KILL
0.0,TOWER_BUILDING,1620614,7585765130,6.0,TOP_LANE,1512.0,6699.0,100.0,1581775,INNER_TURRET,BUILDING_KILL
0.0,TOWER_BUILDING,1892778,7585765130,6.0,MID_LANE,3651.0,3696.0,100.0,1873054,BASE_TURRET,BUILDING_KILL
0.0,INHIBITOR_BUILDING,1892778,7585765130,8.0,MID_LANE,3210.0,3217.0,100.0,1878785,,BUILDING_KILL
0.0,TOWER_BUILDING,1892778,7585765130,9.0,MID_LANE,1748.0,2270.0,100.0,1883826,NEXUS_TURRET,BUILDING_KILL
0.0,TOWER_BUILDING,1892778,7585765130,6.0,MID_LANE,2177.0,1807.0,100.0,1885763,NEXUS_TURRET,BUILDING_KILL
0.0,TOWER_BUILDING,840371,7587620904,1.0,TOP_LANE,4318.0,13875.0,200.0,803544,OUTER_TURRET,BUILDING_KILL
0.0,TOWER_BUILDING,1020428,7587620904,1.0,TOP_LANE,7943.0,13411.0,200.0,963523,INNER_TURRET,BUILDING_KILL
0.0,TOWER_BUILDING,1020428,7587620904,3.0,BOT_LANE,13866.0,4505.0,200.0,1002001,OUTER_TURRET,BUILDING_KILL
0.0,TOWER_BUILDING,1140488,7587620904,1.0,BOT_LANE,13327.0,8226.0,200.0,1089388,INNER_TURRET,BUILDING_KILL
0.0,TOWER_BUILDING,1140488,7587620904,3.0,MID_LANE,8955.0,8510.0,200.0,1122348,OUTER_TURRET,BUILDING_KILL
0.0,TOWER_BUILDING,1200506,7587620904,6.0,TOP_LANE,981.0,10441.0,100.0,1186414,OUTER_TURRET,BUILDING_KILL
0.0,TOWER_BUILDING,1380578,7587620904,1.0,MID_LANE,9767.0,10113.0,200.0,1359128,INNER_TURRET,BUILDING_KILL
0.0,TOWER_BUILDING,1380578,7587620904,3.0,BOT_LANE,13624.0,10572.0,200.0,1366609,BASE_TURRET,BUILDING_KILL
0.0,TOWER_BUILDING,1380578,7587620904,5.0,MID_LANE,11134.0,11207.0,200.0,1370783,BASE_TURRET,BUILDING_KILL
0.0,INHIBITOR_BUILDING,1440599,7587620904,5.0,MID_LANE,11593.0,11669.0,200.0,1386095,,BUILDING_KILL
150.0,TOWER_BUILDING,1440599,7587620904,7.0,MID_LANE,5846.0,6396.0,100.0,1427910,OUTER_TURRET,BUILDING_KILL
0.0,TOWER_BUILDING,1500606,7587620904,8.0,BOT_LANE,10504.0,1029.0,100.0,1490667,OUTER_TURRET,BUILDING_KILL
0.0,TOWER_BUILDING,1740706,7587620904,2.0,TOP_LANE,10481.0,13650.0,200.0,1713325,BASE_TURRET,BUILDING_KILL
0.0,TOWER_BUILDING,1860761,7587620904,6.0,TOP_LANE,1512.0,6699.0,100.0,1810565,INNER_TURRET,BUILDING_KILL
0.0,INHIBITOR_BUILDING,1860761,7587620904,1.0,MID_LANE,11593.0,11669.0,200.0,1846955,,BUILDING_KILL
0.0,TOWER_BUILDING,1860761,7587620904,1.0,MID_LANE,13052.0,12612.0,200.0,1855471,NEXUS_TURRET,BUILDING_KILL
0.0,TOWER_BUILDING,1875832,7587620904,3.0,MID_LANE,12611.0,13084.0,200.0,1863032,NEXUS_TURRET,BUILDING_KILL
0.0,TOWER_BUILDING,1020324,7587189748,6.0,MID_LANE,5846.0,6396.0,100.0,968999,OUTER_TURRET,BUILDING_KILL
0.0,TOWER_BUILDING,1080328,7587189748,6.0,BOT_LANE,10504.0,1029.0,100.0,1066024,OUTER_TURRET,BUILDING_KILL
0.0,TOWER_BUILDING,1140335,7587189748,8.0,TOP_LANE,981.0,10441.0,100.0,1086593,OUTER_TURRET,BUILDING_KILL
250.0,TOWER_BUILDING,1140335,7587189748,3.0,BOT_LANE,13866.0,4505.0,200.0,1095645,OUTER_TURRET,BUILDING_KILL
0.0,TOWER_BUILDING,1140335,7587189748,9.0,TOP_LANE,1512.0,6699.0,100.0,1098551,INNER_TURRET,BUILDING_KILL
0.0,TOWER_BUILDING,1260393,7587189748,0.0,MID_LANE,5048.0,4812.0,100.0,1226853,INNER_TURRET,BUILDING_KILL
0.0,TOWER_BUILDING,840338,7586899494,6.0,TOP_LANE,981.0,10441.0,100.0,798943,OUTER_TURRET,BUILDING_KILL
0.0,TOWER_BUILDING,900347,7586899494,8.0,BOT_LANE,10504.0,1029.0,100.0,844346,OUTER_TURRET,BUILDING_KILL
0.0,TOWER_BUILDING,900347,7586899494,4.0,TOP_LANE,4318.0,13875.0,200.0,846216,OUTER_TURRET,BUILDING_KILL
0.0,TOWER_BUILDING,900347,7586899494,8.0,BOT_LANE,6919.0,1483.0,100.0,866273,INNER_TURRET,BUILDING_KILL
0.0,TOWER_BUILDING,1080400,7586899494,8.0,MID_LANE,5846.0,6396.0,100.0,1025331,OUTER_TURRET,BUILDING_KILL
0.0,TOWER_BUILDING,1080400,7586899494,6.0,TOP_LANE,1512.0,6699.0,100.0,1059330,INNER_TURRET,BUILDING_KILL
0.0,TOWER_BUILDING,1080400,7586899494,9.0,MID_LANE,5048.0,4812.0,100.0,1066798,INNER_TURRET,BUILDING_KILL
0.0,TOWER_BUILDING,720292,7586882685,3.0,MID_LANE,8955.0,8510.0,200.0,708220,OUTER_TURRET,BUILDING_KILL
0.0,TOWER_BUILDING,780324,7586882685,4.0,BOT_LANE,13866.0,4505.0,200.0,774907,OUTER_TURRET,BUILDING_KILL
0.0,TOWER_BUILDING,840344,7586882685,3.0,MID_LANE,9767.0,10113.0,200.0,833378,INNER_TURRET,BUILDING_KILL
0.0,TOWER_BUILDING,840303,7586386174,6.0,TOP_LANE,981.0,10441.0,100.0,836114,OUTER_TURRET,BUILDING_KILL
0.0,TOWER_BUILDING,900330,7586386174,3.0,BOT_LANE,13866.0,4505.0,200.0,841705,OUTER_TURRET,BUILDING_KILL
0.0,TOWER_BUILDING,900330,7586386174,4.0,MID_LANE,8955.0,8510.0,200.0,863158,OUTER_TURRET,BUILDING_KILL
0.0,TOWER_BUILDING,900287,7586550262,6.0,TOP_LANE,981.0,10441.0,100.0,860770,OUTER_TURRET,BUILDING_KILL
0.0,TOWER_BUILDING,960307,7586550262,1.0,TOP_LANE,4318.0,13875.0,200.0,902391,OUTER_TURRET,BUILDING_KILL
0.0,TOWER_BUILDING,960307,7586550262,9.0,BOT_LANE,10504.0,1029.0,100.0,905197,OUTER_TURRET,BUILDING_KILL
0.0,TOWER_BUILDING,1140361,7586550262,7.0,MID_LANE,5846.0,6396.0,100.0,1113931,OUTER_TURRET,BUILDING_KILL
0.0,TOWER_BUILDING,1140361,7586550262,7.0,MID_LANE,5048.0,4812.0,100.0,1126491,INNER_TURRET,BUILDING_KILL
0.0,TOWER_BUILDING,1320396,7586550262,1.0,BOT_LANE,13866.0,4505.0,200.0,1279524,OUTER_TURRET,BUILDING_KILL
0.0,TOWER_BUILDING,1800549,7586550262,1.0,MID_LANE,8955.0,8510.0,200.0,1751789,OUTER_TURRET,BUILDING_KILL
0.0,TOWER_BUILDING,1920577,7586550262,9.0,MID_LANE,3651.0,3696.0,100.0,1877492,BASE_TURRET,BUILDING_KILL
0.0,INHIBITOR_BUILDING,1920577,7586550262,9.0,MID_LANE,3210.0,3217.0,100.0,1886366,,BUILDING_KILL
0.0,TOWER_BUILDING,1980578,7586550262,6.0,MID_LANE,1748.0,2270.0,100.0,1970483,NEXUS_TURRET,BUILDING_KILL
0.0,TOWER_BUILDING,1980578,7586550262,9.0,MID_LANE,2177.0,1807.0,100.0,1974325,NEXUS_TURRET,BUILDING_KILL
0.0,TOWER_BUILDING,840359,7586536212,6.0,TOP_LANE,981.0,10441.0,100.0,832944,OUTER_TURRET,BUILDING_KILL
0.0,TOWER_BUILDING,900389,7586536212,5.0,BOT_LANE,13866.0,4505.0,200.0,857000,OUTER_TURRET,BUILDING_KILL
0.0,TOWER_BUILDING,960411,7586536212,2.0,MID_LANE,8955.0,8510.0,200.0,945244,OUTER_TURRET,BUILDING_KILL
0.0,TOWER_BUILDING,1080445,7586536212,7.0,MID_LANE,5846.0,6396.0,100.0,1037299,OUTER_TURRET,BUILDING_KILL
0.0,TOWER_BUILDING,1380515,7586536212,6.0,TOP_LANE,1512.0,6699.0,100.0,1350633,INNER_TURRET,BUILDING_KILL
0.0,TOWER_BUILDING,1380515,7586536212,8.0,BOT_LANE,10504.0,1029.0,100.0,1379223,OUTER_TURRET,BUILDING_KILL
0.0,TOWER_BUILDING,1620586,7586536212,10.0,TOP_LANE,1169.0,4287.0,100.0,1588423,BASE_TURRET,BUILDING_KILL
0.0,INHIBITOR_BUILDING,1620586,7586536212,7.0,TOP_LANE,1172.0,3583.0,100.0,1595417,,BUILDING_KILL
0.0,TOWER_BUILDING,1620586,7586536212,7.0,MID_LANE,1748.0,2270.0,100.0,1602382,NEXUS_TURRET,BUILDING_KILL
0.0,TOWER_BUILDING,1620586,7586536212,6.0,MID_LANE,2177.0,1807.0,100.0,1618194,NEXUS_TURRET,BUILDING_KILL
0.0,TOWER_BUILDING,900286,7586454822,2.0,TOP_LANE,4318.0,13875.0,200.0,848719,OUTER_TURRET,BUILDING_KILL
0.0,TOWER_BUILDING,960315,7586454822,1.0,BOT_LANE,13866.0,4505.0,200.0,953735,OUTER_TURRET,BUILDING_KILL
0.0,TOWER_BUILDING,1080347,7586454822,4.0,MID_LANE,8955.0,8510.0,200.0,1035452,OUTER_TURRET,BUILDING_KILL
0.0,TOWER_BUILDING,1140355,7586454822,0.0,BOT_LANE,10504.0,1029.0,100.0,1112563,OUTER_TURRET,BUILDING_KILL
0.0,TOWER_BUILDING,1200357,7586454822,1.0,BOT_LANE,13327.0,8226.0,200.0,1168626,INNER_TURRET,BUILDING_KILL
0.0,TOWER_BUILDING,1380429,7586454822,2.0,MID_LANE,9767.0,10113.0,200.0,1332787,INNER_TURRET,BUILDING_KILL
0.0,TOWER_BUILDING,1440433,7586454822,1.0,MID_LANE,11134.0,11207.0,200.0,1438596,BASE_TURRET,BUILDING_KILL
0.0,TOWER_BUILDING,1479895,7586454822,4.0,BOT_LANE,13624.0,10572.0,200.0,1441521,BASE_TURRET,BUILDING_KILL
0.0,INHIBITOR_BUILDING,1479895,7586454822,3.0,MID_LANE,11593.0,11669.0,200.0,1454277,,BUILDING_KILL
350.0,TOWER_BUILDING,1479895,7586454822,6.0,TOP_LANE,981.0,10441.0,100.0,1454310,OUTER_TURRET,BUILDING_KILL
0.0,INHIBITOR_BUILDING,1479895,7586454822,3.0,BOT_LANE,13594.0,11319.0,200.0,1459120,,BUILDING_KILL
0.0,TOWER_BUILDING,1479895,7586454822,2.0,MID_LANE,13052.0,12612.0,200.0,1464218,NEXUS_TURRET,BUILDING_KILL
0.0,TOWER_BUILDING,1479895,7586454822,3.0,MID_LANE,12611.0,13084.0,200.0,1466623,NEXUS_TURRET,BUILDING_KILL
0.0,TOWER_BUILDING,780257,7587147081,9.0,BOT_LANE,10504.0,1029.0,100.0,771742,OUTER_TURRET,BUILDING_KILL
0.0,TOWER_BUILDING,840300,7586862652,2.0,TOP_LANE,4318.0,13875.0,200.0,836325,OUTER_TURRET,BUILDING_KILL
0.0,TOWER_BUILDING,900325,7586862652,9.0,MID_LANE,5846.0,6396.0,100.0,854497,OUTER_TURRET,BUILDING_KILL
0.0,TOWER_BUILDING,900325,7586862652,8.0,BOT_LANE,10504.0,1029.0,100.0,859272,OUTER_TURRET,BUILDING_KILL
0.0,TOWER_BUILDING,1020348,7586862652,8.0,BOT_LANE,6919.0,1483.0,100.0,1002305,INNER_TURRET,BUILDING_KILL
0.0,TOWER_BUILDING,1020348,7586862652,2.0,TOP_LANE,7943.0,13411.0,200.0,1018846,INNER_TURRET,BUILDING_KILL
0.0,TOWER_BUILDING,1380487,7586862652,3.0,BOT_LANE,13866.0,4505.0,200.0,1359223,OUTER_TURRET,BUILDING_KILL
0.0,TOWER_BUILDING,1440507,7586862652,9.0,MID_LANE,5048.0,4812.0,100.0,1400605,INNER_TURRET,BUILDING_KILL
0.0,TOWER_BUILDING,1560559,7586862652,8.0,TOP_LANE,981.0,10441.0,100.0,1552941,OUTER_TURRET,BUILDING_KILL
0.0,TOWER_BUILDING,1634239,7586862652,8.0,MID_LANE,3651.0,3696.0,100.0,1629796,BASE_TURRET,BUILDING_KILL
0.0,TOWER_BUILDING,960346,7587277563,8.0,MID_LANE,5846.0,6396.0,100.0,920872,OUTER_TURRET,BUILDING_KILL
0.0,TOWER_BUILDING,960346,7587277563,0.0,TOP_LANE,4318.0,13875.0,200.0,951526,OUTER_TURRET,BUILDING_KILL
0.0,TOWER_BUILDING,1020375,7587277563,8.0,BOT_LANE,10504.0,1029.0,100.0,1019071,OUTER_TURRET,BUILDING_KILL
0.0,TOWER_BUILDING,1260456,7587277563,1.0,MID_LANE,8955.0,8510.0,200.0,1240057,OUTER_TURRET,BUILDING_KILL
0.0,TOWER_BUILDING,1260456,7587277563,6.0,TOP_LANE,981.0,10441.0,100.0,1255240,OUTER_TURRET,BUILDING_KILL
0.0,TOWER_BUILDING,1380488,7587277563,7.0,BOT_LANE,6919.0,1483.0,100.0,1349961,INNER_TURRET,BUILDING_KILL
0.0,TOWER_BUILDING,1380488,7587277563,9.0,MID_LANE,5048.0,4812.0,100.0,1363593,INNER_TURRET,BUILDING_KILL
0.0,TOWER_BUILDING,1380488,7587277563,7.0,BOT_LANE,4281.0,1253.0,100.0,1364127,BASE_TURRET,BUILDING_KILL
0.0,INHIBITOR_BUILDING,1380488,7587277563,7.0,BOT_LANE,3468.0,1230.0,100.0,1370540,,BUILDING_KILL
0.0,TOWER_BUILDING,960270,7586057246,7.0,BOT_LANE,10504.0,1029.0,100.0,916077,OUTER_TURRET,BUILDING_KILL
0.0,TOWER_BUILDING,960270,7586057246,1.0,TOP_LANE,4318.0,13875.0,200.0,934543,OUTER_TURRET,BUILDING_KILL
0.0,TOWER_BUILDING,960270,7586057246,8.0,BOT_LANE,6919.0,1483.0,100.0,950127,INNER_TURRET,BUILDING_KILL
0.0,TOWER_BUILDING,1080307,7586057246,8.0,TOP_LANE,981.0,10441.0,100.0,1073803,OUTER_TURRET,BUILDING_KILL
0.0,TOWER_BUILDING,1200321,7586057246,6.0,MID_LANE,5846.0,6396.0,100.0,1153598,OUTER_TURRET,BUILDING_KILL
0.0,TOWER_BUILDING,1260323,7586057246,6.0,TOP_LANE,1512.0,6699.0,100.0,1248292,INNER_TURRET,BUILDING_KILL
0.0,TOWER_BUILDING,1320350,7586057246,10.0,MID_LANE,5048.0,4812.0,100.0,1272587,INNER_TURRET,BUILDING_KILL
0.0,TOWER_BUILDING,1380377,7586057246,9.0,MID_LANE,3651.0,3696.0,100.0,1369576,BASE_TURRET,BUILDING_KILL
0.0,INHIBITOR_BUILDING,1440401,7586057246,7.0,MID_LANE,3210.0,3217.0,100.0,1385337,,BUILDING_KILL
0.0,TOWER_BUILDING,1440401,7586057246,9.0,BOT_LANE,4281.0,1253.0,100.0,1391967,BASE_TURRET,BUILDING_KILL
0.0,TOWER_BUILDING,1500402,7586057246,8.0,MID_LANE,1748.0,2270.0,100.0,1460789,NEXUS_TURRET,BUILDING_KILL
0.0,INHIBITOR_BUILDING,1500402,7586057246,8.0,BOT_LANE,3468.0,1230.0,100.0,1475610,,BUILDING_KILL
0.0,TOWER_BUILDING,840318,7585789684,6.0,TOP_LANE,981.0,10441.0,100.0,783177,OUTER_TURRET,BUILDING_KILL
0.0,TOWER_BUILDING,1020365,7585789684,6.0,BOT_LANE,10504.0,1029.0,100.0,993022,OUTER_TURRET,BUILDING_KILL
0.0,TOWER_BUILDING,1080382,7585789684,1.0,BOT_LANE,13866.0,4505.0,200.0,1065391,OUTER_TURRET,BUILDING_KILL
0.0,TOWER_BUILDING,1140405,7585789684,3.0,TOP_LANE,4318.0,13875.0,200.0,1117304,OUTER_TURRET,BUILDING_KILL
0.0,TOWER_BUILDING,1260443,7585789684,4.0,MID_LANE,8955.0,8510.0,200.0,1240704,OUTER_TURRET,BUILDING_KILL
0.0,TOWER_BUILDING,1380483,7585789684,10.0,MID_LANE,5846.0,6396.0,100.0,1324455,OUTER_TURRET,BUILDING_KILL
0.0,TOWER_BUILDING,1740609,7585789684,3.0,MID_LANE,9767.0,10113.0,200.0,1688844,INNER_TURRET,BUILDING_KILL
0.0,TOWER_BUILDING,1740609,7585789684,4.0,BOT_LANE,13327.0,8226.0,200.0,1692689,INNER_TURRET,BUILDING_KILL
0.0,TOWER_BUILDING,1740609,7585789684,4.0,MID_LANE,11134.0,11207.0,200.0,1716338,BASE_TURRET,BUILDING_KILL
0.0,INHIBITOR_BUILDING,1740609,7585789684,3.0,MID_LANE,11593.0,11669.0,200.0,1729505,,BUILDING_KILL
0.0,TOWER_BUILDING,1740609,7585789684,3.0,BOT_LANE,13624.0,10572.0,200.0,1732277,BASE_TURRET,BUILDING_KILL
0.0,INHIBITOR_BUILDING,1740609,7585789684,4.0,BOT_LANE,13594.0,11319.0,200.0,1736554,,BUILDING_KILL
0.0,TOWER_BUILDING,1761631,7585789684,1.0,MID_LANE,13052.0,12612.0,200.0,1740710,NEXUS_TURRET,BUILDING_KILL
0.0,TOWER_BUILDING,1761631,7585789684,2.0,MID_LANE,12611.0,13084.0,200.0,1748132,NEXUS_TURRET,BUILDING_KILL
0.0,TOWER_BUILDING,840365,7586283983,9.0,BOT_LANE,10504.0,1029.0,100.0,835940,OUTER_TURRET,BUILDING_KILL
0.0,TOWER_BUILDING,900380,7586283983,6.0,TOP_LANE,981.0,10441.0,100.0,868743,OUTER_TURRET,BUILDING_KILL
0.0,TOWER_BUILDING,1260481,7586283983,9.0,MID_LANE,5846.0,6396.0,100.0,1205852,OUTER_TURRET,BUILDING_KILL
0.0,TOWER_BUILDING,1260481,7586283983,6.0,TOP_LANE,1512.0,6699.0,100.0,1241204,INNER_TURRET,BUILDING_KILL
0.0,TOWER_BUILDING,1260481,7586283983,1.0,BOT_LANE,13866.0,4505.0,200.0,1245313,OUTER_TURRET,BUILDING_KILL
0.0,TOWER_BUILDING,1380525,7586283983,9.0,BOT_LANE,6919.0,1483.0,100.0,1347002,INNER_TURRET,BUILDING_KILL
0.0,TOWER_BUILDING,1380525,7586283983,6.0,MID_LANE,5048.0,4812.0,100.0,1347235,INNER_TURRET,BUILDING_KILL
0.0,TOWER_BUILDING,840316,7585778619,9.0,BOT_LANE,10504.0,1029.0,100.0,784178,OUTER_TURRET,BUILDING_KILL
0.0,TOWER_BUILDING,900318,7585778619,6.0,TOP_LANE,981.0,10441.0,100.0,850915,OUTER_TURRET,BUILDING_KILL
0.0,TOWER_BUILDING,900318,7585778619,2.0,MID_LANE,8955.0,8510.0,200.0,891957,OUTER_TURRET,BUILDING_KILL
0.0,TOWER_BUILDING,1020353,7585778619,4.0,TOP_LANE,4318.0,13875.0,200.0,985602,OUTER_TURRET,BUILDING_KILL
0.0,TOWER_BUILDING,1140401,7585778619,4.0,MID_LANE,9767.0,10113.0,200.0,1112462,INNER_TURRET,BUILDING_KILL
0.0,TOWER_BUILDING,1140401,7585778619,3.0,BOT_LANE,13866.0,4505.0,200.0,1121406,OUTER_TURRET,BUILDING_KILL
0.0,TOWER_BUILDING,1140401,7585778619,6.0,TOP_LANE,1512.0,6699.0,100.0,1131359,INNER_TURRET,BUILDING_KILL
0.0,TOWER_BUILDING,1200429,7585778619,9.0,MID_LANE,5846.0,6396.0,100.0,1152250,OUTER_TURRET,BUILDING_KILL
0.0,TOWER_BUILDING,1380476,7585778619,4.0,TOP_LANE,7943.0,13411.0,200.0,1333867,INNER_TURRET,BUILDING_KILL
0.0,TOWER_BUILDING,1440492,7585778619,4.0,MID_LANE,11134.0,11207.0,200.0,1414919,BASE_TURRET,BUILDING_KILL
0.0,TOWER_BUILDING,1620561,7585778619,6.0,MID_LANE,5048.0,4812.0,100.0,1568408,INNER_TURRET,BUILDING_KILL
0.0,INHIBITOR_BUILDING,1740597,7585778619,1.0,MID_LANE,11593.0,11669.0,200.0,1733648,,BUILDING_KILL
0.0,TOWER_BUILDING,1800617,7585778619,1.0,MID_LANE,13052.0,12612.0,200.0,1742102,NEXUS_TURRET,BUILDING_KILL
0.0,TOWER_BUILDING,1800617,7585778619,1.0,MID_LANE,12611.0,13084.0,200.0,1750190,NEXUS_TURRET,BUILDING_KILL
0.0,TOWER_BUILDING,2100716,7585778619,9.0,BOT_LANE,6919.0,1483.0,100.0,2078764,INNER_TURRET,BUILDING_KILL
0.0,TOWER_BUILDING,2100716,7585778619,8.0,MID_LANE,3651.0,3696.0,100.0,2083640,BASE_TURRET,BUILDING_KILL
0.0,INHIBITOR_BUILDING,2100716,7585778619,8.0,MID_LANE,3210.0,3217.0,100.0,2094666,,BUILDING_KILL
0.0,TOWER_BUILDING,2100716,7585778619,8.0,BOT_LANE,4281.0,1253.0,100.0,2098107,BASE_TURRET,BUILDING_KILL
0.0,INHIBITOR_BUILDING,2115829,7585778619,9.0,BOT_LANE,3468.0,1230.0,100.0,2103756,,BUILDING_KILL
0.0,TOWER_BUILDING,2115829,7585778619,7.0,MID_LANE,2177.0,1807.0,100.0,2106632,NEXUS_TURRET,BUILDING_KILL
0.0,TOWER_BUILDING,2115829,7585778619,8.0,MID_LANE,1748.0,2270.0,100.0,2107900,NEXUS_TURRET,BUILDING_KILL
0.0,TOWER_BUILDING,900317,7587597397,4.0,BOT_LANE,13866.0,4505.0,200.0,896329,OUTER_TURRET,BUILDING_KILL
0.0,TOWER_BUILDING,960346,7587597397,1.0,TOP_LANE,4318.0,13875.0,200.0,926536,OUTER_TURRET,BUILDING_KILL
0.0,TOWER_BUILDING,1020370,7587597397,9.0,BOT_LANE,10504.0,1029.0,100.0,993042,OUTER_TURRET,BUILDING_KILL
0.0,TOWER_BUILDING,1140378,7587597397,4.0,MID_LANE,8955.0,8510.0,200.0,1083378,OUTER_TURRET,BUILDING_KILL
0.0,TOWER_BUILDING,1140378,7587597397,2.0,MID_LANE,9767.0,10113.0,200.0,1091730,INNER_TURRET,BUILDING_KILL
0.0,TOWER_BUILDING,1140378,7587597397,3.0,MID_LANE,11134.0,11207.0,200.0,1099545,BASE_TURRET,BUILDING_KILL
0.0,TOWER_BUILDING,1440476,7587597397,4.0,TOP_LANE,7943.0,13411.0,200.0,1420303,INNER_TURRET,BUILDING_KILL
0.0,TOWER_BUILDING,1440476,7587597397,3.0,BOT_LANE,13327.0,8226.0,200.0,1425813,INNER_TURRET,BUILDING_KILL
300.0,TOWER_BUILDING,1500491,7587597397,8.0,TOP_LANE,981.0,10441.0,100.0,1496485,OUTER_TURRET,BUILDING_KILL
0.0,INHIBITOR_BUILDING,1588278,7587597397,4.0,MID_LANE,11593.0,11669.0,200.0,1562955,,BUILDING_KILL
0.0,TOWER_BUILDING,1588278,7587597397,4.0,MID_LANE,12611.0,13084.0,200.0,1577886,NEXUS_TURRET,BUILDING_KILL
0.0,TOWER_BUILDING,1588278,7587597397,4.0,MID_LANE,13052.0,12612.0,200.0,1579255,NEXUS_TURRET,BUILDING_KILL
0.0,TOWER_BUILDING,900268,7586665860,4.0,BOT_LANE,13866.0,4505.0,200.0,843605,OUTER_TURRET,BUILDING_KILL
0.0,TOWER_BUILDING,960270,7586665860,6.0,TOP_LANE,981.0,10441.0,100.0,903656,OUTER_TURRET,BUILDING_KILL
0.0,TOWER_BUILDING,1080331,7586665860,3.0,BOT_LANE,13327.0,8226.0,200.0,1027126,INNER_TURRET,BUILDING_KILL
0.0,TOWER_BUILDING,1140356,7586665860,1.0,TOP_LANE,4318.0,13875.0,200.0,1097245,OUTER_TURRET,BUILDING_KILL
0.0,TOWER_BUILDING,1200381,7586665860,7.0,MID_LANE,5846.0,6396.0,100.0,1173219,OUTER_TURRET,BUILDING_KILL
0.0,TOWER_BUILDING,1200381,7586665860,4.0,MID_LANE,8955.0,8510.0,200.0,1197471,OUTER_TURRET,BUILDING_KILL
0.0,TOWER_BUILDING,1080405,7587056651,9.0,MID_LANE,5846.0,6396.0,100.0,1025690,OUTER_TURRET,BUILDING_KILL
0.0,TOWER_BUILDING,1080405,7587056651,3.0,BOT_LANE,13866.0,4505.0,200.0,1031010,OUTER_TURRET,BUILDING_KILL
0.0,TOWER_BUILDING,1080405,7587056651,8.0,TOP_LANE,981.0,10441.0,100.0,1042897,OUTER_TURRET,BUILDING_KILL
0.0,TOWER_BUILDING,1140421,7587056651,6.0,BOT_LANE,10504.0,1029.0,100.0,1103731,OUTER_TURRET,BUILDING_KILL
0.0,TOWER_BUILDING,1200425,7587056651,4.0,MID_LANE,8955.0,8510.0,200.0,1179106,OUTER_TURRET,BUILDING_KILL
0.0,TOWER_BUILDING,1380472,7587056651,4.0,BOT_LANE,13327.0,8226.0,200.0,1327578,INNER_TURRET,BUILDING_KILL
0.0,TOWER_BUILDING,1560501,7587056651,8.0,MID_LANE,5048.0,4812.0,100.0,1552208,INNER_TURRET,BUILDING_KILL
0.0,TOWER_BUILDING,1860607,7587056651,0.0,MID_LANE,9767.0,10113.0,200.0,1848063,INNER_TURRET,BUILDING_KILL
0.0,TOWER_BUILDING,1920638,7587056651,4.0,TOP_LANE,4318.0,13875.0,200.0,1861442,OUTER_TURRET,BUILDING_KILL
0.0,TOWER_BUILDING,2017389,7587056651,3.0,MID_LANE,11134.0,11207.0,200.0,1985209,BASE_TURRET,BUILDING_KILL
0.0,INHIBITOR_BUILDING,2017389,7587056651,4.0,MID_LANE,11593.0,11669.0,200.0,1993215,,BUILDING_KILL
0.0,TOWER_BUILDING,2017389,7587056651,4.0,MID_LANE,13052.0,12612.0,200.0,2006072,NEXUS_TURRET,BUILDING_KILL
0.0,TOWER_BUILDING,2017389,7587056651,2.0,MID_LANE,12611.0,13084.0,200.0,2008736,NEXUS_TURRET,BUILDING_KILL
0.0,TOWER_BUILDING,840247,7587356343,9.0,BOT_LANE,10504.0,1029.0,100.0,787121,OUTER_TURRET,BUILDING_KILL
0.0,TOWER_BUILDING,960272,7587356343,9.0,MID_LANE,5846.0,6396.0,100.0,918719,OUTER_TURRET,BUILDING_KILL
0.0,TOWER_BUILDING,960272,7587356343,6.0,TOP_LANE,981.0,10441.0,100.0,920122,OUTER_TURRET,BUILDING_KILL
200.0,TOWER_BUILDING,1020274,7587356343,1.0,BOT_LANE,13866.0,4505.0,200.0,1010920,OUTER_TURRET,BUILDING_KILL
0.0,TOWER_BUILDING,1140320,7587356343,9.0,MID_LANE,5048.0,4812.0,100.0,1119867,INNER_TURRET,BUILDING_KILL
0.0,TOWER_BUILDING,1140320,7587356343,1.0,TOP_LANE,4318.0,13875.0,200.0,1124175,OUTER_TURRET,BUILDING_KILL
0.0,TOWER_BUILDING,1200345,7587356343,1.0,TOP_LANE,7943.0,13411.0,200.0,1171672,INNER_TURRET,BUILDING_KILL
0.0,TOWER_BUILDING,1320356,7587356343,8.0,BOT_LANE,6919.0,1483.0,100.0,1276871,INNER_TURRET,BUILDING_KILL
0.0,TOWER_BUILDING,1320356,7587356343,9.0,BOT_LANE,4281.0,1253.0,100.0,1294321,BASE_TURRET,BUILDING_KILL
0.0,TOWER_BUILDING,1440414,7587356343,8.0,MID_LANE,3651.0,3696.0,100.0,1382590,BASE_TURRET,BUILDING_KILL
0.0,INHIBITOR_BUILDING,1440414,7587356343,10.0,MID_LANE,3210.0,3217.0,100.0,1388301,,BUILDING_KILL
0.0,TOWER_BUILDING,1440414,7587356343,6.0,TOP_LANE,1512.0,6699.0,100.0,1403911,INNER_TURRET,BUILDING_KILL
0.0,TOWER_BUILDING,1500415,7587356343,6.0,MID_LANE,2177.0,1807.0,100.0,1478331,NEXUS_TURRET,BUILDING_KILL
0.0,TOWER_BUILDING,1500415,7587356343,6.0,MID_LANE,1748.0,2270.0,100.0,1484209,NEXUS_TURRET,BUILDING_KILL
0.0,TOWER_BUILDING,900274,7586732021,1.0,TOP_LANE,4318.0,13875.0,200.0,891285,OUTER_TURRET,BUILDING_KILL
0.0,TOWER_BUILDING,960303,7586732021,4.0,BOT_LANE,13866.0,4505.0,200.0,920053,OUTER_TURRET,BUILDING_KILL
0.0,TOWER_BUILDING,1020326,7586732021,0.0,BOT_LANE,10504.0,1029.0,100.0,992023,OUTER_TURRET,BUILDING_KILL
0.0,TOWER_BUILDING,1080341,7586732021,4.0,MID_LANE,8955.0,8510.0,200.0,1032974,OUTER_TURRET,BUILDING_KILL
0.0,TOWER_BUILDING,1080341,7586732021,1.0,TOP_LANE,7943.0,13411.0,200.0,1070944,INNER_TURRET,BUILDING_KILL
0.0,TOWER_BUILDING,1200381,7586732021,0.0,BOT_LANE,13327.0,8226.0,200.0,1178331,INNER_TURRET,BUILDING_KILL
250.0,TOWER_BUILDING,1320405,7586732021,6.0,TOP_LANE,981.0,10441.0,100.0,1284729,OUTER_TURRET,BUILDING_KILL
0.0,TOWER_BUILDING,1320405,7586732021,2.0,MID_LANE,9767.0,10113.0,200.0,1305001,INNER_TURRET,BUILDING_KILL
0.0,TOWER_BUILDING,1380416,7586732021,1.0,MID_LANE,11134.0,11207.0,200.0,1323044,BASE_TURRET,BUILDING_KILL
0.0,INHIBITOR_BUILDING,1380416,7586732021,1.0,MID_LANE,11593.0,11669.0,200.0,1328588,,BUILDING_KILL
0.0,TOWER_BUILDING,1440449,7586732021,1.0,BOT_LANE,13624.0,10572.0,200.0,1399504,BASE_TURRET,BUILDING_KILL
0.0,INHIBITOR_BUILDING,1440449,7586732021,1.0,BOT_LANE,13594.0,11319.0,200.0,1416030,,BUILDING_KILL
0.0,TOWER_BUILDING,1675841,7586732021,4.0,TOP_LANE,10481.0,13650.0,200.0,1646315,BASE_TURRET,BUILDING_KILL
0.0,TOWER_BUILDING,1675841,7586732021,5.0,MID_LANE,13052.0,12612.0,200.0,1652261,NEXUS_TURRET,BUILDING_KILL
0.0,INHIBITOR_BUILDING,1675841,7586732021,2.0,TOP_LANE,11275.0,13663.0,200.0,1654900,,BUILDING_KILL
0.0,INHIBITOR_BUILDING,1675841,7586732021,3.0,MID_LANE,11593.0,11669.0,200.0,1658570,,BUILDING_KILL
0.0,TOWER_BUILDING,1675841,7586732021,3.0,MID_LANE,12611.0,13084.0,200.0,1668037,NEXUS_TURRET,BUILDING_KILL
0.0,TOWER_BUILDING,900324,7586716865,6.0,TOP_LANE,981.0,10441.0,100.0,865173,OUTER_TURRET,BUILDING_KILL
0.0,TOWER_BUILDING,960339,7586716865,8.0,MID_LANE,5846.0,6396.0,100.0,926164,OUTER_TURRET,BUILDING_KILL
0.0,TOWER_BUILDING,1140380,7586716865,6.0,BOT_LANE,10504.0,1029.0,100.0,1107190,OUTER_TURRET,BUILDING_KILL
0.0,TOWER_BUILDING,1560494,7586716865,6.0,MID_LANE,5048.0,4812.0,100.0,1521257,INNER_TURRET,BUILDING_KILL
0.0,TOWER_BUILDING,1560494,7586716865,9.0,MID_LANE,3651.0,3696.0,100.0,1531069,BASE_TURRET,BUILDING_KILL
0.0,INHIBITOR_BUILDING,1560494,7586716865,9.0,MID_LANE,3210.0,3217.0,100.0,1535411,,BUILDING_KILL
0.0,TOWER_BUILDING,1560494,7586716865,8.0,MID_LANE,2177.0,1807.0,100.0,1548233,NEXUS_TURRET,BUILDING_KILL
0.0,TOWER_BUILDING,1560494,7586716865,6.0,MID_LANE,1748.0,2270.0,100.0,1550465,NEXUS_TURRET,BUILDING_KILL
0.0,TOWER_BUILDING,900347,7587583461,4.0,BOT_LANE,13866.0,4505.0,200.0,867182,OUTER_TURRET,BUILDING_KILL
0.0,TOWER_BUILDING,960359,7587583461,7.0,BOT_LANE,10504.0,1029.0,100.0,933848,OUTER_TURRET,BUILDING_KILL
0.0,TOWER_BUILDING,960359,7587583461,1.0,TOP_LANE,4318.0,13875.0,200.0,949658,OUTER_TURRET,BUILDING_KILL
0.0,TOWER_BUILDING,1140406,7587583461,8.0,MID_LANE,5846.0,6396.0,100.0,1113490,OUTER_TURRET,BUILDING_KILL
0.0,TOWER_BUILDING,1260440,7587583461,8.0,TOP_LANE,981.0,10441.0,100.0,1202308,OUTER_TURRET,BUILDING_KILL
0.0,TOWER_BUILDING,1260440,7587583461,2.0,MID_LANE,8955.0,8510.0,200.0,1211401,OUTER_TURRET,BUILDING_KILL
0.0,TOWER_BUILDING,1500496,7587583461,10.0,MID_LANE,5048.0,4812.0,100.0,1490594,INNER_TURRET,BUILDING_KILL
0.0,TOWER_BUILDING,900332,7585868390,3.0,BOT_LANE,13866.0,4505.0,200.0,896966,OUTER_TURRET,BUILDING_KILL
0.0,TOWER_BUILDING,1020358,7585868390,6.0,TOP_LANE,981.0,10441.0,100.0,983483,OUTER_TURRET,BUILDING_KILL
0.0,TOWER_BUILDING,1080379,7585868390,8.0,BOT_LANE,10504.0,1029.0,100.0,1046043,OUTER_TURRET,BUILDING_KILL
0.0,TOWER_BUILDING,1080379,7585868390,3.0,MID_LANE,8955.0,8510.0,200.0,1066555,OUTER_TURRET,BUILDING_KILL
0.0,TOWER_BUILDING,1080379,7585868390,1.0,TOP_LANE,4318.0,13875.0,200.0,1070064,OUTER_TURRET,BUILDING_KILL
0.0,TOWER_BUILDING,1140411,7585868390,9.0,MID_LANE,5846.0,6396.0,100.0,1119195,OUTER_TURRET,BUILDING_KILL
0.0,TOWER_BUILDING,1620537,7585868390,4.0,MID_LANE,9767.0,10113.0,200.0,1603905,INNER_TURRET,BUILDING_KILL
0.0,TOWER_BUILDING,1620537,7585868390,5.0,MID_LANE,11134.0,11207.0,200.0,1615553,BASE_TURRET,BUILDING_KILL
0.0,TOWER_BUILDING,1680542,7585868390,3.0,BOT_LANE,13327.0,8226.0,200.0,1623978,INNER_TURRET,BUILDING_KILL
0.0,TOWER_BUILDING,1899421,7585868390,7.0,MID_LANE,5048.0,4812.0,100.0,1869268,INNER_TURRET,BUILDING_KILL
0.0,TOWER_BUILDING,1899421,7585868390,9.0,MID_LANE,3651.0,3696.0,100.0,1875356,BASE_TURRET,BUILDING_KILL
0.0,INHIBITOR_BUILDING,1899421,7585868390,9.0,MID_LANE,3210.0,3217.0,100.0,1878930,,BUILDING_KILL
0.0,TOWER_BUILDING,1899421,7585868390,9.0,MID_LANE,1748.0,2270.0,100.0,1886211,NEXUS_TURRET,BUILDING_KILL
0.0,TOWER_BUILDING,1899421,7585868390,6.0,MID_LANE,2177.0,1807.0,100.0,1890346,NEXUS_TURRET,BUILDING_KILL
0.0,TOWER_BUILDING,840305,7586748298,4.0,BOT_LANE,13866.0,4505.0,200.0,827533,OUTER_TURRET,BUILDING_KILL
0.0,TOWER_BUILDING,1140399,7586748298,1.0,TOP_LANE,4318.0,13875.0,200.0,1117028,OUTER_TURRET,BUILDING_KILL
0.0,TOWER_BUILDING,1260412,7586748298,4.0,MID_LANE,8955.0,8510.0,200.0,1239584,OUTER_TURRET,BUILDING_KILL
0.0,TOWER_BUILDING,1260412,7586748298,6.0,BOT_LANE,10504.0,1029.0,100.0,1256061,OUTER_TURRET,BUILDING_KILL
0.0,TOWER_BUILDING,540228,7587547717,5.0,BOT_LANE,13866.0,4505.0,200.0,532443,OUTER_TURRET,BUILDING_KILL
0.0,TOWER_BUILDING,780313,7587547717,4.0,MID_LANE,8955.0,8510.0,200.0,768682,OUTER_TURRET,BUILDING_KILL
0.0,TOWER_BUILDING,900340,7587547717,4.0,MID_LANE,9767.0,10113.0,200.0,860076,INNER_TURRET,BUILDING_KILL
0.0,TOWER_BUILDING,925790,7587547717,1.0,TOP_LANE,4318.0,13875.0,200.0,920948,OUTER_TURRET,BUILDING_KILL
0.0,TOWER_BUILDING,780323,7587338805,9.0,BOT_LANE,10504.0,1029.0,100.0,773342,OUTER_TURRET,BUILDING_KILL
0.0,TOWER_BUILDING,900357,7587338805,9.0,MID_LANE,5846.0,6396.0,100.0,850715,OUTER_TURRET,BUILDING_KILL
0.0,TOWER_BUILDING,900357,7587338805,9.0,MID_LANE,5048.0,4812.0,100.0,870146,INNER_TURRET,BUILDING_KILL
0.0,TOWER_BUILDING,900357,7587338805,8.0,BOT_LANE,6919.0,1483.0,100.0,878454,INNER_TURRET,BUILDING_KILL
0.0,TOWER_BUILDING,900357,7587338805,6.0,TOP_LANE,981.0,10441.0,100.0,889004,OUTER_TURRET,BUILDING_KILL
0.0,TOWER_BUILDING,1020388,7587338805,8.0,TOP_LANE,1512.0,6699.0,100.0,986054,INNER_TURRET,BUILDING_KILL
0.0,TOWER_BUILDING,840316,7587637685,5.0,BOT_LANE,13866.0,4505.0,200.0,802601,OUTER_TURRET,BUILDING_KILL
0.0,TOWER_BUILDING,840316,7587637685,1.0,TOP_LANE,4318.0,13875.0,200.0,838980,OUTER_TURRET,BUILDING_KILL
0.0,TOWER_BUILDING,1020389,7587637685,4.0,MID_LANE,8955.0,8510.0,200.0,973402,OUTER_TURRET,BUILDING_KILL
0.0,TOWER_BUILDING,1020389,7587637685,1.0,BOT_LANE,13327.0,8226.0,200.0,1014645,INNER_TURRET,BUILDING_KILL
300.0,TOWER_BUILDING,1320460,7587637685,9.0,MID_LANE,5846.0,6396.0,100.0,1283914,OUTER_TURRET,BUILDING_KILL
0.0,TOWER_BUILDING,1320460,7587637685,4.0,MID_LANE,9767.0,10113.0,200.0,1319692,INNER_TURRET,BUILDING_KILL
0.0,TOWER_BUILDING,1380480,7587637685,1.0,BOT_LANE,13624.0,10572.0,200.0,1356043,BASE_TURRET,BUILDING_KILL
0.0,INHIBITOR_BUILDING,1380480,7587637685,5.0,BOT_LANE,13594.0,11319.0,200.0,1365561,,BUILDING_KILL
0.0,TOWER_BUILDING,1380480,7587637685,4.0,MID_LANE,11134.0,11207.0,200.0,1369437,BASE_TURRET,BUILDING_KILL
0.0,INHIBITOR_BUILDING,1440502,7587637685,5.0,MID_LANE,11593.0,11669.0,200.0,1392772,,BUILDING_KILL
0.0,TOWER_BUILDING,1440502,7587637685,3.0,TOP_LANE,7943.0,13411.0,200.0,1415396,INNER_TURRET,BUILDING_KILL
0.0,TOWER_BUILDING,1500522,7587637685,2.0,TOP_LANE,10481.0,13650.0,200.0,1458695,BASE_TURRET,BUILDING_KILL
0.0,INHIBITOR_BUILDING,1500522,7587637685,2.0,TOP_LANE,11275.0,13663.0,200.0,1463070,,BUILDING_KILL
0.0,TOWER_BUILDING,1500522,7587637685,2.0,MID_LANE,13052.0,12612.0,200.0,1491018,NEXUS_TURRET,BUILDING_KILL
0.0,TOWER_BUILDING,1500522,7587637685,5.0,MID_LANE,12611.0,13084.0,200.0,1499228,NEXUS_TURRET,BUILDING_KILL
0.0,TOWER_BUILDING,660242,7587259303,1.0,TOP_LANE,4318.0,13875.0,200.0,632169,OUTER_TURRET,BUILDING_KILL
0.0,TOWER_BUILDING,960312,7587259303,6.0,TOP_LANE,981.0,10441.0,100.0,947616,OUTER_TURRET,BUILDING_KILL
0.0,TOWER_BUILDING,960312,7587259303,3.0,BOT_LANE,13866.0,4505.0,200.0,952864,OUTER_TURRET,BUILDING_KILL
0.0,TOWER_BUILDING,1020328,7587259303,3.0,BOT_LANE,13327.0,8226.0,200.0,1007164,INNER_TURRET,BUILDING_KILL
0.0,TOWER_BUILDING,1080339,7587259303,1.0,MID_LANE,8955.0,8510.0,200.0,1028347,OUTER_TURRET,BUILDING_KILL
0.0,TOWER_BUILDING,1080339,7587259303,8.0,BOT_LANE,10504.0,1029.0,100.0,1072890,OUTER_TURRET,BUILDING_KILL
0.0,TOWER_BUILDING,1320429,7587259303,9.0,MID_LANE,5846.0,6396.0,100.0,1292257,OUTER_TURRET,BUILDING_KILL
0.0,TOWER_BUILDING,1320429,7587259303,9.0,MID_LANE,5048.0,4812.0,100.0,1315041,INNER_TURRET,BUILDING_KILL
0.0,TOWER_BUILDING,1440456,7587259303,3.0,TOP_LANE,7943.0,13411.0,200.0,1400781,INNER_TURRET,BUILDING_KILL
0.0,TOWER_BUILDING,1680539,7587259303,3.0,TOP_LANE,10481.0,13650.0,200.0,1622783,BASE_TURRET,BUILDING_KILL
0.0,INHIBITOR_BUILDING,1680539,7587259303,3.0,TOP_LANE,11275.0,13663.0,200.0,1632168,,BUILDING_KILL
0.0,TOWER_BUILDING,1680539,7587259303,2.0,MID_LANE,9767.0,10113.0,200.0,1633938,INNER_TURRET,BUILDING_KILL
0.0,TOWER_BUILDING,1680539,7587259303,3.0,MID_LANE,11134.0,11207.0,200.0,1653485,BASE_TURRET,BUILDING_KILL
0.0,INHIBITOR_BUILDING,1920591,7587259303,3.0,MID_LANE,11593.0,11669.0,200.0,1886565,,BUILDING_KILL
0.0,INHIBITOR_BUILDING,1980613,7587259303,1.0,TOP_LANE,11275.0,13663.0,200.0,1947790,,BUILDING_KILL
0.0,TOWER_BUILDING,2100631,7587259303,1.0,MID_LANE,12611.0,13084.0,200.0,2051547,NEXUS_TURRET,BUILDING_KILL
0.0,TOWER_BUILDING,2160664,7587259303,9.0,TOP_LANE,1512.0,6699.0,100.0,2160163,INNER_TURRET,BUILDING_KILL
0.0,TOWER_BUILDING,2202547,7587259303,6.0,MID_LANE,3651.0,3696.0,100.0,2165005,BASE_TURRET,BUILDING_KILL
0.0,INHIBITOR_BUILDING,2202547,7587259303,7.0,MID_LANE,3210.0,3217.0,100.0,2168846,,BUILDING_KILL
0.0,TOWER_BUILDING,2202547,7587259303,9.0,TOP_LANE,1169.0,4287.0,100.0,2178543,BASE_TURRET,BUILDING_KILL
0.0,TOWER_BUILDING,2202547,7587259303,6.0,MID_LANE,1748.0,2270.0,100.0,2182233,NEXUS_TURRET,BUILDING_KILL
0.0,TOWER_BUILDING,2202547,7587259303,9.0,MID_LANE,2177.0,1807.0,100.0,2190565,NEXUS_TURRET,BUILDING_KILL
0.0,TOWER_BUILDING,900362,7587289134,3.0,BOT_LANE,13866.0,4505.0,200.0,841858,OUTER_TURRET,BUILDING_KILL
0.0,TOWER_BUILDING,900362,7587289134,8.0,TOP_LANE,981.0,10441.0,100.0,845633,OUTER_TURRET,BUILDING_KILL
0.0,TOWER_BUILDING,1200440,7587289134,4.0,MID_LANE,8955.0,8510.0,200.0,1142835,OUTER_TURRET,BUILDING_KILL
0.0,TOWER_BUILDING,1200440,7587289134,4.0,MID_LANE,9767.0,10113.0,200.0,1179986,INNER_TURRET,BUILDING_KILL
0.0,TOWER_BUILDING,1320489,7587289134,9.0,BOT_LANE,10504.0,1029.0,100.0,1290685,OUTER_TURRET,BUILDING_KILL
0.0,TOWER_BUILDING,1380515,7587289134,3.0,TOP_LANE,4318.0,13875.0,200.0,1366208,OUTER_TURRET,BUILDING_KILL
0.0,TOWER_BUILDING,1560572,7587289134,9.0,MID_LANE,5846.0,6396.0,100.0,1506805,OUTER_TURRET,BUILDING_KILL
0.0,TOWER_BUILDING,1920671,7587289134,10.0,MID_LANE,5048.0,4812.0,100.0,1896909,INNER_TURRET,BUILDING_KILL
0.0,TOWER_BUILDING,2040718,7587289134,9.0,MID_LANE,3651.0,3696.0,100.0,1993374,BASE_TURRET,BUILDING_KILL
0.0,INHIBITOR_BUILDING,2040718,7587289134,8.0,MID_LANE,3210.0,3217.0,100.0,1997716,,BUILDING_KILL
0.0,TOWER_BUILDING,2040718,7587289134,9.0,TOP_LANE,1512.0,6699.0,100.0,2017577,INNER_TURRET,BUILDING_KILL
0.0,TOWER_BUILDING,2220773,7587289134,4.0,BOT_LANE,13327.0,8226.0,200.0,2183595,INNER_TURRET,BUILDING_KILL
0.0,TOWER_BUILDING,2340817,7587289134,7.0,BOT_LANE,6919.0,1483.0,100.0,2319425,INNER_TURRET,BUILDING_KILL
0.0,TOWER_BUILDING,2340817,7587289134,7.0,BOT_LANE,4281.0,1253.0,100.0,2339635,BASE_TURRET,BUILDING_KILL
0.0,INHIBITOR_BUILDING,2368553,7587289134,7.0,BOT_LANE,3468.0,1230.0,100.0,2347329,,BUILDING_KILL
0.0,TOWER_BUILDING,2368553,7587289134,9.0,MID_LANE,2177.0,1807.0,100.0,2353341,NEXUS_TURRET,BUILDING_KILL
0.0,TOWER_BUILDING,2368553,7587289134,9.0,MID_LANE,1748.0,2270.0,100.0,2358020,NEXUS_TURRET,BUILDING_KILL
0.0,TOWER_BUILDING,780331,7586354951,4.0,BOT_LANE,13866.0,4505.0,200.0,768732,OUTER_TURRET,BUILDING_KILL
0.0,TOWER_BUILDING,840342,7586354951,2.0,BOT_LANE,13327.0,8226.0,200.0,794647,INNER_TURRET,BUILDING_KILL
0.0,TOWER_BUILDING,840342,7586354951,6.0,TOP_LANE,981.0,10441.0,100.0,808186,OUTER_TURRET,BUILDING_KILL
0.0,TOWER_BUILDING,960363,7586354951,9.0,MID_LANE,5846.0,6396.0,100.0,916835,OUTER_TURRET,BUILDING_KILL
0.0,TOWER_BUILDING,1020363,7586354951,6.0,BOT_LANE,10504.0,1029.0,100.0,969047,OUTER_TURRET,BUILDING_KILL
0.0,TOWER_BUILDING,1080376,7586354951,9.0,MID_LANE,5048.0,4812.0,100.0,1076468,INNER_TURRET,BUILDING_KILL
0.0,TOWER_BUILDING,1260444,7586354951,9.0,TOP_LANE,1512.0,6699.0,100.0,1233754,INNER_TURRET,BUILDING_KILL
250.0,TOWER_BUILDING,1320473,7586354951,2.0,TOP_LANE,4318.0,13875.0,200.0,1282504,OUTER_TURRET,BUILDING_KILL
0.0,TOWER_BUILDING,1380488,7586354951,7.0,BOT_LANE,6919.0,1483.0,100.0,1375089,INNER_TURRET,BUILDING_KILL
0.0,TOWER_BUILDING,1497900,7586354951,6.0,BOT_LANE,4281.0,1253.0,100.0,1466622,BASE_TURRET,BUILDING_KILL
0.0,TOWER_BUILDING,1497900,7586354951,7.0,MID_LANE,3651.0,3696.0,100.0,1468024,BASE_TURRET,BUILDING_KILL
0.0,INHIBITOR_BUILDING,1497900,7586354951,6.0,BOT_LANE,3468.0,1230.0,100.0,1478529,,BUILDING_KILL
0.0,TOWER_BUILDING,1497900,7586354951,8.0,TOP_LANE,1169.0,4287.0,100.0,1479230,BASE_TURRET,BUILDING_KILL
0.0,INHIBITOR_BUILDING,1497900,7586354951,9.0,MID_LANE,3210.0,3217.0,100.0,1484053,,BUILDING_KILL
0.0,TOWER_BUILDING,900381,7585724118,4.0,MID_LANE,8955.0,8510.0,200.0,845772,OUTER_TURRET,BUILDING_KILL
0.0,TOWER_BUILDING,900381,7585724118,6.0,BOT_LANE,10504.0,1029.0,100.0,864621,OUTER_TURRET,BUILDING_KILL
0.0,TOWER_BUILDING,900381,7585724118,1.0,TOP_LANE,4318.0,13875.0,200.0,899311,OUTER_TURRET,BUILDING_KILL
0.0,TOWER_BUILDING,960403,7585724118,6.0,MID_LANE,5846.0,6396.0,100.0,911341,OUTER_TURRET,BUILDING_KILL
0.0,TOWER_BUILDING,1080438,7585724118,6.0,MID_LANE,5048.0,4812.0,100.0,1036281,INNER_TURRET,BUILDING_KILL
0.0,TOWER_BUILDING,1080438,7585724118,3.0,BOT_LANE,13866.0,4505.0,200.0,1074484,OUTER_TURRET,BUILDING_KILL
0.0,TOWER_BUILDING,1080438,7585724118,6.0,TOP_LANE,981.0,10441.0,100.0,1074918,OUTER_TURRET,BUILDING_KILL
0.0,TOWER_BUILDING,900352,7587095771,9.0,BOT_LANE,10504.0,1029.0,100.0,870651,OUTER_TURRET,BUILDING_KILL
0.0,TOWER_BUILDING,1080429,7587095771,9.0,MID_LANE,5846.0,6396.0,100.0,1061520,OUTER_TURRET,BUILDING_KILL
0.0,TOWER_BUILDING,1080429,7587095771,7.0,TOP_LANE,981.0,10441.0,100.0,1071832,OUTER_TURRET,BUILDING_KILL
0.0,TOWER_BUILDING,1080429,7587095771,3.0,BOT_LANE,13866.0,4505.0,200.0,1074216,OUTER_TURRET,BUILDING_KILL
400.0,TOWER_BUILDING,1140434,7587095771,4.0,BOT_LANE,13327.0,8226.0,200.0,1099068,INNER_TURRET,BUILDING_KILL
0.0,TOWER_BUILDING,1140434,7587095771,9.0,MID_LANE,5048.0,4812.0,100.0,1108214,INNER_TURRET,BUILDING_KILL
0.0,TOWER_BUILDING,1140434,7587095771,6.0,TOP_LANE,1512.0,6699.0,100.0,1108447,INNER_TURRET,BUILDING_KILL
0.0,TOWER_BUILDING,1380483,7587095771,1.0,MID_LANE,8955.0,8510.0,200.0,1327894,OUTER_TURRET,BUILDING_KILL
0.0,TOWER_BUILDING,1680586,7587095771,4.0,MID_LANE,9767.0,10113.0,200.0,1624538,INNER_TURRET,BUILDING_KILL
0.0,TOWER_BUILDING,1680586,7587095771,2.0,MID_LANE,11134.0,11207.0,200.0,1632329,BASE_TURRET,BUILDING_KILL
0.0,INHIBITOR_BUILDING,1680586,7587095771,4.0,MID_LANE,11593.0,11669.0,200.0,1637473,,BUILDING_KILL
0.0,TOWER_BUILDING,1740596,7587095771,4.0,TOP_LANE,4318.0,13875.0,200.0,1706123,OUTER_TURRET,BUILDING_KILL
0.0,TOWER_BUILDING,1740596,7587095771,5.0,TOP_LANE,7943.0,13411.0,200.0,1733546,INNER_TURRET,BUILDING_KILL
0.0,TOWER_BUILDING,1740596,7587095771,6.0,BOT_LANE,6919.0,1483.0,100.0,1735339,INNER_TURRET,BUILDING_KILL
0.0,TOWER_BUILDING,1918112,7587095771,6.0,BOT_LANE,4281.0,1253.0,100.0,1895362,BASE_TURRET,BUILDING_KILL
0.0,INHIBITOR_BUILDING,1918112,7587095771,8.0,BOT_LANE,3468.0,1230.0,100.0,1899671,,BUILDING_KILL
0.0,TOWER_BUILDING,1918112,7587095771,8.0,MID_LANE,2177.0,1807.0,100.0,1909560,NEXUS_TURRET,BUILDING_KILL
0.0,TOWER_BUILDING,1918112,7587095771,6.0,MID_LANE,1748.0,2270.0,100.0,1909760,NEXUS_TURRET,BUILDING_KILL
0.0,TOWER_BUILDING,840338,7585970172,10.0,BOT_LANE,10504.0,1029.0,100.0,784723,OUTER_TURRET,BUILDING_KILL
0.0,TOWER_BUILDING,960391,7585970172,10.0,MID_LANE,5846.0,6396.0,100.0,924666,OUTER_TURRET,BUILDING_KILL
0.0,TOWER_BUILDING,960391,7585970172,6.0,TOP_LANE,981.0,10441.0,100.0,957084,OUTER_TURRET,BUILDING_KILL
250.0,TOWER_BUILDING,1020421,7585970172,4.0,MID_LANE,8955.0,8510.0,200.0,975496,OUTER_TURRET,BUILDING_KILL
0.0,TOWER_BUILDING,1080442,7585970172,9.0,MID_LANE,5048.0,4812.0,100.0,1033734,INNER_TURRET,BUILDING_KILL
0.0,TOWER_BUILDING,1080442,7585970172,6.0,TOP_LANE,1512.0,6699.0,100.0,1055312,INNER_TURRET,BUILDING_KILL
0.0,TOWER_BUILDING,780274,7585712697,3.0,TOP_LANE,4318.0,13875.0,200.0,745350,OUTER_TURRET,BUILDING_KILL
0.0,TOWER_BUILDING,900289,7585712697,3.0,BOT_LANE,13866.0,4505.0,200.0,862299,OUTER_TURRET,BUILDING_KILL
0.0,TOWER_BUILDING,900289,7585712697,6.0,TOP_LANE,981.0,10441.0,100.0,871284,OUTER_TURRET,BUILDING_KILL
0.0,TOWER_BUILDING,1020324,7585712697,1.0,MID_LANE,8955.0,8510.0,200.0,978251,OUTER_TURRET,BUILDING_KILL
0.0,TOWER_BUILDING,1200379,7585712697,3.0,TOP_LANE,7943.0,13411.0,200.0,1191152,INNER_TURRET,BUILDING_KILL
0.0,TOWER_BUILDING,1320406,7585712697,9.0,BOT_LANE,10504.0,1029.0,100.0,1308718,OUTER_TURRET,BUILDING_KILL
0.0,TOWER_BUILDING,1380428,7585712697,4.0,MID_LANE,9767.0,10113.0,200.0,1326688,INNER_TURRET,BUILDING_KILL
0.0,TOWER_BUILDING,1620512,7585712697,3.0,BOT_LANE,13327.0,8226.0,200.0,1572917,INNER_TURRET,BUILDING_KILL
0.0,TOWER_BUILDING,1800560,7585712697,5.0,MID_LANE,11134.0,11207.0,200.0,1780312,BASE_TURRET,BUILDING_KILL
0.0,INHIBITOR_BUILDING,1800560,7585712697,5.0,MID_LANE,11593.0,11669.0,200.0,1783419,,BUILDING_KILL
0.0,TOWER_BUILDING,1800560,7585712697,4.0,MID_LANE,13052.0,12612.0,200.0,1795817,NEXUS_TURRET,BUILDING_KILL
0.0,TOWER_BUILDING,1800560,7585712697,5.0,MID_LANE,12611.0,13084.0,200.0,1799558,NEXUS_TURRET,BUILDING_KILL
0.0,TOWER_BUILDING,660229,7586257192,4.0,BOT_LANE,13866.0,4505.0,200.0,626085,OUTER_TURRET,BUILDING_KILL
0.0,TOWER_BUILDING,840290,7586257192,3.0,BOT_LANE,13327.0,8226.0,200.0,787087,INNER_TURRET,BUILDING_KILL
0.0,TOWER_BUILDING,840290,7586257192,6.0,TOP_LANE,981.0,10441.0,100.0,838186,OUTER_TURRET,BUILDING_KILL
0.0,TOWER_BUILDING,900321,7586257192,4.0,MID_LANE,8955.0,8510.0,200.0,852636,OUTER_TURRET,BUILDING_KILL
0.0,TOWER_BUILDING,941725,7586257192,1.0,TOP_LANE,4318.0,13875.0,200.0,923889,OUTER_TURRET,BUILDING_KILL
0.0,TOWER_BUILDING,780268,7587343666,1.0,TOP_LANE,4318.0,13875.0,200.0,755926,OUTER_TURRET,BUILDING_KILL
0.0,TOWER_BUILDING,900311,7587343666,3.0,MID_LANE,8955.0,8510.0,200.0,877589,OUTER_TURRET,BUILDING_KILL
0.0,TOWER_BUILDING,960325,7587343666,1.0,TOP_LANE,7943.0,13411.0,200.0,942958,INNER_TURRET,BUILDING_KILL
0.0,TOWER_BUILDING,960325,7587343666,9.0,BOT_LANE,10504.0,1029.0,100.0,951763,OUTER_TURRET,BUILDING_KILL
0.0,TOWER_BUILDING,1080337,7587343666,4.0,MID_LANE,9767.0,10113.0,200.0,1044281,INNER_TURRET,BUILDING_KILL
0.0,TOWER_BUILDING,1080337,7587343666,3.0,BOT_LANE,13866.0,4505.0,200.0,1051215,OUTER_TURRET,BUILDING_KILL
0.0,TOWER_BUILDING,1140360,7587343666,1.0,BOT_LANE,13327.0,8226.0,200.0,1119329,INNER_TURRET,BUILDING_KILL
0.0,TOWER_BUILDING,1380457,7587343666,6.0,TOP_LANE,981.0,10441.0,100.0,1343249,OUTER_TURRET,BUILDING_KILL
0.0,TOWER_BUILDING,1440488,7587343666,4.0,TOP_LANE,10481.0,13650.0,200.0,1409648,BASE_TURRET,BUILDING_KILL
0.0,INHIBITOR_BUILDING,1440488,7587343666,2.0,TOP_LANE,11275.0,13663.0,200.0,1416897,,BUILDING_KILL
0.0,TOWER_BUILDING,1440488,7587343666,3.0,MID_LANE,11134.0,11207.0,200.0,1420505,BASE_TURRET,BUILDING_KILL
0.0,INHIBITOR_BUILDING,1440488,7587343666,2.0,MID_LANE,11593.0,11669.0,200.0,1428543,,BUILDING_KILL
0.0,TOWER_BUILDING,1620568,7587343666,0.0,MID_LANE,12611.0,13084.0,200.0,1576523,NEXUS_TURRET,BUILDING_KILL
0.0,TOWER_BUILDING,1740613,7587343666,2.0,BOT_LANE,13624.0,10572.0,200.0,1713344,BASE_TURRET,BUILDING_KILL
0.0,INHIBITOR_BUILDING,1740613,7587343666,2.0,BOT_LANE,13594.0,11319.0,200.0,1718448,,BUILDING_KILL
0.0,TOWER_BUILDING,1740613,7587343666,3.0,MID_LANE,13052.0,12612.0,200.0,1731063,NEXUS_TURRET,BUILDING_KILL
0.0,TOWER_BUILDING,780306,7586170566,3.0,TOP_LANE,4318.0,13875.0,200.0,724721,OUTER_TURRET,BUILDING_KILL
0.0,TOWER_BUILDING,960375,7586170566,4.0,MID_LANE,8955.0,8510.0,200.0,919641,OUTER_TURRET,BUILDING_KILL
0.0,TOWER_BUILDING,960375,7586170566,10.0,BOT_LANE,10504.0,1029.0,100.0,920877,OUTER_TURRET,BUILDING_KILL
0.0,TOWER_BUILDING,1020403,7586170566,3.0,TOP_LANE,7943.0,13411.0,200.0,988917,INNER_TURRET,BUILDING_KILL
0.0,TOWER_BUILDING,1320486,7586170566,3.0,BOT_LANE,13866.0,4505.0,200.0,1262024,OUTER_TURRET,BUILDING_KILL
0.0,TOWER_BUILDING,1620548,7586170566,1.0,MID_LANE,9767.0,10113.0,200.0,1575796,INNER_TURRET,BUILDING_KILL
0.0,TOWER_BUILDING,1620548,7586170566,1.0,MID_LANE,11134.0,11207.0,200.0,1600175,BASE_TURRET,BUILDING_KILL
0.0,TOWER_BUILDING,1740571,7586170566,1.0,BOT_LANE,13327.0,8226.0,200.0,1717185,INNER_TURRET,BUILDING_KILL
0.0,INHIBITOR_BUILDING,1740571,7586170566,4.0,MID_LANE,11593.0,11669.0,200.0,1721528,,BUILDING_KILL
0.0,TOWER_BUILDING,1740571,7586170566,4.0,BOT_LANE,13624.0,10572.0,200.0,1729831,BASE_TURRET,BUILDING_KILL
0.0,INHIBITOR_BUILDING,1740571,7586170566,4.0,BOT_LANE,13594.0,11319.0,200.0,1734891,,BUILDING_KILL
0.0,TOWER_BUILDING,1774844,7586170566,4.0,MID_LANE,13052.0,12612.0,200.0,1745180,NEXUS_TURRET,BUILDING_KILL
0.0,TOWER_BUILDING,1774844,7586170566,2.0,MID_LANE,12611.0,13084.0,200.0,1754286,NEXUS_TURRET,BUILDING_KILL
0.0,TOWER_BUILDING,900230,7587558820,1.0,TOP_LANE,4318.0,13875.0,200.0,844901,OUTER_TURRET,BUILDING_KILL
0.0,TOWER_BUILDING,900230,7587558820,1.0,BOT_LANE,13866.0,4505.0,200.0,897692,OUTER_TURRET,BUILDING_KILL
0.0,TOWER_BUILDING,960254,7587558820,8.0,TOP_LANE,981.0,10441.0,100.0,921718,OUTER_TURRET,BUILDING_KILL
0.0,TOWER_BUILDING,1080369,7587558820,5.0,MID_LANE,8955.0,8510.0,200.0,1040456,OUTER_TURRET,BUILDING_KILL
0.0,TOWER_BUILDING,1140373,7587558820,2.0,BOT_LANE,13327.0,8226.0,200.0,1128847,INNER_TURRET,BUILDING_KILL
0.0,TOWER_BUILDING,1260419,7587558820,3.0,MID_LANE,9767.0,10113.0,200.0,1218455,INNER_TURRET,BUILDING_KILL
0.0,TOWER_BUILDING,1320436,7587558820,3.0,BOT_LANE,13624.0,10572.0,200.0,1273332,BASE_TURRET,BUILDING_KILL
0.0,TOWER_BUILDING,1440447,7587558820,1.0,TOP_LANE,7943.0,13411.0,200.0,1412106,INNER_TURRET,BUILDING_KILL
250.0,TOWER_BUILDING,1500451,7587558820,8.0,BOT_LANE,10504.0,1029.0,100.0,1475014,OUTER_TURRET,BUILDING_KILL
0.0,TOWER_BUILDING,1560484,7587558820,1.0,MID_LANE,11134.0,11207.0,200.0,1556510,BASE_TURRET,BUILDING_KILL
0.0,INHIBITOR_BUILDING,1620495,7587558820,4.0,MID_LANE,11593.0,11669.0,200.0,1567415,,BUILDING_KILL
0.0,TOWER_BUILDING,1800571,7587558820,1.0,TOP_LANE,10481.0,13650.0,200.0,1788365,BASE_TURRET,BUILDING_KILL
0.0,INHIBITOR_BUILDING,1800571,7587558820,4.0,TOP_LANE,11275.0,13663.0,200.0,1795895,,BUILDING_KILL
0.0,TOWER_BUILDING,1813347,7587558820,1.0,MID_LANE,12611.0,13084.0,200.0,1802641,NEXUS_TURRET,BUILDING_KILL
0.0,TOWER_BUILDING,1813347,7587558820,4.0,MID_LANE,13052.0,12612.0,200.0,1804158,NEXUS_TURRET,BUILDING_KILL
0.0,TOWER_BUILDING,840315,7586800831,8.0,MID_LANE,5846.0,6396.0,100.0,806290,OUTER_TURRET,BUILDING_KILL
0.0,TOWER_BUILDING,900332,7586800831,4.0,BOT_LANE,13866.0,4505.0,200.0,891393,OUTER_TURRET,BUILDING_KILL
0.0,TOWER_BUILDING,1140384,7586800831,8.0,TOP_LANE,981.0,10441.0,100.0,1082432,OUTER_TURRET,BUILDING_KILL
0.0,TOWER_BUILDING,1140384,7586800831,1.0,TOP_LANE,4318.0,13875.0,200.0,1132262,OUTER_TURRET,BUILDING_KILL
0.0,TOWER_BUILDING,1260439,7586800831,7.0,BOT_LANE,10504.0,1029.0,100.0,1256624,OUTER_TURRET,BUILDING_KILL
0.0,TOWER_BUILDING,1380475,7586800831,10.0,MID_LANE,5048.0,4812.0,100.0,1323299,INNER_TURRET,BUILDING_KILL
0.0,TOWER_BUILDING,1380475,7586800831,8.0,BOT_LANE,6919.0,1483.0,100.0,1329482,INNER_TURRET,BUILDING_KILL
200.0,TOWER_BUILDING,1680562,7586800831,2.0,MID_LANE,8955.0,8510.0,200.0,1674471,OUTER_TURRET,BUILDING_KILL
0.0,TOWER_BUILDING,1800589,7586800831,10.0,MID_LANE,3651.0,3696.0,100.0,1784986,BASE_TURRET,BUILDING_KILL
0.0,INHIBITOR_BUILDING,1800589,7586800831,9.0,MID_LANE,3210.0,3217.0,100.0,1788240,,BUILDING_KILL
0.0,TOWER_BUILDING,1800589,7586800831,8.0,MID_LANE,1748.0,2270.0,100.0,1794418,NEXUS_TURRET,BUILDING_KILL
0.0,TOWER_BUILDING,1800589,7586800831,6.0,MID_LANE,2177.0,1807.0,100.0,1796581,NEXUS_TURRET,BUILDING_KILL
0.0,TOWER_BUILDING,900314,7586327819,7.0,TOP_LANE,981.0,10441.0,100.0,845986,OUTER_TURRET,BUILDING_KILL
0.0,TOWER_BUILDING,900332,7586706937,4.0,BOT_LANE,13866.0,4505.0,200.0,885594,OUTER_TURRET,BUILDING_KILL
0.0,TOWER_BUILDING,900332,7586706937,2.0,TOP_LANE,4318.0,13875.0,200.0,891272,OUTER_TURRET,BUILDING_KILL
0.0,TOWER_BUILDING,720304,7587171786,1.0,TOP_LANE,4318.0,13875.0,200.0,691723,OUTER_TURRET,BUILDING_KILL
0.0,TOWER_BUILDING,900336,7587171786,8.0,BOT_LANE,10504.0,1029.0,100.0,867369,OUTER_TURRET,BUILDING_KILL
0.0,TOWER_BUILDING,1020393,7587171786,6.0,BOT_LANE,6919.0,1483.0,100.0,1005680,INNER_TURRET,BUILDING_KILL
0.0,TOWER_BUILDING,1140440,7587171786,4.0,MID_LANE,8955.0,8510.0,200.0,1085435,OUTER_TURRET,BUILDING_KILL
0.0,TOWER_BUILDING,1140440,7587171786,1.0,BOT_LANE,13866.0,4505.0,200.0,1138277,OUTER_TURRET,BUILDING_KILL
0.0,TOWER_BUILDING,900329,7587383452,5.0,MID_LANE,8955.0,8510.0,200.0,857254,OUTER_TURRET,BUILDING_KILL
0.0,TOWER_BUILDING,900329,7587383452,1.0,BOT_LANE,13866.0,4505.0,200.0,871351,OUTER_TURRET,BUILDING_KILL
0.0,TOWER_BUILDING,960339,7587383452,9.0,BOT_LANE,10504.0,1029.0,100.0,932956,OUTER_TURRET,BUILDING_KILL
0.0,TOWER_BUILDING,1080360,7587383452,2.0,TOP_LANE,4318.0,13875.0,200.0,1038776,OUTER_TURRET,BUILDING_KILL
0.0,TOWER_BUILDING,1260376,7587383452,9.0,MID_LANE,5846.0,6396.0,100.0,1211844,OUTER_TURRET,BUILDING_KILL
0.0,TOWER_BUILDING,1380388,7587383452,2.0,TOP_LANE,7943.0,13411.0,200.0,1376492,INNER_TURRET,BUILDING_KILL
0.0,TOWER_BUILDING,1500408,7587383452,3.0,MID_LANE,9767.0,10113.0,200.0,1485176,INNER_TURRET,BUILDING_KILL
0.0,TOWER_BUILDING,1560441,7587383452,2.0,BOT_LANE,13327.0,8226.0,200.0,1500516,INNER_TURRET,BUILDING_KILL
0.0,TOWER_BUILDING,1620467,7587383452,2.0,BOT_LANE,13624.0,10572.0,200.0,1562647,BASE_TURRET,BUILDING_KILL
0.0,INHIBITOR_BUILDING,1680474,7587383452,2.0,BOT_LANE,13594.0,11319.0,200.0,1679491,,BUILDING_KILL
0.0,TOWER_BUILDING,1711800,7587383452,2.0,MID_LANE,13052.0,12612.0,200.0,1686887,NEXUS_TURRET,BUILDING_KILL
0.0,TOWER_BUILDING,1711800,7587383452,2.0,MID_LANE,12611.0,13084.0,200.0,1692977,NEXUS_TURRET,BUILDING_KILL
0.0,TOWER_BUILDING,900352,7585986592,3.0,BOT_LANE,13866.0,4505.0,200.0,899725,OUTER_TURRET,BUILDING_KILL
0.0,TOWER_BUILDING,780296,7586551694,4.0,BOT_LANE,13866.0,4505.0,200.0,754719,OUTER_TURRET,BUILDING_KILL
0.0,TOWER_BUILDING,900320,7586551694,4.0,MID_LANE,8955.0,8510.0,200.0,847192,OUTER_TURRET,BUILDING_KILL
0.0,TOWER_BUILDING,960324,7586551694,3.0,TOP_LANE,4318.0,13875.0,200.0,916658,OUTER_TURRET,BUILDING_KILL
350.0,TOWER_BUILDING,1020335,7586551694,6.0,TOP_LANE,981.0,10441.0,100.0,988382,OUTER_TURRET,BUILDING_KILL
0.0,TOWER_BUILDING,1080345,7586551694,1.0,BOT_LANE,13327.0,8226.0,200.0,1030823,INNER_TURRET,BUILDING_KILL
0.0,TOWER_BUILDING,1080345,7586551694,4.0,MID_LANE,9767.0,10113.0,200.0,1031662,INNER_TURRET,BUILDING_KILL
0.0,TOWER_BUILDING,1080345,7586551694,1.0,MID_LANE,11134.0,11207.0,200.0,1058561,BASE_TURRET,BUILDING_KILL
0.0,INHIBITOR_BUILDING,1080345,7586551694,5.0,MID_LANE,11593.0,11669.0,200.0,1064971,,BUILDING_KILL
0.0,TOWER_BUILDING,1080345,7586551694,2.0,MID_LANE,13052.0,12612.0,200.0,1076633,NEXUS_TURRET,BUILDING_KILL
0.0,TOWER_BUILDING,1118295,7586551694,4.0,MID_LANE,12611.0,13084.0,200.0,1105610,NEXUS_TURRET,BUILDING_KILL
0.0,TOWER_BUILDING,900303,7587606661,5.0,BOT_LANE,13866.0,4505.0,200.0,857035,OUTER_TURRET,BUILDING_KILL
0.0,TOWER_BUILDING,900303,7587606661,6.0,TOP_LANE,981.0,10441.0,100.0,889799,OUTER_TURRET,BUILDING_KILL
0.0,TOWER_BUILDING,1020333,7587606661,3.0,TOP_LANE,4318.0,13875.0,200.0,964364,OUTER_TURRET,BUILDING_KILL
0.0,TOWER_BUILDING,1020333,7587606661,1.0,MID_LANE,8955.0,8510.0,200.0,969910,OUTER_TURRET,BUILDING_KILL
0.0,TOWER_BUILDING,1020333,7587606661,6.0,BOT_LANE,10504.0,1029.0,100.0,979429,OUTER_TURRET,BUILDING_KILL
0.0,TOWER_BUILDING,1140367,7587606661,5.0,MID_LANE,9767.0,10113.0,200.0,1107905,INNER_TURRET,BUILDING_KILL
0.0,TOWER_BUILDING,1140367,7587606661,1.0,MID_LANE,11134.0,11207.0,200.0,1116769,BASE_TURRET,BUILDING_KILL
0.0,TOWER_BUILDING,1140367,7587606661,6.0,BOT_LANE,6919.0,1483.0,100.0,1137049,INNER_TURRET,BUILDING_KILL
0.0,TOWER_BUILDING,1260414,7587606661,1.0,TOP_LANE,7943.0,13411.0,200.0,1259488,INNER_TURRET,BUILDING_KILL
0.0,TOWER_BUILDING,1500451,7587606661,2.0,BOT_LANE,13327.0,8226.0,200.0,1471855,INNER_TURRET,BUILDING_KILL
0.0,TOWER_BUILDING,1500451,7587606661,3.0,TOP_LANE,10481.0,13650.0,200.0,1485619,BASE_TURRET,BUILDING_KILL
0.0,TOWER_BUILDING,1680501,7587606661,4.0,BOT_LANE,13624.0,10572.0,200.0,1655445,BASE_TURRET,BUILDING_KILL
0.0,INHIBITOR_BUILDING,1680501,7587606661,5.0,BOT_LANE,13594.0,11319.0,200.0,1661089,,BUILDING_KILL
0.0,TOWER_BUILDING,1680501,7587606661,1.0,MID_LANE,13052.0,12612.0,200.0,1668178,NEXUS_TURRET,BUILDING_KILL
0.0,INHIBITOR_BUILDING,1740522,7587606661,3.0,MID_LANE,11593.0,11669.0,200.0,1683047,,BUILDING_KILL
250.0,TOWER_BUILDING,1740522,7587606661,9.0,MID_LANE,5846.0,6396.0,100.0,1719193,OUTER_TURRET,BUILDING_KILL
0.0,INHIBITOR_BUILDING,1860554,7587606661,3.0,TOP_LANE,11275.0,13663.0,200.0,1851340,,BUILDING_KILL
0.0,TOWER_BUILDING,1910047,7587606661,4.0,MID_LANE,12611.0,13084.0,200.0,1861255,NEXUS_TURRET,BUILDING_KILL
0.0,TOWER_BUILDING,1910047,7587606661,1.0,MID_LANE,13052.0,12612.0,200.0,1868016,NEXUS_TURRET,BUILDING_KILL
0.0,TOWER_BUILDING,900325,7585999228,6.0,TOP_LANE,981.0,10441.0,100.0,854420,OUTER_TURRET,BUILDING_KILL
0.0,TOWER_BUILDING,900325,7585999228,3.0,BOT_LANE,13866.0,4505.0,200.0,889834,OUTER_TURRET,BUILDING_KILL
0.0,TOWER_BUILDING,960345,7585999228,3.0,BOT_LANE,13327.0,8226.0,200.0,942888,INNER_TURRET,BUILDING_KILL
0.0,TOWER_BUILDING,1080391,7585999228,3.0,MID_LANE,8955.0,8510.0,200.0,1059418,OUTER_TURRET,BUILDING_KILL
0.0,TOWER_BUILDING,1140401,7585999228,6.0,TOP_LANE,1512.0,6699.0,100.0,1086972,INNER_TURRET,BUILDING_KILL
0.0,TOWER_BUILDING,1140401,7585999228,1.0,TOP_LANE,4318.0,13875.0,200.0,1138965,OUTER_TURRET,BUILDING_KILL
0.0,TOWER_BUILDING,1260416,7585999228,6.0,TOP_LANE,1169.0,4287.0,100.0,1238027,BASE_TURRET,BUILDING_KILL
0.0,TOWER_BUILDING,1260416,7585999228,9.0,MID_LANE,5846.0,6396.0,100.0,1241167,OUTER_TURRET,BUILDING_KILL
0.0,TOWER_BUILDING,1380453,7585999228,6.0,BOT_LANE,10504.0,1029.0,100.0,1340526,OUTER_TURRET,BUILDING_KILL
0.0,TOWER_BUILDING,1380453,7585999228,4.0,MID_LANE,9767.0,10113.0,200.0,1343199,INNER_TURRET,BUILDING_KILL
0.0,TOWER_BUILDING,1500476,7585999228,1.0,TOP_LANE,7943.0,13411.0,200.0,1497234,INNER_TURRET,BUILDING_KILL
0.0,TOWER_BUILDING,1560494,7585999228,1.0,TOP_LANE,10481.0,13650.0,200.0,1507892,BASE_TURRET,BUILDING_KILL
0.0,INHIBITOR_BUILDING,1560494,7585999228,5.0,TOP_LANE,11275.0,13663.0,200.0,1514253,,BUILDING_KILL
0.0,TOWER_BUILDING,1661208,7585999228,2.0,BOT_LANE,13624.0,10572.0,200.0,1627775,BASE_TURRET,BUILDING_KILL
0.0,INHIBITOR_BUILDING,1661208,7585999228,1.0,BOT_LANE,13594.0,11319.0,200.0,1644532,,BUILDING_KILL
0.0,TOWER_BUILDING,1661208,7585999228,5.0,MID_LANE,13052.0,12612.0,200.0,1650043,NEXUS_TURRET,BUILDING_KILL
0.0,TOWER_BUILDING,1661208,7585999228,3.0,MID_LANE,11134.0,11207.0,200.0,1650853,BASE_TURRET,BUILDING_KILL
0.0,TOWER_BUILDING,1661208,7585999228,1.0,MID_LANE,12611.0,13084.0,200.0,1652757,NEXUS_TURRET,BUILDING_KILL
0.0,TOWER_BUILDING,840303,7587508818,4.0,BOT_LANE,13866.0,4505.0,200.0,810147,OUTER_TURRET,BUILDING_KILL
0.0,TOWER_BUILDING,1020335,7587508818,3.0,BOT_LANE,13327.0,8226.0,200.0,985716,INNER_TURRET,BUILDING_KILL
0.0,TOWER_BUILDING,1080366,7587508818,3.0,TOP_LANE,4318.0,13875.0,200.0,1062419,OUTER_TURRET,BUILDING_KILL
0.0,TOWER_BUILDING,1140388,7587508818,4.0,MID_LANE,8955.0,8510.0,200.0,1086911,OUTER_TURRET,BUILDING_KILL
0.0,TOWER_BUILDING,1200401,7587508818,6.0,BOT_LANE,10504.0,1029.0,100.0,1156184,OUTER_TURRET,BUILDING_KILL
0.0,TOWER_BUILDING,1260401,7587508818,9.0,MID_LANE,5846.0,6396.0,100.0,1213701,OUTER_TURRET,BUILDING_KILL
0.0,TOWER_BUILDING,1260401,7587508818,8.0,TOP_LANE,981.0,10441.0,100.0,1255078,OUTER_TURRET,BUILDING_KILL
0.0,TOWER_BUILDING,1320430,7587508818,10.0,MID_LANE,5048.0,4812.0,100.0,1297220,INNER_TURRET,BUILDING_KILL
0.0,TOWER_BUILDING,1320430,7587508818,7.0,TOP_LANE,1512.0,6699.0,100.0,1301161,INNER_TURRET,BUILDING_KILL
0.0,TOWER_BUILDING,1500492,7587508818,1.0,TOP_LANE,7943.0,13411.0,200.0,1452152,INNER_TURRET,BUILDING_KILL
0.0,TOWER_BUILDING,1740611,7587508818,4.0,BOT_LANE,13624.0,10572.0,200.0,1716421,BASE_TURRET,BUILDING_KILL
0.0,TOWER_BUILDING,1740611,7587508818,3.0,MID_LANE,9767.0,10113.0,200.0,1718457,INNER_TURRET,BUILDING_KILL
0.0,TOWER_BUILDING,1740611,7587508818,6.0,TOP_LANE,1169.0,4287.0,100.0,1721396,BASE_TURRET,BUILDING_KILL
0.0,TOWER_BUILDING,1740611,7587508818,1.0,MID_LANE,11134.0,11207.0,200.0,1728609,BASE_TURRET,BUILDING_KILL
0.0,INHIBITOR_BUILDING,1740611,7587508818,3.0,MID_LANE,11593.0,11669.0,200.0,1736168,,BUILDING_KILL
0.0,INHIBITOR_BUILDING,1774496,7587508818,4.0,BOT_LANE,13594.0,11319.0,200.0,1743884,,BUILDING_KILL
0.0,TOWER_BUILDING,1774496,7587508818,4.0,MID_LANE,13052.0,12612.0,200.0,1757978,NEXUS_TURRET,BUILDING_KILL
0.0,TOWER_BUILDING,1774496,7587508818,4.0,MID_LANE,12611.0,13084.0,200.0,1766382,NEXUS_TURRET,BUILDING_KILL
0.0,TOWER_BUILDING,780281,7587482194,2.0,MID_LANE,8955.0,8510.0,200.0,740866,OUTER_TURRET,BUILDING_KILL
0.0,TOWER_BUILDING,780281,7587482194,4.0,BOT_LANE,13866.0,4505.0,200.0,779900,OUTER_TURRET,BUILDING_KILL
0.0,TOWER_BUILDING,960311,7587482194,6.0,TOP_LANE,981.0,10441.0,100.0,904903,OUTER_TURRET,BUILDING_KILL
0.0,TOWER_BUILDING,1020313,7587482194,1.0,TOP_LANE,4318.0,13875.0,200.0,984530,OUTER_TURRET,BUILDING_KILL
0.0,TOWER_BUILDING,1080324,7587482194,2.0,TOP_LANE,7943.0,13411.0,200.0,1033204,INNER_TURRET,BUILDING_KILL
0.0,TOWER_BUILDING,1200332,7587482194,6.0,MID_LANE,5846.0,6396.0,100.0,1151583,OUTER_TURRET,BUILDING_KILL
0.0,TOWER_BUILDING,1560485,7587482194,1.0,BOT_LANE,13327.0,8226.0,200.0,1560151,INNER_TURRET,BUILDING_KILL
0.0,TOWER_BUILDING,1740538,7587482194,5.0,MID_LANE,9767.0,10113.0,200.0,1714429,INNER_TURRET,BUILDING_KILL
0.0,TOWER_BUILDING,1860581,7587482194,10.0,MID_LANE,5048.0,4812.0,100.0,1835981,INNER_TURRET,BUILDING_KILL
0.0,TOWER_BUILDING,1860581,7587482194,9.0,MID_LANE,3651.0,3696.0,100.0,1845365,BASE_TURRET,BUILDING_KILL
0.0,TOWER_BUILDING,2016159,7587482194,1.0,BOT_LANE,13624.0,10572.0,200.0,1986793,BASE_TURRET,BUILDING_KILL
0.0,INHIBITOR_BUILDING,2016159,7587482194,3.0,BOT_LANE,13594.0,11319.0,200.0,1991920,,BUILDING_KILL
0.0,TOWER_BUILDING,2016159,7587482194,1.0,MID_LANE,13052.0,12612.0,200.0,2000387,NEXUS_TURRET,BUILDING_KILL
0.0,TOWER_BUILDING,2016159,7587482194,1.0,MID_LANE,12611.0,13084.0,200.0,2004528,NEXUS_TURRET,BUILDING_KILL
0.0,TOWER_BUILDING,960345,7586120413,1.0,BOT_LANE,13866.0,4505.0,200.0,923626,OUTER_TURRET,BUILDING_KILL
0.0,TOWER_BUILDING,1080368,7586120413,6.0,TOP_LANE,981.0,10441.0,100.0,1051151,OUTER_TURRET,BUILDING_KILL
0.0,TOWER_BUILDING,1140401,7586120413,1.0,TOP_LANE,4318.0,13875.0,200.0,1100306,OUTER_TURRET,BUILDING_KILL
0.0,TOWER_BUILDING,1140401,7586120413,9.0,MID_LANE,5846.0,6396.0,100.0,1133689,OUTER_TURRET,BUILDING_KILL
0.0,TOWER_BUILDING,1200423,7586120413,1.0,TOP_LANE,7943.0,13411.0,200.0,1142304,INNER_TURRET,BUILDING_KILL
0.0,TOWER_BUILDING,1200423,7586120413,8.0,BOT_LANE,10504.0,1029.0,100.0,1154408,OUTER_TURRET,BUILDING_KILL
0.0,TOWER_BUILDING,1320453,7586120413,3.0,MID_LANE,8955.0,8510.0,200.0,1273401,OUTER_TURRET,BUILDING_KILL
0.0,TOWER_BUILDING,1320453,7586120413,4.0,MID_LANE,9767.0,10113.0,200.0,1290050,INNER_TURRET,BUILDING_KILL
0.0,TOWER_BUILDING,1500502,7586120413,3.0,TOP_LANE,10481.0,13650.0,200.0,1449039,BASE_TURRET,BUILDING_KILL
0.0,TOWER_BUILDING,1584417,7586120413,1.0,BOT_LANE,13327.0,8226.0,200.0,1565433,INNER_TURRET,BUILDING_KILL
0.0,TOWER_BUILDING,1080377,7586964968,6.0,TOP_LANE,981.0,10441.0,100.0,1048068,OUTER_TURRET,BUILDING_KILL
0.0,TOWER_BUILDING,1140381,7586964968,9.0,MID_LANE,5846.0,6396.0,100.0,1127118,OUTER_TURRET,BUILDING_KILL
0.0,TOWER_BUILDING,720240,7586101444,4.0,BOT_LANE,13866.0,4505.0,200.0,672028,OUTER_TURRET,BUILDING_KILL
0.0,TOWER_BUILDING,780270,7586101444,1.0,TOP_LANE,4318.0,13875.0,200.0,780143,OUTER_TURRET,BUILDING_KILL
0.0,TOWER_BUILDING,900312,7586101444,4.0,MID_LANE,8955.0,8510.0,200.0,847907,OUTER_TURRET,BUILDING_KILL
0.0,TOWER_BUILDING,900402,7587098579,9.0,BOT_LANE,10504.0,1029.0,100.0,848856,OUTER_TURRET,BUILDING_KILL
0.0,TOWER_BUILDING,900402,7587098579,6.0,TOP_LANE,981.0,10441.0,100.0,867232,OUTER_TURRET,BUILDING_KILL
0.0,TOWER_BUILDING,960435,7587098579,9.0,MID_LANE,5846.0,6396.0,100.0,913238,OUTER_TURRET,BUILDING_KILL
0.0,TOWER_BUILDING,780254,7586626054,8.0,BOT_LANE,10504.0,1029.0,100.0,774664,OUTER_TURRET,BUILDING_KILL
0.0,TOWER_BUILDING,900289,7586626054,6.0,TOP_LANE,981.0,10441.0,100.0,866429,OUTER_TURRET,BUILDING_KILL
0.0,TOWER_BUILDING,1140385,7586626054,6.0,MID_LANE,5846.0,6396.0,100.0,1088988,OUTER_TURRET,BUILDING_KILL
0.0,TOWER_BUILDING,1200389,7586626054,6.0,BOT_LANE,6919.0,1483.0,100.0,1166813,INNER_TURRET,BUILDING_KILL
0.0,TOWER_BUILDING,1320430,7586626054,3.0,BOT_LANE,13866.0,4505.0,200.0,1260918,OUTER_TURRET,BUILDING_KILL
0.0,TOWER_BUILDING,1320430,7586626054,1.0,MID_LANE,8955.0,8510.0,200.0,1274930,OUTER_TURRET,BUILDING_KILL
0.0,TOWER_BUILDING,1440463,7586626054,1.0,TOP_LANE,4318.0,13875.0,200.0,1421267,OUTER_TURRET,BUILDING_KILL
0.0,TOWER_BUILDING,1440463,7586626054,1.0,TOP_LANE,7943.0,13411.0,200.0,1439161,INNER_TURRET,BUILDING_KILL
0.0,TOWER_BUILDING,1500469,7586626054,10.0,MID_LANE,5048.0,4812.0,100.0,1475746,INNER_TURRET,BUILDING_KILL
0.0,TOWER_BUILDING,1620479,7586626054,6.0,TOP_LANE,1512.0,6699.0,100.0,1568606,INNER_TURRET,BUILDING_KILL
0.0,TOWER_BUILDING,1680483,7586626054,6.0,BOT_LANE,4281.0,1253.0,100.0,1647061,BASE_TURRET,BUILDING_KILL
0.0,INHIBITOR_BUILDING,1680483,7586626054,10.0,BOT_LANE,3468.0,1230.0,100.0,1654042,,BUILDING_KILL
0.0,TOWER_BUILDING,1680483,7586626054,8.0,MID_LANE,2177.0,1807.0,100.0,1661323,NEXUS_TURRET,BUILDING_KILL
0.0,TOWER_BUILDING,1860543,7586626054,9.0,MID_LANE,3651.0,3696.0,100.0,1813626,BASE_TURRET,BUILDING_KILL
0.0,INHIBITOR_BUILDING,1860543,7586626054,9.0,MID_LANE,3210.0,3217.0,100.0,1840405,,BUILDING_KILL
0.0,TOWER_BUILDING,720262,7587481342,8.0,TOP_LANE,981.0,10441.0,100.0,714017,OUTER_TURRET,BUILDING_KILL
0.0,TOWER_BUILDING,900307,7587481342,8.0,BOT_LANE,10504.0,1029.0,100.0,889945,OUTER_TURRET,BUILDING_KILL
0.0,TOWER_BUILDING,960340,7587481342,8.0,BOT_LANE,6919.0,1483.0,100.0,936749,INNER_TURRET,BUILDING_KILL
0.0,TOWER_BUILDING,1080373,7587481342,4.0,MID_LANE,8955.0,8510.0,200.0,1062023,OUTER_TURRET,BUILDING_KILL
0.0,TOWER_BUILDING,1080373,7587481342,8.0,BOT_LANE,4281.0,1253.0,100.0,1068368,BASE_TURRET,BUILDING_KILL
0.0,TOWER_BUILDING,1260417,7587481342,9.0,MID_LANE,5846.0,6396.0,100.0,1242547,OUTER_TURRET,BUILDING_KILL
0.0,TOWER_BUILDING,1320430,7587481342,1.0,MID_LANE,9767.0,10113.0,200.0,1270636,INNER_TURRET,BUILDING_KILL
0.0,TOWER_BUILDING,1320430,7587481342,2.0,MID_LANE,11134.0,11207.0,200.0,1281365,BASE_TURRET,BUILDING_KILL
0.0,INHIBITOR_BUILDING,1320430,7587481342,2.0,MID_LANE,11593.0,11669.0,200.0,1287510,,BUILDING_KILL
0.0,INHIBITOR_BUILDING,1560489,7587481342,10.0,BOT_LANE,3468.0,1230.0,100.0,1528776,,BUILDING_KILL
0.0,TOWER_BUILDING,1800556,7587481342,8.0,MID_LANE,5048.0,4812.0,100.0,1750859,INNER_TURRET,BUILDING_KILL
0.0,TOWER_BUILDING,1800556,7587481342,9.0,MID_LANE,2177.0,1807.0,100.0,1772575,NEXUS_TURRET,BUILDING_KILL
0.0,TOWER_BUILDING,1800556,7587481342,8.0,MID_LANE,1748.0,2270.0,100.0,1783135,NEXUS_TURRET,BUILDING_KILL
0.0,TOWER_BUILDING,1917610,7587481342,9.0,MID_LANE,3651.0,3696.0,100.0,1892954,BASE_TURRET,BUILDING_KILL
0.0,INHIBITOR_BUILDING,1917610,7587481342,9.0,MID_LANE,3210.0,3217.0,100.0,1900234,,BUILDING_KILL
0.0,TOWER_BUILDING,720240,7587604585,3.0,TOP_LANE,4318.0,13875.0,200.0,668707,OUTER_TURRET,BUILDING_KILL
0.0,TOWER_BUILDING,780252,7587604585,9.0,BOT_LANE,10504.0,1029.0,100.0,778560,OUTER_TURRET,BUILDING_KILL
0.0,TOWER_BUILDING,900294,7587604585,10.0,MID_LANE,5846.0,6396.0,100.0,847593,OUTER_TURRET,BUILDING_KILL
0.0,TOWER_BUILDING,1020339,7587604585,3.0,BOT_LANE,13866.0,4505.0,200.0,1018865,OUTER_TURRET,BUILDING_KILL
0.0,TOWER_BUILDING,1140384,7587604585,9.0,MID_LANE,5048.0,4812.0,100.0,1097841,INNER_TURRET,BUILDING_KILL
0.0,TOWER_BUILDING,1140384,7587604585,6.0,TOP_LANE,981.0,10441.0,100.0,1108468,OUTER_TURRET,BUILDING_KILL
0.0,TOWER_BUILDING,1140384,7587604585,9.0,MID_LANE,3651.0,3696.0,100.0,1113309,BASE_TURRET,BUILDING_KILL
0.0,TOWER_BUILDING,1440437,7587604585,6.0,BOT_LANE,6919.0,1483.0,100.0,1428077,INNER_TURRET,BUILDING_KILL
0.0,INHIBITOR_BUILDING,1440437,7587604585,9.0,MID_LANE,3210.0,3217.0,100.0,1432819,,BUILDING_KILL
0.0,TOWER_BUILDING,1500470,7587604585,9.0,BOT_LANE,4281.0,1253.0,100.0,1446749,BASE_TURRET,BUILDING_KILL
0.0,TOWER_BUILDING,780340,7587286299,3.0,MID_LANE,8955.0,8510.0,200.0,761624,OUTER_TURRET,BUILDING_KILL
0.0,TOWER_BUILDING,840362,7587286299,1.0,TOP_LANE,4318.0,13875.0,200.0,835604,OUTER_TURRET,BUILDING_KILL
0.0,TOWER_BUILDING,900389,7587286299,8.0,MID_LANE,5846.0,6396.0,100.0,894142,OUTER_TURRET,BUILDING_KILL
0.0,TOWER_BUILDING,960397,7587286299,4.0,BOT_LANE,13866.0,4505.0,200.0,900957,OUTER_TURRET,BUILDING_KILL
0.0,TOWER_BUILDING,960397,7587286299,3.0,TOP_LANE,7943.0,13411.0,200.0,939592,INNER_TURRET,BUILDING_KILL
0.0,TOWER_BUILDING,1020409,7587286299,1.0,MID_LANE,9767.0,10113.0,200.0,1003061,INNER_TURRET,BUILDING_KILL
0.0,TOWER_BUILDING,1140446,7587286299,1.0,BOT_LANE,13327.0,8226.0,200.0,1123367,INNER_TURRET,BUILDING_KILL
0.0,TOWER_BUILDING,540281,7585810611,1.0,TOP_LANE,4318.0,13875.0,200.0,515878,OUTER_TURRET,BUILDING_KILL
0.0,TOWER_BUILDING,780346,7585810611,9.0,BOT_LANE,10504.0,1029.0,100.0,777955,OUTER_TURRET,BUILDING_KILL
0.0,TOWER_BUILDING,960387,7585810611,4.0,BOT_LANE,13866.0,4505.0,200.0,924002,OUTER_TURRET,BUILDING_KILL
0.0,TOWER_BUILDING,1080405,7585810611,9.0,MID_LANE,5846.0,6396.0,100.0,1041541,OUTER_TURRET,BUILDING_KILL
0.0,TOWER_BUILDING,1260461,7585810611,6.0,TOP_LANE,981.0,10441.0,100.0,1215135,OUTER_TURRET,BUILDING_KILL
0.0,TOWER_BUILDING,1320486,7585810611,3.0,BOT_LANE,13327.0,8226.0,200.0,1275246,INNER_TURRET,BUILDING_KILL
0.0,TOWER_BUILDING,1320486,7585810611,1.0,MID_LANE,8955.0,8510.0,200.0,1294608,OUTER_TURRET,BUILDING_KILL
0.0,TOWER_BUILDING,1440511,7585810611,4.0,TOP_LANE,7943.0,13411.0,200.0,1414103,INNER_TURRET,BUILDING_KILL
0.0,TOWER_BUILDING,1560539,7585810611,1.0,TOP_LANE,10481.0,13650.0,200.0,1538575,BASE_TURRET,BUILDING_KILL
0.0,TOWER_BUILDING,1740591,7585810611,6.0,MID_LANE,5048.0,4812.0,100.0,1705570,INNER_TURRET,BUILDING_KILL
0.0,TOWER_BUILDING,1800619,7585810611,9.0,TOP_LANE,1512.0,6699.0,100.0,1791187,INNER_TURRET,BUILDING_KILL
0.0,TOWER_BUILDING,1860641,7585810611,6.0,TOP_LANE,1169.0,4287.0,100.0,1839810,BASE_TURRET,BUILDING_KILL
0.0,INHIBITOR_BUILDING,1860641,7585810611,6.0,TOP_LANE,1172.0,3583.0,100.0,1848581,,BUILDING_KILL
0.0,TOWER_BUILDING,1860641,7585810611,6.0,MID_LANE,1748.0,2270.0,100.0,1859236,NEXUS_TURRET,BUILDING_KILL
0.0,TOWER_BUILDING,1920671,7585810611,6.0,MID_LANE,2177.0,1807.0,100.0,1868222,NEXUS_TURRET,BUILDING_KILL
0.0,TOWER_BUILDING,1920671,7585810611,7.0,BOT_LANE,6919.0,1483.0,100.0,1882601,INNER_TURRET,BUILDING_KILL
0.0,TOWER_BUILDING,2160716,7585810611,7.0,MID_LANE,3651.0,3696.0,100.0,2143620,BASE_TURRET,BUILDING_KILL
0.0,INHIBITOR_BUILDING,2182043,7585810611,10.0,MID_LANE,3210.0,3217.0,100.0,2161016,,BUILDING_KILL
0.0,TOWER_BUILDING,2182043,7585810611,6.0,MID_LANE,1748.0,2270.0,100.0,2169199,NEXUS_TURRET,BUILDING_KILL
0.0,TOWER_BUILDING,2182043,7585810611,7.0,MID_LANE,2177.0,1807.0,100.0,2171856,NEXUS_TURRET,BUILDING_KILL
0.0,TOWER_BUILDING,660244,7585804234,4.0,BOT_LANE,13866.0,4505.0,200.0,628161,OUTER_TURRET,BUILDING_KILL
0.0,TOWER_BUILDING,960335,7585804234,8.0,BOT_LANE,10504.0,1029.0,100.0,952400,OUTER_TURRET,BUILDING_KILL
0.0,TOWER_BUILDING,960335,7585804234,1.0,TOP_LANE,4318.0,13875.0,200.0,958865,OUTER_TURRET,BUILDING_KILL
0.0,TOWER_BUILDING,1020357,7585804234,4.0,MID_LANE,8955.0,8510.0,200.0,983543,OUTER_TURRET,BUILDING_KILL
0.0,TOWER_BUILDING,1140378,7585804234,9.0,TOP_LANE,981.0,10441.0,100.0,1097774,OUTER_TURRET,BUILDING_KILL
0.0,TOWER_BUILDING,1140378,7585804234,8.0,MID_LANE,5846.0,6396.0,100.0,1127096,OUTER_TURRET,BUILDING_KILL
0.0,TOWER_BUILDING,1320421,7585804234,2.0,MID_LANE,9767.0,10113.0,200.0,1276158,INNER_TURRET,BUILDING_KILL
0.0,TOWER_BUILDING,1440450,7585804234,9.0,MID_LANE,5048.0,4812.0,100.0,1397735,INNER_TURRET,BUILDING_KILL
0.0,TOWER_BUILDING,1440450,7585804234,8.0,MID_LANE,3651.0,3696.0,100.0,1408248,BASE_TURRET,BUILDING_KILL
0.0,TOWER_BUILDING,1560481,7585804234,1.0,BOT_LANE,13327.0,8226.0,200.0,1511655,INNER_TURRET,BUILDING_KILL
0.0,INHIBITOR_BUILDING,1612919,7585804234,8.0,MID_LANE,3210.0,3217.0,100.0,1581378,,BUILDING_KILL
0.0,TOWER_BUILDING,1612919,7585804234,8.0,MID_LANE,1748.0,2270.0,100.0,1591585,NEXUS_TURRET,BUILDING_KILL
0.0,TOWER_BUILDING,1612919,7585804234,8.0,MID_LANE,2177.0,1807.0,100.0,1596736,NEXUS_TURRET,BUILDING_KILL
0.0,TOWER_BUILDING,780304,7585872728,9.0,BOT_LANE,10504.0,1029.0,100.0,764799,OUTER_TURRET,BUILDING_KILL
0.0,TOWER_BUILDING,840321,7585872728,10.0,MID_LANE,5846.0,6396.0,100.0,819136,OUTER_TURRET,BUILDING_KILL
0.0,TOWER_BUILDING,960344,7585872728,1.0,TOP_LANE,4318.0,13875.0,200.0,955379,OUTER_TURRET,BUILDING_KILL
0.0,TOWER_BUILDING,1140376,7585872728,8.0,MID_LANE,5048.0,4812.0,100.0,1128403,INNER_TURRET,BUILDING_KILL
0.0,TOWER_BUILDING,1380429,7585872728,5.0,TOP_LANE,7943.0,13411.0,200.0,1351288,INNER_TURRET,BUILDING_KILL
0.0,TOWER_BUILDING,1380429,7585872728,5.0,TOP_LANE,10481.0,13650.0,200.0,1360577,BASE_TURRET,BUILDING_KILL
0.0,TOWER_BUILDING,1620485,7585872728,0.0,TOP_LANE,981.0,10441.0,100.0,1580218,OUTER_TURRET,BUILDING_KILL
0.0,TOWER_BUILDING,1740510,7585872728,3.0,BOT_LANE,13866.0,4505.0,200.0,1724636,OUTER_TURRET,BUILDING_KILL
0.0,TOWER_BUILDING,1780418,7585872728,5.0,BOT_LANE,13327.0,8226.0,200.0,1745660,INNER_TURRET,BUILDING_KILL
0.0,TOWER_BUILDING,1780418,7585872728,5.0,BOT_LANE,13624.0,10572.0,200.0,1754849,BASE_TURRET,BUILDING_KILL
0.0,INHIBITOR_BUILDING,1780418,7585872728,5.0,BOT_LANE,13594.0,11319.0,200.0,1758991,,BUILDING_KILL
0.0,TOWER_BUILDING,1780418,7585872728,3.0,MID_LANE,13052.0,12612.0,200.0,1767094,NEXUS_TURRET,BUILDING_KILL
0.0,TOWER_BUILDING,1780418,7585872728,3.0,MID_LANE,12611.0,13084.0,200.0,1771800,NEXUS_TURRET,BUILDING_KILL
0.0,TOWER_BUILDING,840319,7587633147,1.0,BOT_LANE,13866.0,4505.0,200.0,782347,OUTER_TURRET,BUILDING_KILL
0.0,TOWER_BUILDING,1020355,7587633147,6.0,BOT_LANE,10504.0,1029.0,100.0,976998,OUTER_TURRET,BUILDING_KILL
0.0,TOWER_BUILDING,1020355,7587633147,3.0,TOP_LANE,4318.0,13875.0,200.0,997923,OUTER_TURRET,BUILDING_KILL
0.0,TOWER_BUILDING,1080362,7587633147,6.0,TOP_LANE,981.0,10441.0,100.0,1044174,OUTER_TURRET,BUILDING_KILL
0.0,TOWER_BUILDING,1200383,7587633147,5.0,MID_LANE,8955.0,8510.0,200.0,1159600,OUTER_TURRET,BUILDING_KILL
0.0,TOWER_BUILDING,1200383,7587633147,6.0,MID_LANE,5846.0,6396.0,100.0,1187626,OUTER_TURRET,BUILDING_KILL
0.0,TOWER_BUILDING,1380419,7587633147,4.0,MID_LANE,9767.0,10113.0,200.0,1364345,INNER_TURRET,BUILDING_KILL
0.0,TOWER_BUILDING,1500451,7587633147,6.0,MID_LANE,5048.0,4812.0,100.0,1449533,INNER_TURRET,BUILDING_KILL
0.0,TOWER_BUILDING,1500451,7587633147,6.0,MID_LANE,3651.0,3696.0,100.0,1458427,BASE_TURRET,BUILDING_KILL
0.0,INHIBITOR_BUILDING,1500451,7587633147,6.0,MID_LANE,3210.0,3217.0,100.0,1462902,,BUILDING_KILL
0.0,TOWER_BUILDING,1560484,7587633147,6.0,BOT_LANE,6919.0,1483.0,100.0,1513018,INNER_TURRET,BUILDING_KILL
0.0,TOWER_BUILDING,1560484,7587633147,6.0,BOT_LANE,4281.0,1253.0,100.0,1533420,BASE_TURRET,BUILDING_KILL
0.0,INHIBITOR_BUILDING,1560484,7587633147,6.0,BOT_LANE,3468.0,1230.0,100.0,1538329,,BUILDING_KILL
0.0,TOWER_BUILDING,1620512,7587633147,9.0,MID_LANE,2177.0,1807.0,100.0,1567436,NEXUS_TURRET,BUILDING_KILL
0.0,TOWER_BUILDING,1659281,7587633147,9.0,MID_LANE,1748.0,2270.0,100.0,1647124,NEXUS_TURRET,BUILDING_KILL
0.0,TOWER_BUILDING,720276,7587383970,9.0,BOT_LANE,10504.0,1029.0,100.0,707273,OUTER_TURRET,BUILDING_KILL
0.0,TOWER_BUILDING,900303,7587383970,9.0,MID_LANE,5846.0,6396.0,100.0,880070,OUTER_TURRET,BUILDING_KILL
0.0,TOWER_BUILDING,941899,7587383970,6.0,TOP_LANE,981.0,10441.0,100.0,907584,OUTER_TURRET,BUILDING_KILL
0.0,TOWER_BUILDING,840291,7586316131,1.0,TOP_LANE,4318.0,13875.0,200.0,795686,OUTER_TURRET,BUILDING_KILL
0.0,TOWER_BUILDING,840291,7586316131,9.0,BOT_LANE,10504.0,1029.0,100.0,836751,OUTER_TURRET,BUILDING_KILL
0.0,TOWER_BUILDING,1080357,7586316131,2.0,MID_LANE,8955.0,8510.0,200.0,1032130,OUTER_TURRET,BUILDING_KILL
0.0,TOWER_BUILDING,1080357,7586316131,1.0,TOP_LANE,7943.0,13411.0,200.0,1074267,INNER_TURRET,BUILDING_KILL
0.0,TOWER_BUILDING,1140368,7586316131,1.0,BOT_LANE,13866.0,4505.0,200.0,1135163,OUTER_TURRET,BUILDING_KILL
0.0,TOWER_BUILDING,1320425,7586316131,9.0,MID_LANE,5846.0,6396.0,100.0,1295103,OUTER_TURRET,BUILDING_KILL
0.0,TOWER_BUILDING,1440455,7586316131,1.0,BOT_LANE,13327.0,8226.0,200.0,1418913,INNER_TURRET,BUILDING_KILL
0.0,TOWER_BUILDING,1620498,7586316131,1.0,BOT_LANE,13624.0,10572.0,200.0,1594912,BASE_TURRET,BUILDING_KILL
0.0,INHIBITOR_BUILDING,1620498,7586316131,1.0,BOT_LANE,13594.0,11319.0,200.0,1603998,,BUILDING_KILL
0.0,TOWER_BUILDING,1680521,7586316131,2.0,MID_LANE,9767.0,10113.0,200.0,1625675,INNER_TURRET,BUILDING_KILL
0.0,TOWER_BUILDING,1740525,7586316131,4.0,MID_LANE,11134.0,11207.0,200.0,1733813,BASE_TURRET,BUILDING_KILL
0.0,INHIBITOR_BUILDING,1740525,7586316131,2.0,MID_LANE,11593.0,11669.0,200.0,1739799,,BUILDING_KILL
0.0,TOWER_BUILDING,1795343,7586316131,2.0,TOP_LANE,10481.0,13650.0,200.0,1753219,BASE_TURRET,BUILDING_KILL
0.0,INHIBITOR_BUILDING,1795343,7586316131,1.0,TOP_LANE,11275.0,13663.0,200.0,1757930,,BUILDING_KILL
0.0,TOWER_BUILDING,1795343,7586316131,4.0,MID_LANE,12611.0,13084.0,200.0,1762840,NEXUS_TURRET,BUILDING_KILL
0.0,TOWER_BUILDING,1795343,7586316131,1.0,MID_LANE,13052.0,12612.0,200.0,1769362,NEXUS_TURRET,BUILDING_KILL
0.0,TOWER_BUILDING,1020349,7585977639,4.0,BOT_LANE,13866.0,4505.0,200.0,1003807,OUTER_TURRET,BUILDING_KILL
0.0,TOWER_BUILDING,1020349,7585977639,8.0,MID_LANE,5846.0,6396.0,100.0,1004241,OUTER_TURRET,BUILDING_KILL
0.0,TOWER_BUILDING,1140354,7585977639,2.0,MID_LANE,8955.0,8510.0,200.0,1097206,OUTER_TURRET,BUILDING_KILL
0.0,TOWER_BUILDING,1140354,7585977639,8.0,BOT_LANE,10504.0,1029.0,100.0,1100128,OUTER_TURRET,BUILDING_KILL
0.0,TOWER_BUILDING,1140354,7585977639,6.0,TOP_LANE,981.0,10441.0,100.0,1126623,OUTER_TURRET,BUILDING_KILL
0.0,TOWER_BUILDING,1260376,7585977639,1.0,TOP_LANE,4318.0,13875.0,200.0,1203861,OUTER_TURRET,BUILDING_KILL
0.0,TOWER_BUILDING,1320408,7585977639,9.0,MID_LANE,5048.0,4812.0,100.0,1304028,INNER_TURRET,BUILDING_KILL
0.0,TOWER_BUILDING,1440432,7585977639,4.0,MID_LANE,9767.0,10113.0,200.0,1390278,INNER_TURRET,BUILDING_KILL
0.0,TOWER_BUILDING,1440432,7585977639,2.0,TOP_LANE,7943.0,13411.0,200.0,1424209,INNER_TURRET,BUILDING_KILL
0.0,TOWER_BUILDING,1500450,7585977639,2.0,TOP_LANE,10481.0,13650.0,200.0,1446597,BASE_TURRET,BUILDING_KILL
0.0,TOWER_BUILDING,1500450,7585977639,3.0,MID_LANE,11134.0,11207.0,200.0,1454552,BASE_TURRET,BUILDING_KILL
0.0,INHIBITOR_BUILDING,1500450,7585977639,2.0,TOP_LANE,11275.0,13663.0,200.0,1461237,,BUILDING_KILL
0.0,INHIBITOR_BUILDING,1500450,7585977639,4.0,MID_LANE,11593.0,11669.0,200.0,1463742,,BUILDING_KILL
0.0,TOWER_BUILDING,1500450,7585977639,4.0,MID_LANE,13052.0,12612.0,200.0,1491618,NEXUS_TURRET,BUILDING_KILL
0.0,TOWER_BUILDING,1537962,7585977639,2.0,MID_LANE,12611.0,13084.0,200.0,1518206,NEXUS_TURRET,BUILDING_KILL
0.0,TOWER_BUILDING,780290,7587414509,9.0,BOT_LANE,10504.0,1029.0,100.0,743622,OUTER_TURRET,BUILDING_KILL
250.0,TOWER_BUILDING,900306,7587414509,3.0,TOP_LANE,4318.0,13875.0,200.0,875384,OUTER_TURRET,BUILDING_KILL
0.0,TOWER_BUILDING,960329,7587414509,9.0,MID_LANE,5846.0,6396.0,100.0,912931,OUTER_TURRET,BUILDING_KILL
0.0,TOWER_BUILDING,960329,7587414509,6.0,TOP_LANE,981.0,10441.0,100.0,939276,OUTER_TURRET,BUILDING_KILL
0.0,TOWER_BUILDING,1140361,7587414509,10.0,MID_LANE,5048.0,4812.0,100.0,1113373,INNER_TURRET,BUILDING_KILL
0.0,TOWER_BUILDING,1140361,7587414509,6.0,BOT_LANE,6919.0,1483.0,100.0,1125707,INNER_TURRET,BUILDING_KILL
0.0,TOWER_BUILDING,1311144,7587414509,10.0,MID_LANE,3651.0,3696.0,100.0,1294679,BASE_TURRET,BUILDING_KILL
0.0,TOWER_BUILDING,1080445,7585953657,6.0,TOP_LANE,981.0,10441.0,100.0,1053026,OUTER_TURRET,BUILDING_KILL
0.0,TOWER_BUILDING,1080445,7585953657,3.0,BOT_LANE,13866.0,4505.0,200.0,1062825,OUTER_TURRET,BUILDING_KILL
0.0,TOWER_BUILDING,1140445,7585953657,10.0,MID_LANE,5846.0,6396.0,100.0,1088396,OUTER_TURRET,BUILDING_KILL
0.0,TOWER_BUILDING,1140445,7585953657,2.0,MID_LANE,8955.0,8510.0,200.0,1127893,OUTER_TURRET,BUILDING_KILL
0.0,TOWER_BUILDING,1200466,7585953657,6.0,BOT_LANE,10504.0,1029.0,100.0,1183264,OUTER_TURRET,BUILDING_KILL
0.0,TOWER_BUILDING,1320507,7585953657,5.0,TOP_LANE,4318.0,13875.0,200.0,1307799,OUTER_TURRET,BUILDING_KILL
0.0,TOWER_BUILDING,1440527,7585953657,7.0,MID_LANE,5048.0,4812.0,100.0,1428603,INNER_TURRET,BUILDING_KILL
0.0,TOWER_BUILDING,780256,7587337431,5.0,TOP_LANE,4318.0,13875.0,200.0,751354,OUTER_TURRET,BUILDING_KILL
0.0,TOWER_BUILDING,900274,7587337431,1.0,MID_LANE,8955.0,8510.0,200.0,887227,OUTER_TURRET,BUILDING_KILL
0.0,TOWER_BUILDING,960288,7587337431,8.0,TOP_LANE,981.0,10441.0,100.0,919589,OUTER_TURRET,BUILDING_KILL
0.0,TOWER_BUILDING,960288,7587337431,3.0,BOT_LANE,13866.0,4505.0,200.0,920090,OUTER_TURRET,BUILDING_KILL
0.0,TOWER_BUILDING,1140373,7587337431,8.0,BOT_LANE,10504.0,1029.0,100.0,1081980,OUTER_TURRET,BUILDING_KILL
0.0,TOWER_BUILDING,1140373,7587337431,9.0,MID_LANE,5846.0,6396.0,100.0,1118456,OUTER_TURRET,BUILDING_KILL
0.0,TOWER_BUILDING,1140373,7587337431,8.0,MID_LANE,5048.0,4812.0,100.0,1132109,INNER_TURRET,BUILDING_KILL
0.0,TOWER_BUILDING,900363,7586119804,1.0,TOP_LANE,4318.0,13875.0,200.0,859543,OUTER_TURRET,BUILDING_KILL
0.0,TOWER_BUILDING,960388,7586119804,6.0,TOP_LANE,981.0,10441.0,100.0,933313,OUTER_TURRET,BUILDING_KILL
0.0,TOWER_BUILDING,960388,7586119804,3.0,MID_LANE,8955.0,8510.0,200.0,952580,OUTER_TURRET,BUILDING_KILL
0.0,TOWER_BUILDING,1020389,7586119804,1.0,BOT_LANE,13866.0,4505.0,200.0,969464,OUTER_TURRET,BUILDING_KILL
0.0,TOWER_BUILDING,1080399,7586119804,2.0,MID_LANE,9767.0,10113.0,200.0,1075284,INNER_TURRET,BUILDING_KILL
0.0,TOWER_BUILDING,1260464,7586119804,2.0,BOT_LANE,13327.0,8226.0,200.0,1205888,INNER_TURRET,BUILDING_KILL
0.0,TOWER_BUILDING,1260464,7586119804,6.0,TOP_LANE,1512.0,6699.0,100.0,1224435,INNER_TURRET,BUILDING_KILL
0.0,TOWER_BUILDING,1320491,7586119804,8.0,BOT_LANE,10504.0,1029.0,100.0,1287331,OUTER_TURRET,BUILDING_KILL
0.0,TOWER_BUILDING,1320491,7586119804,6.0,MID_LANE,5846.0,6396.0,100.0,1298061,OUTER_TURRET,BUILDING_KILL
0.0,TOWER_BUILDING,1320491,7586119804,3.0,TOP_LANE,7943.0,13411.0,200.0,1316216,INNER_TURRET,BUILDING_KILL
0.0,TOWER_BUILDING,1680597,7586119804,4.0,MID_LANE,11134.0,11207.0,200.0,1672528,BASE_TURRET,BUILDING_KILL
0.0,INHIBITOR_BUILDING,1680597,7586119804,1.0,MID_LANE,11593.0,11669.0,200.0,1676355,,BUILDING_KILL
0.0,TOWER_BUILDING,1698700,7586119804,1.0,MID_LANE,13052.0,12612.0,200.0,1684138,NEXUS_TURRET,BUILDING_KILL
0.0,TOWER_BUILDING,1698700,7586119804,4.0,MID_LANE,12611.0,13084.0,200.0,1686809,NEXUS_TURRET,BUILDING_KILL
0.0,TOWER_BUILDING,960345,7587023826,6.0,TOP_LANE,981.0,10441.0,100.0,916326,OUTER_TURRET,BUILDING_KILL
0.0,TOWER_BUILDING,960345,7587023826,1.0,MID_LANE,8955.0,8510.0,200.0,917361,OUTER_TURRET,BUILDING_KILL
0.0,TOWER_BUILDING,1080403,7587023826,3.0,BOT_LANE,13866.0,4505.0,200.0,1020772,OUTER_TURRET,BUILDING_KILL
0.0,TOWER_BUILDING,1140420,7587023826,9.0,MID_LANE,5846.0,6396.0,100.0,1093666,OUTER_TURRET,BUILDING_KILL
0.0,TOWER_BUILDING,1320485,7587023826,3.0,TOP_LANE,4318.0,13875.0,200.0,1281337,OUTER_TURRET,BUILDING_KILL
0.0,TOWER_BUILDING,1440552,7587023826,9.0,BOT_LANE,10504.0,1029.0,100.0,1420943,OUTER_TURRET,BUILDING_KILL
0.0,TOWER_BUILDING,1440552,7587023826,2.0,TOP_LANE,7943.0,13411.0,200.0,1431465,INNER_TURRET,BUILDING_KILL
0.0,TOWER_BUILDING,600255,7586391691,5.0,BOT_LANE,13866.0,4505.0,200.0,575591,OUTER_TURRET,BUILDING_KILL
0.0,TOWER_BUILDING,840288,7586391691,3.0,MID_LANE,8955.0,8510.0,200.0,817981,OUTER_TURRET,BUILDING_KILL
0.0,TOWER_BUILDING,1020353,7586391691,1.0,TOP_LANE,4318.0,13875.0,200.0,971831,OUTER_TURRET,BUILDING_KILL
0.0,TOWER_BUILDING,1080361,7586391691,3.0,BOT_LANE,13327.0,8226.0,200.0,1059632,INNER_TURRET,BUILDING_KILL
0.0,TOWER_BUILDING,1080361,7586391691,9.0,TOP_LANE,981.0,10441.0,100.0,1066045,OUTER_TURRET,BUILDING_KILL
0.0,TOWER_BUILDING,1260418,7586391691,0.0,MID_LANE,9767.0,10113.0,200.0,1219468,INNER_TURRET,BUILDING_KILL
0.0,TOWER_BUILDING,1260418,7586391691,9.0,TOP_LANE,1512.0,6699.0,100.0,1233568,INNER_TURRET,BUILDING_KILL
0.0,TOWER_BUILDING,1500444,7586391691,5.0,TOP_LANE,7943.0,13411.0,200.0,1472110,INNER_TURRET,BUILDING_KILL
0.0,TOWER_BUILDING,1500444,7586391691,4.0,MID_LANE,11134.0,11207.0,200.0,1472645,BASE_TURRET,BUILDING_KILL
0.0,INHIBITOR_BUILDING,1500444,7586391691,4.0,MID_LANE,11593.0,11669.0,200.0,1482169,,BUILDING_KILL
0.0,TOWER_BUILDING,1500444,7586391691,4.0,TOP_LANE,10481.0,13650.0,200.0,1492658,BASE_TURRET,BUILDING_KILL
0.0,INHIBITOR_BUILDING,1560456,7586391691,2.0,TOP_LANE,11275.0,13663.0,200.0,1502532,,BUILDING_KILL
0.0,TOWER_BUILDING,1800536,7586391691,3.0,BOT_LANE,13624.0,10572.0,200.0,1748754,BASE_TURRET,BUILDING_KILL
0.0,INHIBITOR_BUILDING,1800536,7586391691,3.0,BOT_LANE,13594.0,11319.0,200.0,1757765,,BUILDING_KILL
0.0,TOWER_BUILDING,1860541,7586391691,1.0,MID_LANE,12611.0,13084.0,200.0,1804911,NEXUS_TURRET,BUILDING_KILL
0.0,INHIBITOR_BUILDING,1860541,7586391691,2.0,MID_LANE,11593.0,11669.0,200.0,1816173,,BUILDING_KILL
0.0,TOWER_BUILDING,1860541,7586391691,0.0,MID_LANE,13052.0,12612.0,200.0,1842852,NEXUS_TURRET,BUILDING_KILL
0.0,TOWER_BUILDING,1080356,7587340990,1.0,TOP_LANE,4318.0,13875.0,200.0,1048403,OUTER_TURRET,BUILDING_KILL
0.0,TOWER_BUILDING,1140358,7587340990,3.0,BOT_LANE,13866.0,4505.0,200.0,1094146,OUTER_TURRET,BUILDING_KILL
0.0,TOWER_BUILDING,1140358,7587340990,6.0,TOP_LANE,981.0,10441.0,100.0,1133733,OUTER_TURRET,BUILDING_KILL
0.0,TOWER_BUILDING,1200363,7587340990,1.0,TOP_LANE,7943.0,13411.0,200.0,1175673,INNER_TURRET,BUILDING_KILL
0.0,TOWER_BUILDING,1200363,7587340990,1.0,MID_LANE,8955.0,8510.0,200.0,1195454,OUTER_TURRET,BUILDING_KILL
0.0,TOWER_BUILDING,1260382,7587340990,1.0,MID_LANE,9767.0,10113.0,200.0,1219254,INNER_TURRET,BUILDING_KILL
0.0,TOWER_BUILDING,1320412,7587340990,7.0,BOT_LANE,10504.0,1029.0,100.0,1287030,OUTER_TURRET,BUILDING_KILL
0.0,TOWER_BUILDING,1380419,7587340990,1.0,BOT_LANE,13327.0,8226.0,200.0,1349977,INNER_TURRET,BUILDING_KILL
0.0,TOWER_BUILDING,1440422,7587340990,9.0,MID_LANE,5846.0,6396.0,100.0,1395654,OUTER_TURRET,BUILDING_KILL
0.0,TOWER_BUILDING,1560453,7587340990,9.0,TOP_LANE,1512.0,6699.0,100.0,1554691,INNER_TURRET,BUILDING_KILL
0.0,TOWER_BUILDING,1915784,7587340990,1.0,MID_LANE,11134.0,11207.0,200.0,1887413,BASE_TURRET,BUILDING_KILL
0.0,INHIBITOR_BUILDING,1915784,7587340990,1.0,MID_LANE,11593.0,11669.0,200.0,1891120,,BUILDING_KILL
0.0,TOWER_BUILDING,1915784,7587340990,3.0,MID_LANE,13052.0,12612.0,200.0,1897398,NEXUS_TURRET,BUILDING_KILL
0.0,TOWER_BUILDING,1915784,7587340990,1.0,MID_LANE,12611.0,13084.0,200.0,1901005,NEXUS_TURRET,BUILDING_KILL
0.0,TOWER_BUILDING,780273,7586838463,1.0,TOP_LANE,4318.0,13875.0,200.0,746228,OUTER_TURRET,BUILDING_KILL
0.0,TOWER_BUILDING,900310,7586838463,1.0,BOT_LANE,13866.0,4505.0,200.0,864911,OUTER_TURRET,BUILDING_KILL
0.0,TOWER_BUILDING,900310,7586838463,4.0,MID_LANE,8955.0,8510.0,200.0,881039,OUTER_TURRET,BUILDING_KILL
0.0,TOWER_BUILDING,840310,7587625177,7.0,MID_LANE,5846.0,6396.0,100.0,798663,OUTER_TURRET,BUILDING_KILL
0.0,TOWER_BUILDING,900334,7587625177,9.0,BOT_LANE,10504.0,1029.0,100.0,867971,OUTER_TURRET,BUILDING_KILL
0.0,TOWER_BUILDING,900334,7587625177,6.0,TOP_LANE,981.0,10441.0,100.0,884168,OUTER_TURRET,BUILDING_KILL
0.0,TOWER_BUILDING,900323,7585725436,2.0,TOP_LANE,4318.0,13875.0,200.0,859869,OUTER_TURRET,BUILDING_KILL
0.0,TOWER_BUILDING,1012301,7585725436,4.0,BOT_LANE,13866.0,4505.0,200.0,982999,OUTER_TURRET,BUILDING_KILL
0.0,TOWER_BUILDING,1012301,7585725436,1.0,TOP_LANE,7943.0,13411.0,200.0,1006390,INNER_TURRET,BUILDING_KILL
0.0,TOWER_BUILDING,840219,7585888171,8.0,BOT_LANE,10504.0,1029.0,100.0,831067,OUTER_TURRET,BUILDING_KILL
0.0,TOWER_BUILDING,1020261,7585888171,1.0,TOP_LANE,4318.0,13875.0,200.0,1010407,OUTER_TURRET,BUILDING_KILL
0.0,TOWER_BUILDING,1080262,7585888171,6.0,TOP_LANE,981.0,10441.0,100.0,1046528,OUTER_TURRET,BUILDING_KILL
0.0,TOWER_BUILDING,1140298,7585888171,8.0,BOT_LANE,6919.0,1483.0,100.0,1115595,INNER_TURRET,BUILDING_KILL
0.0,TOWER_BUILDING,1320360,7585888171,1.0,MID_LANE,8955.0,8510.0,200.0,1273167,OUTER_TURRET,BUILDING_KILL
0.0,TOWER_BUILDING,1380366,7585888171,1.0,BOT_LANE,13866.0,4505.0,200.0,1367381,OUTER_TURRET,BUILDING_KILL
0.0,TOWER_BUILDING,1440381,7585888171,5.0,BOT_LANE,13327.0,8226.0,200.0,1408904,INNER_TURRET,BUILDING_KILL
0.0,TOWER_BUILDING,1440381,7585888171,8.0,TOP_LANE,1512.0,6699.0,100.0,1415966,INNER_TURRET,BUILDING_KILL
0.0,TOWER_BUILDING,1740436,7585888171,9.0,MID_LANE,5846.0,6396.0,100.0,1722710,OUTER_TURRET,BUILDING_KILL
0.0,TOWER_BUILDING,1740436,7585888171,10.0,MID_LANE,5048.0,4812.0,100.0,1731173,INNER_TURRET,BUILDING_KILL
0.0,TOWER_BUILDING,1740436,7585888171,9.0,MID_LANE,3651.0,3696.0,100.0,1739204,BASE_TURRET,BUILDING_KILL
0.0,INHIBITOR_BUILDING,1800439,7585888171,9.0,MID_LANE,3210.0,3217.0,100.0,1743609,,BUILDING_KILL
0.0,TOWER_BUILDING,900326,7586848747,4.0,BOT_LANE,13866.0,4505.0,200.0,896096,OUTER_TURRET,BUILDING_KILL
0.0,TOWER_BUILDING,1080371,7586848747,2.0,MID_LANE,8955.0,8510.0,200.0,1036512,OUTER_TURRET,BUILDING_KILL
0.0,TOWER_BUILDING,1080371,7586848747,6.0,TOP_LANE,981.0,10441.0,100.0,1038452,OUTER_TURRET,BUILDING_KILL
0.0,TOWER_BUILDING,1080371,7586848747,1.0,TOP_LANE,4318.0,13875.0,200.0,1070763,OUTER_TURRET,BUILDING_KILL
0.0,TOWER_BUILDING,1260418,7586848747,8.0,BOT_LANE,10504.0,1029.0,100.0,1250878,OUTER_TURRET,BUILDING_KILL
0.0,TOWER_BUILDING,1320436,7586848747,9.0,MID_LANE,5846.0,6396.0,100.0,1302474,OUTER_TURRET,BUILDING_KILL
0.0,TOWER_BUILDING,1440451,7586848747,1.0,TOP_LANE,7943.0,13411.0,200.0,1422538,INNER_TURRET,BUILDING_KILL
0.0,TOWER_BUILDING,1500467,7586848747,5.0,MID_LANE,9767.0,10113.0,200.0,1454638,INNER_TURRET,BUILDING_KILL
0.0,TOWER_BUILDING,1500467,7586848747,3.0,TOP_LANE,10481.0,13650.0,200.0,1499336,BASE_TURRET,BUILDING_KILL
0.0,INHIBITOR_BUILDING,1560498,7586848747,4.0,TOP_LANE,11275.0,13663.0,200.0,1504843,,BUILDING_KILL
0.0,TOWER_BUILDING,1680534,7586848747,1.0,MID_LANE,11134.0,11207.0,200.0,1679131,BASE_TURRET,BUILDING_KILL
0.0,INHIBITOR_BUILDING,1704692,7586848747,2.0,MID_LANE,11593.0,11669.0,200.0,1681869,,BUILDING_KILL
0.0,TOWER_BUILDING,1704692,7586848747,1.0,MID_LANE,12611.0,13084.0,200.0,1696690,NEXUS_TURRET,BUILDING_KILL
0.0,TOWER_BUILDING,1704692,7586848747,4.0,MID_LANE,13052.0,12612.0,200.0,1697124,NEXUS_TURRET,BUILDING_KILL
0.0,TOWER_BUILDING,840232,7587184794,3.0,BOT_LANE,13866.0,4505.0,200.0,794986,OUTER_TURRET,BUILDING_KILL
0.0,TOWER_BUILDING,900258,7587184794,1.0,TOP_LANE,4318.0,13875.0,200.0,887209,OUTER_TURRET,BUILDING_KILL
0.0,TOWER_BUILDING,1020282,7587184794,1.0,TOP_LANE,7943.0,13411.0,200.0,996865,INNER_TURRET,BUILDING_KILL
0.0,TOWER_BUILDING,1020282,7587184794,8.0,BOT_LANE,10504.0,1029.0,100.0,1011961,OUTER_TURRET,BUILDING_KILL
0.0,TOWER_BUILDING,1140329,7587184794,1.0,BOT_LANE,13327.0,8226.0,200.0,1108610,INNER_TURRET,BUILDING_KILL
0.0,TOWER_BUILDING,1140329,7587184794,3.0,MID_LANE,8955.0,8510.0,200.0,1119780,OUTER_TURRET,BUILDING_KILL
0.0,TOWER_BUILDING,1140329,7587184794,6.0,TOP_LANE,981.0,10441.0,100.0,1123684,OUTER_TURRET,BUILDING_KILL
0.0,TOWER_BUILDING,1500417,7587184794,1.0,MID_LANE,9767.0,10113.0,200.0,1483313,INNER_TURRET,BUILDING_KILL
0.0,TOWER_BUILDING,1500417,7587184794,3.0,MID_LANE,11134.0,11207.0,200.0,1492112,BASE_TURRET,BUILDING_KILL
0.0,INHIBITOR_BUILDING,1620452,7587184794,3.0,MID_LANE,11593.0,11669.0,200.0,1606759,,BUILDING_KILL
0.0,TOWER_BUILDING,1620452,7587184794,1.0,BOT_LANE,13624.0,10572.0,200.0,1610232,BASE_TURRET,BUILDING_KILL
250.0,TOWER_BUILDING,1740474,7587184794,6.0,MID_LANE,5846.0,6396.0,100.0,1680836,OUTER_TURRET,BUILDING_KILL
0.0,INHIBITOR_BUILDING,1786822,7587184794,4.0,BOT_LANE,13594.0,11319.0,200.0,1746853,,BUILDING_KILL
0.0,TOWER_BUILDING,1786822,7587184794,3.0,MID_LANE,13052.0,12612.0,200.0,1769517,NEXUS_TURRET,BUILDING_KILL
0.0,TOWER_BUILDING,1786822,7587184794,3.0,MID_LANE,12611.0,13084.0,200.0,1776448,NEXUS_TURRET,BUILDING_KILL
0.0,TOWER_BUILDING,1020395,7585934485,1.0,TOP_LANE,4318.0,13875.0,200.0,983953,OUTER_TURRET,BUILDING_KILL
0.0,TOWER_BUILDING,1020395,7585934485,9.0,BOT_LANE,10504.0,1029.0,100.0,1010033,OUTER_TURRET,BUILDING_KILL
0.0,TOWER_BUILDING,1080415,7585934485,8.0,TOP_LANE,981.0,10441.0,100.0,1072993,OUTER_TURRET,BUILDING_KILL
0.0,TOWER_BUILDING,1320498,7585934485,6.0,TOP_LANE,1512.0,6699.0,100.0,1260617,INNER_TURRET,BUILDING_KILL
0.0,TOWER_BUILDING,1380522,7585934485,9.0,MID_LANE,5846.0,6396.0,100.0,1364621,OUTER_TURRET,BUILDING_KILL
0.0,TOWER_BUILDING,1500547,7585934485,8.0,MID_LANE,5048.0,4812.0,100.0,1447702,INNER_TURRET,BUILDING_KILL
0.0,TOWER_BUILDING,1500547,7585934485,8.0,MID_LANE,3651.0,3696.0,100.0,1461302,BASE_TURRET,BUILDING_KILL
0.0,TOWER_BUILDING,1860669,7585934485,6.0,TOP_LANE,1169.0,4287.0,100.0,1855668,BASE_TURRET,BUILDING_KILL
0.0,INHIBITOR_BUILDING,1890372,7585934485,8.0,MID_LANE,3210.0,3217.0,100.0,1863138,,BUILDING_KILL
0.0,INHIBITOR_BUILDING,1890372,7585934485,6.0,TOP_LANE,1172.0,3583.0,100.0,1864440,,BUILDING_KILL
0.0,TOWER_BUILDING,1890372,7585934485,6.0,MID_LANE,1748.0,2270.0,100.0,1876497,NEXUS_TURRET,BUILDING_KILL
0.0,TOWER_BUILDING,1890372,7585934485,8.0,MID_LANE,2177.0,1807.0,100.0,1880220,NEXUS_TURRET,BUILDING_KILL
0.0,TOWER_BUILDING,720333,7586151887,9.0,BOT_LANE,10504.0,1029.0,100.0,667153,OUTER_TURRET,BUILDING_KILL
0.0,TOWER_BUILDING,900367,7586151887,8.0,TOP_LANE,981.0,10441.0,100.0,870570,OUTER_TURRET,BUILDING_KILL
0.0,TOWER_BUILDING,1260520,7586151887,0.0,MID_LANE,8955.0,8510.0,200.0,1212795,OUTER_TURRET,BUILDING_KILL
0.0,TOWER_BUILDING,1260520,7586151887,1.0,TOP_LANE,4318.0,13875.0,200.0,1244682,OUTER_TURRET,BUILDING_KILL
0.0,TOWER_BUILDING,1320535,7586151887,3.0,BOT_LANE,13866.0,4505.0,200.0,1282705,OUTER_TURRET,BUILDING_KILL
0.0,TOWER_BUILDING,1380549,7586151887,9.0,MID_LANE,5846.0,6396.0,100.0,1364730,OUTER_TURRET,BUILDING_KILL
0.0,TOWER_BUILDING,1440560,7586151887,6.0,TOP_LANE,1512.0,6699.0,100.0,1383923,INNER_TURRET,BUILDING_KILL
0.0,TOWER_BUILDING,1680623,7586151887,6.0,BOT_LANE,6919.0,1483.0,100.0,1674606,INNER_TURRET,BUILDING_KILL
0.0,TOWER_BUILDING,1740651,7586151887,6.0,BOT_LANE,4281.0,1253.0,100.0,1722756,BASE_TURRET,BUILDING_KILL
0.0,TOWER_BUILDING,1860675,7586151887,4.0,MID_LANE,9767.0,10113.0,200.0,1839151,INNER_TURRET,BUILDING_KILL
0.0,TOWER_BUILDING,1860675,7586151887,2.0,MID_LANE,11134.0,11207.0,200.0,1846742,BASE_TURRET,BUILDING_KILL
0.0,INHIBITOR_BUILDING,1860675,7586151887,1.0,MID_LANE,11593.0,11669.0,200.0,1850182,,BUILDING_KILL
0.0,TOWER_BUILDING,2040730,7586151887,8.0,MID_LANE,5048.0,4812.0,100.0,1998940,INNER_TURRET,BUILDING_KILL
0.0,TOWER_BUILDING,2040730,7586151887,8.0,MID_LANE,3651.0,3696.0,100.0,2008128,BASE_TURRET,BUILDING_KILL
0.0,INHIBITOR_BUILDING,2040730,7586151887,10.0,MID_LANE,3210.0,3217.0,100.0,2012070,,BUILDING_KILL
0.0,INHIBITOR_BUILDING,2040730,7586151887,6.0,BOT_LANE,3468.0,1230.0,100.0,2015749,,BUILDING_KILL
0.0,TOWER_BUILDING,2040730,7586151887,0.0,TOP_LANE,7943.0,13411.0,200.0,2032754,INNER_TURRET,BUILDING_KILL
0.0,TOWER_BUILDING,2091612,7586151887,9.0,MID_LANE,2177.0,1807.0,100.0,2069968,NEXUS_TURRET,BUILDING_KILL
0.0,TOWER_BUILDING,2091612,7586151887,9.0,MID_LANE,1748.0,2270.0,100.0,2080780,NEXUS_TURRET,BUILDING_KILL
0.0,TOWER_BUILDING,960379,7587447033,8.0,MID_LANE,5846.0,6396.0,100.0,915034,OUTER_TURRET,BUILDING_KILL
0.0,TOWER_BUILDING,960379,7587447033,3.0,BOT_LANE,13866.0,4505.0,200.0,932869,OUTER_TURRET,BUILDING_KILL
0.0,TOWER_BUILDING,1080409,7587447033,8.0,TOP_LANE,981.0,10441.0,100.0,1036271,OUTER_TURRET,BUILDING_KILL
0.0,TOWER_BUILDING,1246872,7587447033,4.0,MID_LANE,8955.0,8510.0,200.0,1242831,OUTER_TURRET,BUILDING_KILL
0.0,TOWER_BUILDING,780327,7585686467,2.0,TOP_LANE,4318.0,13875.0,200.0,777127,OUTER_TURRET,BUILDING_KILL
0.0,TOWER_BUILDING,960360,7585686467,4.0,BOT_LANE,13866.0,4505.0,200.0,920082,OUTER_TURRET,BUILDING_KILL
0.0,TOWER_BUILDING,1020375,7585686467,1.0,BOT_LANE,13327.0,8226.0,200.0,1018175,INNER_TURRET,BUILDING_KILL
0.0,TOWER_BUILDING,1140389,7585686467,0.0,MID_LANE,8955.0,8510.0,200.0,1095984,OUTER_TURRET,BUILDING_KILL
0.0,TOWER_BUILDING,1380452,7585686467,2.0,MID_LANE,9767.0,10113.0,200.0,1363390,INNER_TURRET,BUILDING_KILL
0.0,TOWER_BUILDING,1380452,7585686467,3.0,TOP_LANE,7943.0,13411.0,200.0,1377296,INNER_TURRET,BUILDING_KILL
0.0,TOWER_BUILDING,1620508,7585686467,9.0,MID_LANE,5846.0,6396.0,100.0,1591848,OUTER_TURRET,BUILDING_KILL
0.0,TOWER_BUILDING,1800546,7585686467,9.0,MID_LANE,5048.0,4812.0,100.0,1798739,INNER_TURRET,BUILDING_KILL
0.0,TOWER_BUILDING,1856998,7585686467,8.0,MID_LANE,3651.0,3696.0,100.0,1809196,BASE_TURRET,BUILDING_KILL
0.0,INHIBITOR_BUILDING,1856998,7585686467,9.0,MID_LANE,3210.0,3217.0,100.0,1821737,,BUILDING_KILL
0.0,TOWER_BUILDING,1856998,7585686467,9.0,MID_LANE,1748.0,2270.0,100.0,1838004,NEXUS_TURRET,BUILDING_KILL
0.0,TOWER_BUILDING,1856998,7585686467,9.0,MID_LANE,2177.0,1807.0,100.0,1848247,NEXUS_TURRET,BUILDING_KILL
0.0,TOWER_BUILDING,660259,7587646582,1.0,TOP_LANE,4318.0,13875.0,200.0,611013,OUTER_TURRET,BUILDING_KILL
0.0,TOWER_BUILDING,780287,7587646582,3.0,MID_LANE,8955.0,8510.0,200.0,761116,OUTER_TURRET,BUILDING_KILL
0.0,TOWER_BUILDING,900314,7587646582,4.0,BOT_LANE,13866.0,4505.0,200.0,857204,OUTER_TURRET,BUILDING_KILL
0.0,TOWER_BUILDING,900314,7587646582,3.0,MID_LANE,9767.0,10113.0,200.0,890449,INNER_TURRET,BUILDING_KILL
0.0,TOWER_BUILDING,900335,7586113016,4.0,BOT_LANE,13866.0,4505.0,200.0,843265,OUTER_TURRET,BUILDING_KILL
0.0,TOWER_BUILDING,1020361,7586113016,3.0,MID_LANE,8955.0,8510.0,200.0,977419,OUTER_TURRET,BUILDING_KILL
0.0,TOWER_BUILDING,1020361,7586113016,8.0,BOT_LANE,10504.0,1029.0,100.0,989143,OUTER_TURRET,BUILDING_KILL
0.0,TOWER_BUILDING,1080365,7586113016,6.0,TOP_LANE,981.0,10441.0,100.0,1050480,OUTER_TURRET,BUILDING_KILL
0.0,TOWER_BUILDING,1200403,7586113016,3.0,BOT_LANE,13327.0,8226.0,200.0,1184747,INNER_TURRET,BUILDING_KILL
0.0,TOWER_BUILDING,1292955,7586113016,5.0,TOP_LANE,4318.0,13875.0,200.0,1288880,OUTER_TURRET,BUILDING_KILL
0.0,TOWER_BUILDING,780309,7587488087,1.0,TOP_LANE,4318.0,13875.0,200.0,760647,OUTER_TURRET,BUILDING_KILL
0.0,TOWER_BUILDING,900346,7587488087,3.0,BOT_LANE,13866.0,4505.0,200.0,858107,OUTER_TURRET,BUILDING_KILL
0.0,TOWER_BUILDING,960347,7587488087,4.0,MID_LANE,8955.0,8510.0,200.0,931778,OUTER_TURRET,BUILDING_KILL
0.0,TOWER_BUILDING,960347,7587488087,3.0,MID_LANE,9767.0,10113.0,200.0,948844,INNER_TURRET,BUILDING_KILL
0.0,TOWER_BUILDING,780341,7586467239,9.0,BOT_LANE,10504.0,1029.0,100.0,753733,OUTER_TURRET,BUILDING_KILL
0.0,TOWER_BUILDING,780341,7586467239,2.0,TOP_LANE,4318.0,13875.0,200.0,773389,OUTER_TURRET,BUILDING_KILL
0.0,TOWER_BUILDING,900356,7586467239,10.0,MID_LANE,5846.0,6396.0,100.0,860571,OUTER_TURRET,BUILDING_KILL
0.0,TOWER_BUILDING,960369,7586467239,1.0,BOT_LANE,13866.0,4505.0,200.0,950282,OUTER_TURRET,BUILDING_KILL
0.0,TOWER_BUILDING,960369,7586467239,9.0,TOP_LANE,981.0,10441.0,100.0,954324,OUTER_TURRET,BUILDING_KILL
0.0,TOWER_BUILDING,1020400,7586467239,5.0,BOT_LANE,13327.0,8226.0,200.0,969488,INNER_TURRET,BUILDING_KILL
0.0,TOWER_BUILDING,1020400,7586467239,9.0,TOP_LANE,1512.0,6699.0,100.0,998361,INNER_TURRET,BUILDING_KILL
0.0,TOWER_BUILDING,1260448,7586467239,7.0,BOT_LANE,6919.0,1483.0,100.0,1257804,INNER_TURRET,BUILDING_KILL
0.0,TOWER_BUILDING,1440509,7586467239,9.0,MID_LANE,5048.0,4812.0,100.0,1395355,INNER_TURRET,BUILDING_KILL
0.0,TOWER_BUILDING,780230,7585750368,6.0,TOP_LANE,981.0,10441.0,100.0,765555,OUTER_TURRET,BUILDING_KILL
0.0,TOWER_BUILDING,900242,7585750368,3.0,BOT_LANE,13866.0,4505.0,200.0,889278,OUTER_TURRET,BUILDING_KILL
0.0,TOWER_BUILDING,960262,7585750368,8.0,MID_LANE,5846.0,6396.0,100.0,920479,OUTER_TURRET,BUILDING_KILL
0.0,TOWER_BUILDING,1080286,7585750368,8.0,BOT_LANE,10504.0,1029.0,100.0,1034071,OUTER_TURRET,BUILDING_KILL
0.0,TOWER_BUILDING,1080286,7585750368,8.0,BOT_LANE,6919.0,1483.0,100.0,1054938,INNER_TURRET,BUILDING_KILL
0.0,TOWER_BUILDING,1140293,7585750368,6.0,TOP_LANE,1512.0,6699.0,100.0,1139580,INNER_TURRET,BUILDING_KILL
0.0,TOWER_BUILDING,1620417,7585750368,9.0,TOP_LANE,1169.0,4287.0,100.0,1617650,BASE_TURRET,BUILDING_KILL
0.0,INHIBITOR_BUILDING,1680427,7585750368,9.0,TOP_LANE,1172.0,3583.0,100.0,1621620,,BUILDING_KILL
0.0,TOWER_BUILDING,1800440,7585750368,9.0,MID_LANE,5048.0,4812.0,100.0,1748679,INNER_TURRET,BUILDING_KILL
0.0,TOWER_BUILDING,1800440,7585750368,10.0,BOT_LANE,4281.0,1253.0,100.0,1753970,BASE_TURRET,BUILDING_KILL
0.0,INHIBITOR_BUILDING,1800440,7585750368,8.0,BOT_LANE,3468.0,1230.0,100.0,1761859,,BUILDING_KILL
0.0,TOWER_BUILDING,1800440,7585750368,9.0,MID_LANE,3651.0,3696.0,100.0,1778490,BASE_TURRET,BUILDING_KILL
0.0,INHIBITOR_BUILDING,1800440,7585750368,7.0,MID_LANE,3210.0,3217.0,100.0,1782399,,BUILDING_KILL
0.0,TOWER_BUILDING,1907668,7585750368,9.0,MID_LANE,1748.0,2270.0,100.0,1892922,NEXUS_TURRET,BUILDING_KILL
0.0,TOWER_BUILDING,1907668,7585750368,7.0,MID_LANE,2177.0,1807.0,100.0,1893022,NEXUS_TURRET,BUILDING_KILL
0.0,TOWER_BUILDING,840263,7587599877,1.0,TOP_LANE,4318.0,13875.0,200.0,807189,OUTER_TURRET,BUILDING_KILL
0.0,TOWER_BUILDING,900290,7587599877,3.0,BOT_LANE,13866.0,4505.0,200.0,840931,OUTER_TURRET,BUILDING_KILL
0.0,TOWER_BUILDING,960316,7587599877,4.0,MID_LANE,8955.0,8510.0,200.0,942251,OUTER_TURRET,BUILDING_KILL
0.0,TOWER_BUILDING,600255,7587107509,1.0,TOP_LANE,4318.0,13875.0,200.0,570717,OUTER_TURRET,BUILDING_KILL
0.0,TOWER_BUILDING,780312,7587107509,3.0,TOP_LANE,7943.0,13411.0,200.0,740509,INNER_TURRET,BUILDING_KILL
0.0,TOWER_BUILDING,840317,7587107509,1.0,BOT_LANE,13866.0,4505.0,200.0,788461,OUTER_TURRET,BUILDING_KILL
0.0,TOWER_BUILDING,900337,7587107509,4.0,MID_LANE,8955.0,8510.0,200.0,860946,OUTER_TURRET,BUILDING_KILL
0.0,TOWER_BUILDING,1020382,7587107509,9.0,MID_LANE,5846.0,6396.0,100.0,1012869,OUTER_TURRET,BUILDING_KILL
0.0,TOWER_BUILDING,1140422,7587107509,1.0,MID_LANE,9767.0,10113.0,200.0,1118165,INNER_TURRET,BUILDING_KILL
0.0,TOWER_BUILDING,1380455,7587107509,9.0,BOT_LANE,10504.0,1029.0,100.0,1328396,OUTER_TURRET,BUILDING_KILL
0.0,TOWER_BUILDING,1440464,7587107509,3.0,MID_LANE,11134.0,11207.0,200.0,1427563,BASE_TURRET,BUILDING_KILL
0.0,INHIBITOR_BUILDING,1440464,7587107509,3.0,MID_LANE,11593.0,11669.0,200.0,1438360,,BUILDING_KILL
0.0,TOWER_BUILDING,1620496,7587107509,9.0,MID_LANE,5048.0,4812.0,100.0,1570829,INNER_TURRET,BUILDING_KILL
0.0,TOWER_BUILDING,1620496,7587107509,8.0,TOP_LANE,981.0,10441.0,100.0,1584230,OUTER_TURRET,BUILDING_KILL
0.0,TOWER_BUILDING,960333,7587624566,1.0,TOP_LANE,4318.0,13875.0,200.0,903230,OUTER_TURRET,BUILDING_KILL
0.0,TOWER_BUILDING,1020356,7587624566,1.0,MID_LANE,8955.0,8510.0,200.0,985730,OUTER_TURRET,BUILDING_KILL
0.0,TOWER_BUILDING,1020356,7587624566,8.0,TOP_LANE,981.0,10441.0,100.0,987901,OUTER_TURRET,BUILDING_KILL
0.0,TOWER_BUILDING,1140387,7587624566,1.0,BOT_LANE,13866.0,4505.0,200.0,1115087,OUTER_TURRET,BUILDING_KILL
0.0,TOWER_BUILDING,1260426,7587624566,9.0,MID_LANE,5846.0,6396.0,100.0,1242260,OUTER_TURRET,BUILDING_KILL
0.0,TOWER_BUILDING,1260426,7587624566,1.0,TOP_LANE,7943.0,13411.0,200.0,1255245,INNER_TURRET,BUILDING_KILL
0.0,TOWER_BUILDING,1320436,7587624566,7.0,MID_LANE,5048.0,4812.0,100.0,1275658,INNER_TURRET,BUILDING_KILL
0.0,TOWER_BUILDING,1380448,7587624566,9.0,BOT_LANE,10504.0,1029.0,100.0,1370607,OUTER_TURRET,BUILDING_KILL
0.0,TOWER_BUILDING,1680536,7587624566,8.0,BOT_LANE,6919.0,1483.0,100.0,1679501,INNER_TURRET,BUILDING_KILL
0.0,TOWER_BUILDING,1735354,7587624566,7.0,BOT_LANE,4281.0,1253.0,100.0,1695036,BASE_TURRET,BUILDING_KILL
0.0,INHIBITOR_BUILDING,1735354,7587624566,10.0,BOT_LANE,3468.0,1230.0,100.0,1701062,,BUILDING_KILL
0.0,TOWER_BUILDING,1735354,7587624566,6.0,MID_LANE,2177.0,1807.0,100.0,1716631,NEXUS_TURRET,BUILDING_KILL
0.0,TOWER_BUILDING,1735354,7587624566,6.0,MID_LANE,1748.0,2270.0,100.0,1728191,NEXUS_TURRET,BUILDING_KILL
0.0,TOWER_BUILDING,960328,7587005904,1.0,TOP_LANE,4318.0,13875.0,200.0,918795,OUTER_TURRET,BUILDING_KILL
0.0,TOWER_BUILDING,960328,7587005904,10.0,BOT_LANE,10504.0,1029.0,100.0,950743,OUTER_TURRET,BUILDING_KILL
0.0,TOWER_BUILDING,960328,7587005904,1.0,TOP_LANE,7943.0,13411.0,200.0,953181,INNER_TURRET,BUILDING_KILL
0.0,TOWER_BUILDING,1140426,7587005904,8.0,TOP_LANE,981.0,10441.0,100.0,1114221,OUTER_TURRET,BUILDING_KILL
0.0,TOWER_BUILDING,1200445,7587005904,1.0,MID_LANE,8955.0,8510.0,200.0,1159300,OUTER_TURRET,BUILDING_KILL
0.0,TOWER_BUILDING,1380478,7587005904,2.0,BOT_LANE,13866.0,4505.0,200.0,1370400,OUTER_TURRET,BUILDING_KILL
0.0,TOWER_BUILDING,1500498,7587005904,7.0,MID_LANE,5846.0,6396.0,100.0,1451578,OUTER_TURRET,BUILDING_KILL
0.0,TOWER_BUILDING,1920597,7587005904,8.0,MID_LANE,5048.0,4812.0,100.0,1909509,INNER_TURRET,BUILDING_KILL
0.0,TOWER_BUILDING,1980618,7587005904,8.0,MID_LANE,3651.0,3696.0,100.0,1935662,BASE_TURRET,BUILDING_KILL
0.0,TOWER_BUILDING,1980618,7587005904,7.0,TOP_LANE,1512.0,6699.0,100.0,1936030,INNER_TURRET,BUILDING_KILL
0.0,TOWER_BUILDING,2160657,7587005904,4.0,BOT_LANE,13327.0,8226.0,200.0,2158987,INNER_TURRET,BUILDING_KILL
0.0,TOWER_BUILDING,2204065,7587005904,1.0,BOT_LANE,13624.0,10572.0,200.0,2184428,BASE_TURRET,BUILDING_KILL
0.0,INHIBITOR_BUILDING,2204065,7587005904,2.0,BOT_LANE,13594.0,11319.0,200.0,2187940,,BUILDING_KILL
0.0,TOWER_BUILDING,2204065,7587005904,4.0,MID_LANE,13052.0,12612.0,200.0,2193217,NEXUS_TURRET,BUILDING_KILL
0.0,TOWER_BUILDING,2204065,7587005904,1.0,MID_LANE,12611.0,13084.0,200.0,2195622,NEXUS_TURRET,BUILDING_KILL
0.0,TOWER_BUILDING,840282,7587594812,1.0,TOP_LANE,4318.0,13875.0,200.0,787954,OUTER_TURRET,BUILDING_KILL
0.0,TOWER_BUILDING,900300,7587594812,1.0,BOT_LANE,13866.0,4505.0,200.0,869215,OUTER_TURRET,BUILDING_KILL
0.0,TOWER_BUILDING,900300,7587594812,2.0,MID_LANE,8955.0,8510.0,200.0,869448,OUTER_TURRET,BUILDING_KILL
0.0,TOWER_BUILDING,1020348,7587594812,3.0,TOP_LANE,7943.0,13411.0,200.0,970491,INNER_TURRET,BUILDING_KILL
0.0,TOWER_BUILDING,1080354,7587594812,6.0,TOP_LANE,981.0,10441.0,100.0,1046611,OUTER_TURRET,BUILDING_KILL
0.0,TOWER_BUILDING,1200397,7587594812,7.0,BOT_LANE,10504.0,1029.0,100.0,1193450,OUTER_TURRET,BUILDING_KILL
0.0,TOWER_BUILDING,1320431,7587594812,1.0,BOT_LANE,13327.0,8226.0,200.0,1301958,INNER_TURRET,BUILDING_KILL
0.0,TOWER_BUILDING,1320431,7587594812,8.0,MID_LANE,5846.0,6396.0,100.0,1308237,OUTER_TURRET,BUILDING_KILL
0.0,TOWER_BUILDING,1320431,7587594812,2.0,BOT_LANE,13624.0,10572.0,200.0,1319329,BASE_TURRET,BUILDING_KILL
0.0,INHIBITOR_BUILDING,1380451,7587594812,2.0,BOT_LANE,13594.0,11319.0,200.0,1324773,,BUILDING_KILL
0.0,TOWER_BUILDING,1380451,7587594812,4.0,MID_LANE,9767.0,10113.0,200.0,1364694,INNER_TURRET,BUILDING_KILL
0.0,TOWER_BUILDING,1680536,7587594812,4.0,MID_LANE,11134.0,11207.0,200.0,1659362,BASE_TURRET,BUILDING_KILL
0.0,TOWER_BUILDING,1680536,7587594812,3.0,TOP_LANE,10481.0,13650.0,200.0,1660197,BASE_TURRET,BUILDING_KILL
0.0,INHIBITOR_BUILDING,1680536,7587594812,4.0,MID_LANE,11593.0,11669.0,200.0,1666074,,BUILDING_KILL
0.0,INHIBITOR_BUILDING,1860582,7587594812,4.0,TOP_LANE,11275.0,13663.0,200.0,1823615,,BUILDING_KILL
0.0,INHIBITOR_BUILDING,1980631,7587594812,1.0,BOT_LANE,13594.0,11319.0,200.0,1936734,,BUILDING_KILL
0.0,TOWER_BUILDING,1980631,7587594812,3.0,MID_LANE,13052.0,12612.0,200.0,1973357,NEXUS_TURRET,BUILDING_KILL
0.0,TOWER_BUILDING,1990049,7587594812,1.0,MID_LANE,12611.0,13084.0,200.0,1980998,NEXUS_TURRET,BUILDING_KILL
0.0,TOWER_BUILDING,660244,7587381401,1.0,TOP_LANE,4318.0,13875.0,200.0,601403,OUTER_TURRET,BUILDING_KILL
0.0,TOWER_BUILDING,780278,7587381401,1.0,MID_LANE,8955.0,8510.0,200.0,734797,OUTER_TURRET,BUILDING_KILL
0.0,TOWER_BUILDING,900306,7587381401,4.0,BOT_LANE,13866.0,4505.0,200.0,855091,OUTER_TURRET,BUILDING_KILL
0.0,TOWER_BUILDING,1009646,7587381401,4.0,TOP_LANE,7943.0,13411.0,200.0,1005604,INNER_TURRET,BUILDING_KILL
0.0,TOWER_BUILDING,720287,7587584245,1.0,TOP_LANE,4318.0,13875.0,200.0,714209,OUTER_TURRET,BUILDING_KILL
0.0,TOWER_BUILDING,900343,7587584245,4.0,BOT_LANE,13866.0,4505.0,200.0,875865,OUTER_TURRET,BUILDING_KILL
150.0,TOWER_BUILDING,1080401,7587584245,8.0,BOT_LANE,10504.0,1029.0,100.0,1045989,OUTER_TURRET,BUILDING_KILL
0.0,TOWER_BUILDING,1080401,7587584245,4.0,MID_LANE,8955.0,8510.0,200.0,1053403,OUTER_TURRET,BUILDING_KILL
0.0,TOWER_BUILDING,1140408,7587584245,1.0,MID_LANE,9767.0,10113.0,200.0,1116643,INNER_TURRET,BUILDING_KILL
0.0,TOWER_BUILDING,1140408,7587584245,4.0,MID_LANE,11134.0,11207.0,200.0,1126077,BASE_TURRET,BUILDING_KILL
0.0,INHIBITOR_BUILDING,1140408,7587584245,4.0,MID_LANE,11593.0,11669.0,200.0,1131454,,BUILDING_KILL
400.0,TOWER_BUILDING,1320462,7587584245,8.0,BOT_LANE,6919.0,1483.0,100.0,1303582,INNER_TURRET,BUILDING_KILL
0.0,TOWER_BUILDING,1380492,7587584245,1.0,MID_LANE,13052.0,12612.0,200.0,1380109,NEXUS_TURRET,BUILDING_KILL
0.0,TOWER_BUILDING,1398169,7587584245,2.0,MID_LANE,12611.0,13084.0,200.0,1384399,NEXUS_TURRET,BUILDING_KILL
0.0,TOWER_BUILDING,840260,7587388809,7.0,MID_LANE,5846.0,6396.0,100.0,793049,OUTER_TURRET,BUILDING_KILL
0.0,TOWER_BUILDING,900280,7587388809,7.0,BOT_LANE,10504.0,1029.0,100.0,889063,OUTER_TURRET,BUILDING_KILL
200.0,TOWER_BUILDING,900280,7587388809,4.0,TOP_LANE,4318.0,13875.0,200.0,897513,OUTER_TURRET,BUILDING_KILL
0.0,TOWER_BUILDING,960312,7587388809,8.0,MID_LANE,5048.0,4812.0,100.0,919823,INNER_TURRET,BUILDING_KILL
0.0,TOWER_BUILDING,1200346,7587388809,4.0,MID_LANE,8955.0,8510.0,200.0,1143350,OUTER_TURRET,BUILDING_KILL
0.0,TOWER_BUILDING,1260363,7587388809,4.0,MID_LANE,9767.0,10113.0,200.0,1239469,INNER_TURRET,BUILDING_KILL
0.0,TOWER_BUILDING,1260363,7587388809,8.0,TOP_LANE,981.0,10441.0,100.0,1245519,OUTER_TURRET,BUILDING_KILL
0.0,TOWER_BUILDING,1604529,7587388809,8.0,MID_LANE,3651.0,3696.0,100.0,1586314,BASE_TURRET,BUILDING_KILL
0.0,INHIBITOR_BUILDING,1604529,7587388809,10.0,MID_LANE,3210.0,3217.0,100.0,1593562,,BUILDING_KILL
0.0,TOWER_BUILDING,780302,7587185990,4.0,BOT_LANE,13866.0,4505.0,200.0,754351,OUTER_TURRET,BUILDING_KILL
0.0,TOWER_BUILDING,840323,7587185990,1.0,TOP_LANE,4318.0,13875.0,200.0,817676,OUTER_TURRET,BUILDING_KILL
0.0,TOWER_BUILDING,900351,7587185990,9.0,BOT_LANE,10504.0,1029.0,100.0,895678,OUTER_TURRET,BUILDING_KILL
0.0,TOWER_BUILDING,1020401,7587185990,1.0,BOT_LANE,13327.0,8226.0,200.0,971501,INNER_TURRET,BUILDING_KILL
0.0,TOWER_BUILDING,1020401,7587185990,9.0,TOP_LANE,981.0,10441.0,100.0,992894,OUTER_TURRET,BUILDING_KILL
0.0,TOWER_BUILDING,1020401,7587185990,5.0,MID_LANE,8955.0,8510.0,200.0,997336,OUTER_TURRET,BUILDING_KILL
250.0,TOWER_BUILDING,1200464,7587185990,9.0,MID_LANE,5846.0,6396.0,100.0,1196822,OUTER_TURRET,BUILDING_KILL
0.0,TOWER_BUILDING,1320513,7587185990,4.0,MID_LANE,9767.0,10113.0,200.0,1272074,INNER_TURRET,BUILDING_KILL
0.0,TOWER_BUILDING,1320513,7587185990,2.0,TOP_LANE,7943.0,13411.0,200.0,1284684,INNER_TURRET,BUILDING_KILL
0.0,TOWER_BUILDING,1380523,7587185990,4.0,MID_LANE,11134.0,11207.0,200.0,1364631,BASE_TURRET,BUILDING_KILL
0.0,INHIBITOR_BUILDING,1380523,7587185990,4.0,MID_LANE,11593.0,11669.0,200.0,1375060,,BUILDING_KILL
0.0,TOWER_BUILDING,660260,7586955109,4.0,BOT_LANE,13866.0,4505.0,200.0,627401,OUTER_TURRET,BUILDING_KILL
0.0,TOWER_BUILDING,900322,7586955109,8.0,TOP_LANE,981.0,10441.0,100.0,867347,OUTER_TURRET,BUILDING_KILL
0.0,TOWER_BUILDING,1080380,7586955109,8.0,BOT_LANE,10504.0,1029.0,100.0,1042692,OUTER_TURRET,BUILDING_KILL
0.0,TOWER_BUILDING,1080380,7586955109,5.0,MID_LANE,8955.0,8510.0,200.0,1071106,OUTER_TURRET,BUILDING_KILL
0.0,TOWER_BUILDING,1140388,7586955109,8.0,BOT_LANE,6919.0,1483.0,100.0,1080554,INNER_TURRET,BUILDING_KILL
0.0,TOWER_BUILDING,1140388,7586955109,3.0,TOP_LANE,4318.0,13875.0,200.0,1095936,OUTER_TURRET,BUILDING_KILL
0.0,TOWER_BUILDING,1200391,7586955109,9.0,MID_LANE,5846.0,6396.0,100.0,1148137,OUTER_TURRET,BUILDING_KILL
0.0,TOWER_BUILDING,1260415,7586955109,8.0,TOP_LANE,1512.0,6699.0,100.0,1209744,INNER_TURRET,BUILDING_KILL
0.0,TOWER_BUILDING,1260415,7586955109,9.0,MID_LANE,5048.0,4812.0,100.0,1222691,INNER_TURRET,BUILDING_KILL
0.0,TOWER_BUILDING,1320440,7586955109,4.0,MID_LANE,9767.0,10113.0,200.0,1304310,INNER_TURRET,BUILDING_KILL
0.0,TOWER_BUILDING,1320440,7586955109,2.0,TOP_LANE,7943.0,13411.0,200.0,1312949,INNER_TURRET,BUILDING_KILL
0.0,TOWER_BUILDING,1500500,7586955109,6.0,MID_LANE,3651.0,3696.0,100.0,1469870,BASE_TURRET,BUILDING_KILL
0.0,INHIBITOR_BUILDING,1500500,7586955109,10.0,MID_LANE,3210.0,3217.0,100.0,1478153,,BUILDING_KILL
0.0,TOWER_BUILDING,1634220,7586955109,8.0,TOP_LANE,1169.0,4287.0,100.0,1628870,BASE_TURRET,BUILDING_KILL
0.0,TOWER_BUILDING,900281,7586176786,4.0,BOT_LANE,13866.0,4505.0,200.0,843831,OUTER_TURRET,BUILDING_KILL
0.0,TOWER_BUILDING,1080337,7586176786,4.0,MID_LANE,8955.0,8510.0,200.0,1024697,OUTER_TURRET,BUILDING_KILL
0.0,TOWER_BUILDING,1080337,7586176786,1.0,TOP_LANE,4318.0,13875.0,200.0,1070518,OUTER_TURRET,BUILDING_KILL
0.0,TOWER_BUILDING,1140342,7586176786,4.0,MID_LANE,9767.0,10113.0,200.0,1124644,INNER_TURRET,BUILDING_KILL
300.0,TOWER_BUILDING,1140342,7586176786,8.0,BOT_LANE,10504.0,1029.0,100.0,1130293,OUTER_TURRET,BUILDING_KILL
0.0,TOWER_BUILDING,1200364,7586176786,1.0,TOP_LANE,7943.0,13411.0,200.0,1147756,INNER_TURRET,BUILDING_KILL
0.0,TOWER_BUILDING,1200364,7586176786,4.0,MID_LANE,11134.0,11207.0,200.0,1150428,BASE_TURRET,BUILDING_KILL
0.0,TOWER_BUILDING,1260382,7586176786,1.0,TOP_LANE,10481.0,13650.0,200.0,1252200,BASE_TURRET,BUILDING_KILL
0.0,TOWER_BUILDING,720276,7587080534,3.0,TOP_LANE,4318.0,13875.0,200.0,712627,OUTER_TURRET,BUILDING_KILL
0.0,TOWER_BUILDING,900318,7587080534,3.0,BOT_LANE,13866.0,4505.0,200.0,841048,OUTER_TURRET,BUILDING_KILL
0.0,TOWER_BUILDING,952833,7587080534,1.0,MID_LANE,8955.0,8510.0,200.0,910372,OUTER_TURRET,BUILDING_KILL
0.0,TOWER_BUILDING,840297,7586399776,8.0,BOT_LANE,10504.0,1029.0,100.0,781289,OUTER_TURRET,BUILDING_KILL
0.0,TOWER_BUILDING,900324,7586399776,1.0,TOP_LANE,4318.0,13875.0,200.0,889905,OUTER_TURRET,BUILDING_KILL
0.0,TOWER_BUILDING,1020352,7586399776,3.0,BOT_LANE,13866.0,4505.0,200.0,983677,OUTER_TURRET,BUILDING_KILL
0.0,TOWER_BUILDING,1140367,7586399776,7.0,MID_LANE,5846.0,6396.0,100.0,1115946,OUTER_TURRET,BUILDING_KILL
0.0,TOWER_BUILDING,1140367,7586399776,1.0,TOP_LANE,7943.0,13411.0,200.0,1120490,INNER_TURRET,BUILDING_KILL
0.0,TOWER_BUILDING,1140367,7586399776,10.0,MID_LANE,5048.0,4812.0,100.0,1128300,INNER_TURRET,BUILDING_KILL
0.0,TOWER_BUILDING,1320407,7586399776,8.0,TOP_LANE,981.0,10441.0,100.0,1317668,OUTER_TURRET,BUILDING_KILL
0.0,TOWER_BUILDING,1380416,7586399776,3.0,MID_LANE,8955.0,8510.0,200.0,1322380,OUTER_TURRET,BUILDING_KILL
0.0,TOWER_BUILDING,1715447,7586399776,10.0,MID_LANE,3651.0,3696.0,100.0,1684045,BASE_TURRET,BUILDING_KILL
0.0,INHIBITOR_BUILDING,1715447,7586399776,9.0,MID_LANE,3210.0,3217.0,100.0,1688788,,BUILDING_KILL
0.0,TOWER_BUILDING,1715447,7586399776,6.0,MID_LANE,1748.0,2270.0,100.0,1697841,NEXUS_TURRET,BUILDING_KILL
0.0,TOWER_BUILDING,1715447,7586399776,9.0,MID_LANE,2177.0,1807.0,100.0,1701182,NEXUS_TURRET,BUILDING_KILL
0.0,TOWER_BUILDING,900455,7586127680,4.0,BOT_LANE,13866.0,4505.0,200.0,844006,OUTER_TURRET,BUILDING_KILL
0.0,TOWER_BUILDING,900455,7586127680,6.0,TOP_LANE,981.0,10441.0,100.0,845776,OUTER_TURRET,BUILDING_KILL
0.0,TOWER_BUILDING,1020484,7586127680,4.0,MID_LANE,8955.0,8510.0,200.0,971248,OUTER_TURRET,BUILDING_KILL
0.0,TOWER_BUILDING,1080501,7586127680,8.0,MID_LANE,5846.0,6396.0,100.0,1046675,OUTER_TURRET,BUILDING_KILL
0.0,TOWER_BUILDING,1200552,7586127680,5.0,MID_LANE,9767.0,10113.0,200.0,1182632,INNER_TURRET,BUILDING_KILL
0.0,TOWER_BUILDING,1200552,7586127680,9.0,BOT_LANE,10504.0,1029.0,100.0,1188588,OUTER_TURRET,BUILDING_KILL
0.0,TOWER_BUILDING,1560655,7586127680,1.0,TOP_LANE,4318.0,13875.0,200.0,1515640,OUTER_TURRET,BUILDING_KILL
0.0,TOWER_BUILDING,1680659,7586127680,1.0,BOT_LANE,13327.0,8226.0,200.0,1653273,INNER_TURRET,BUILDING_KILL
0.0,TOWER_BUILDING,1680659,7586127680,3.0,TOP_LANE,7943.0,13411.0,200.0,1667817,INNER_TURRET,BUILDING_KILL
0.0,TOWER_BUILDING,1740683,7586127680,3.0,MID_LANE,11134.0,11207.0,200.0,1727181,BASE_TURRET,BUILDING_KILL
0.0,INHIBITOR_BUILDING,1740683,7586127680,2.0,MID_LANE,11593.0,11669.0,200.0,1731474,,BUILDING_KILL
0.0,TOWER_BUILDING,780287,7587569273,6.0,TOP_LANE,981.0,10441.0,100.0,756786,OUTER_TURRET,BUILDING_KILL
0.0,TOWER_BUILDING,960329,7587569273,6.0,BOT_LANE,10504.0,1029.0,100.0,922002,OUTER_TURRET,BUILDING_KILL
0.0,TOWER_BUILDING,1080360,7587569273,1.0,BOT_LANE,13866.0,4505.0,200.0,1073437,OUTER_TURRET,BUILDING_KILL
0.0,TOWER_BUILDING,1140386,7587569273,9.0,MID_LANE,5846.0,6396.0,100.0,1083198,OUTER_TURRET,BUILDING_KILL
0.0,TOWER_BUILDING,1140386,7587569273,6.0,TOP_LANE,1512.0,6699.0,100.0,1096591,INNER_TURRET,BUILDING_KILL
0.0,TOWER_BUILDING,840234,7587026018,6.0,TOP_LANE,981.0,10441.0,100.0,781407,OUTER_TURRET,BUILDING_KILL
0.0,TOWER_BUILDING,900265,7587026018,8.0,BOT_LANE,10504.0,1029.0,100.0,899198,OUTER_TURRET,BUILDING_KILL
0.0,TOWER_BUILDING,1020299,7587026018,9.0,MID_LANE,5846.0,6396.0,100.0,976626,OUTER_TURRET,BUILDING_KILL
0.0,TOWER_BUILDING,1020299,7587026018,1.0,BOT_LANE,13866.0,4505.0,200.0,999152,OUTER_TURRET,BUILDING_KILL
0.0,TOWER_BUILDING,1200353,7587026018,6.0,BOT_LANE,6919.0,1483.0,100.0,1147791,INNER_TURRET,BUILDING_KILL
0.0,TOWER_BUILDING,1260367,7587026018,5.0,MID_LANE,8955.0,8510.0,200.0,1239895,OUTER_TURRET,BUILDING_KILL
0.0,TOWER_BUILDING,1260367,7587026018,3.0,BOT_LANE,13327.0,8226.0,200.0,1247762,INNER_TURRET,BUILDING_KILL
0.0,TOWER_BUILDING,1320389,7587026018,6.0,TOP_LANE,1512.0,6699.0,100.0,1294166,INNER_TURRET,BUILDING_KILL
0.0,TOWER_BUILDING,1735155,7587026018,9.0,MID_LANE,5048.0,4812.0,100.0,1710521,INNER_TURRET,BUILDING_KILL
0.0,TOWER_BUILDING,1735155,7587026018,9.0,MID_LANE,3651.0,3696.0,100.0,1717101,BASE_TURRET,BUILDING_KILL
0.0,INHIBITOR_BUILDING,1735155,7587026018,6.0,MID_LANE,3210.0,3217.0,100.0,1720040,,BUILDING_KILL
0.0,TOWER_BUILDING,1735155,7587026018,8.0,MID_LANE,2177.0,1807.0,100.0,1727356,NEXUS_TURRET,BUILDING_KILL
0.0,TOWER_BUILDING,1735155,7587026018,8.0,MID_LANE,1748.0,2270.0,100.0,1727890,NEXUS_TURRET,BUILDING_KILL
0.0,TOWER_BUILDING,780289,7586162631,5.0,TOP_LANE,4318.0,13875.0,200.0,731886,OUTER_TURRET,BUILDING_KILL
0.0,TOWER_BUILDING,1140399,7586162631,6.0,TOP_LANE,981.0,10441.0,100.0,1106684,OUTER_TURRET,BUILDING_KILL
0.0,TOWER_BUILDING,1140399,7586162631,8.0,BOT_LANE,10504.0,1029.0,100.0,1108274,OUTER_TURRET,BUILDING_KILL
0.0,TOWER_BUILDING,1140399,7586162631,5.0,MID_LANE,8955.0,8510.0,200.0,1114620,OUTER_TURRET,BUILDING_KILL
0.0,TOWER_BUILDING,1440481,7586162631,9.0,MID_LANE,5846.0,6396.0,100.0,1429278,OUTER_TURRET,BUILDING_KILL
0.0,TOWER_BUILDING,900343,7587161963,8.0,MID_LANE,5846.0,6396.0,100.0,860403,OUTER_TURRET,BUILDING_KILL
0.0,TOWER_BUILDING,900343,7587161963,7.0,BOT_LANE,10504.0,1029.0,100.0,861105,OUTER_TURRET,BUILDING_KILL
0.0,TOWER_BUILDING,1020383,7587161963,7.0,TOP_LANE,981.0,10441.0,100.0,1011336,OUTER_TURRET,BUILDING_KILL
0.0,TOWER_BUILDING,1200460,7587161963,1.0,TOP_LANE,4318.0,13875.0,200.0,1197488,OUTER_TURRET,BUILDING_KILL
0.0,TOWER_BUILDING,1260469,7587161963,8.0,BOT_LANE,6919.0,1483.0,100.0,1201896,INNER_TURRET,BUILDING_KILL
0.0,TOWER_BUILDING,1380501,7587161963,6.0,TOP_LANE,1512.0,6699.0,100.0,1364614,INNER_TURRET,BUILDING_KILL
0.0,TOWER_BUILDING,1560566,7587161963,3.0,BOT_LANE,13866.0,4505.0,200.0,1552205,OUTER_TURRET,BUILDING_KILL
0.0,TOWER_BUILDING,1620587,7587161963,1.0,MID_LANE,8955.0,8510.0,200.0,1565108,OUTER_TURRET,BUILDING_KILL
0.0,TOWER_BUILDING,1620587,7587161963,0.0,MID_LANE,5048.0,4812.0,100.0,1602407,INNER_TURRET,BUILDING_KILL
0.0,TOWER_BUILDING,840287,7587065032,6.0,TOP_LANE,981.0,10441.0,100.0,809985,OUTER_TURRET,BUILDING_KILL
0.0,TOWER_BUILDING,900316,7587065032,3.0,BOT_LANE,13866.0,4505.0,200.0,858246,OUTER_TURRET,BUILDING_KILL
0.0,TOWER_BUILDING,1020371,7587065032,1.0,TOP_LANE,4318.0,13875.0,200.0,997895,OUTER_TURRET,BUILDING_KILL
0.0,TOWER_BUILDING,1080396,7587065032,8.0,BOT_LANE,10504.0,1029.0,100.0,1042861,OUTER_TURRET,BUILDING_KILL
0.0,TOWER_BUILDING,1200436,7587065032,9.0,MID_LANE,5846.0,6396.0,100.0,1174963,OUTER_TURRET,BUILDING_KILL
0.0,TOWER_BUILDING,1320454,7587065032,9.0,MID_LANE,5048.0,4812.0,100.0,1296904,INNER_TURRET,BUILDING_KILL
0.0,TOWER_BUILDING,1380484,7587065032,10.0,MID_LANE,3651.0,3696.0,100.0,1368183,BASE_TURRET,BUILDING_KILL
0.0,INHIBITOR_BUILDING,1380484,7587065032,10.0,MID_LANE,3210.0,3217.0,100.0,1372822,,BUILDING_KILL
0.0,TOWER_BUILDING,1677690,7587065032,9.0,TOP_LANE,1512.0,6699.0,100.0,1622400,INNER_TURRET,BUILDING_KILL
0.0,TOWER_BUILDING,1677690,7587065032,8.0,BOT_LANE,6919.0,1483.0,100.0,1645299,INNER_TURRET,BUILDING_KILL
0.0,TOWER_BUILDING,1677690,7587065032,7.0,TOP_LANE,1169.0,4287.0,100.0,1650482,BASE_TURRET,BUILDING_KILL
0.0,TOWER_BUILDING,1677690,7587065032,9.0,MID_LANE,2177.0,1807.0,100.0,1662682,NEXUS_TURRET,BUILDING_KILL
0.0,INHIBITOR_BUILDING,1677690,7587065032,10.0,TOP_LANE,1172.0,3583.0,100.0,1668798,,BUILDING_KILL
0.0,TOWER_BUILDING,1677690,7587065032,10.0,MID_LANE,1748.0,2270.0,100.0,1672346,NEXUS_TURRET,BUILDING_KILL
0.0,TOWER_BUILDING,900317,7587350714,3.0,TOP_LANE,4318.0,13875.0,200.0,843720,OUTER_TURRET,BUILDING_KILL
0.0,TOWER_BUILDING,900317,7587350714,1.0,BOT_LANE,13866.0,4505.0,200.0,894075,OUTER_TURRET,BUILDING_KILL
0.0,TOWER_BUILDING,1080362,7587350714,8.0,BOT_LANE,10504.0,1029.0,100.0,1022588,OUTER_TURRET,BUILDING_KILL
0.0,TOWER_BUILDING,1140378,7587350714,9.0,MID_LANE,5846.0,6396.0,100.0,1123948,OUTER_TURRET,BUILDING_KILL
0.0,TOWER_BUILDING,1260393,7587350714,3.0,MID_LANE,8955.0,8510.0,200.0,1205627,OUTER_TURRET,BUILDING_KILL
0.0,TOWER_BUILDING,1320413,7587350714,8.0,TOP_LANE,981.0,10441.0,100.0,1288164,OUTER_TURRET,BUILDING_KILL
0.0,TOWER_BUILDING,1440446,7587350714,4.0,MID_LANE,9767.0,10113.0,200.0,1415516,INNER_TURRET,BUILDING_KILL
0.0,TOWER_BUILDING,1500464,7587350714,8.0,MID_LANE,5048.0,4812.0,100.0,1481857,INNER_TURRET,BUILDING_KILL
0.0,TOWER_BUILDING,1920645,7587350714,9.0,MID_LANE,3651.0,3696.0,100.0,1897515,BASE_TURRET,BUILDING_KILL
0.0,INHIBITOR_BUILDING,1920645,7587350714,7.0,MID_LANE,3210.0,3217.0,100.0,1901623,,BUILDING_KILL
0.0,TOWER_BUILDING,1920645,7587350714,6.0,MID_LANE,2177.0,1807.0,100.0,1913952,NEXUS_TURRET,BUILDING_KILL
0.0,TOWER_BUILDING,1920645,7587350714,6.0,MID_LANE,1748.0,2270.0,100.0,1914854,NEXUS_TURRET,BUILDING_KILL
0.0,TOWER_BUILDING,840348,7587226777,1.0,TOP_LANE,4318.0,13875.0,200.0,799542,OUTER_TURRET,BUILDING_KILL
0.0,TOWER_BUILDING,900370,7587226777,5.0,BOT_LANE,13866.0,4505.0,200.0,869613,OUTER_TURRET,BUILDING_KILL
0.0,TOWER_BUILDING,1020383,7587226777,4.0,MID_LANE,8955.0,8510.0,200.0,996112,OUTER_TURRET,BUILDING_KILL
0.0,TOWER_BUILDING,1080406,7587226777,2.0,TOP_LANE,7943.0,13411.0,200.0,1039543,INNER_TURRET,BUILDING_KILL
250.0,TOWER_BUILDING,1080406,7587226777,8.0,BOT_LANE,10504.0,1029.0,100.0,1048558,OUTER_TURRET,BUILDING_KILL
0.0,TOWER_BUILDING,1140440,7587226777,5.0,MID_LANE,9767.0,10113.0,200.0,1128383,INNER_TURRET,BUILDING_KILL
0.0,TOWER_BUILDING,1140440,7587226777,2.0,MID_LANE,11134.0,11207.0,200.0,1136065,BASE_TURRET,BUILDING_KILL
0.0,INHIBITOR_BUILDING,1200471,7587226777,2.0,MID_LANE,11593.0,11669.0,200.0,1144013,,BUILDING_KILL
0.0,TOWER_BUILDING,1368585,7587226777,2.0,MID_LANE,13052.0,12612.0,200.0,1349102,NEXUS_TURRET,BUILDING_KILL
0.0,TOWER_BUILDING,1368585,7587226777,2.0,MID_LANE,12611.0,13084.0,200.0,1356419,NEXUS_TURRET,BUILDING_KILL
0.0,TOWER_BUILDING,780279,7587563548,2.0,TOP_LANE,4318.0,13875.0,200.0,766776,OUTER_TURRET,BUILDING_KILL
0.0,TOWER_BUILDING,900318,7587563548,1.0,TOP_LANE,7943.0,13411.0,200.0,872149,INNER_TURRET,BUILDING_KILL
0.0,TOWER_BUILDING,900318,7587563548,6.0,BOT_LANE,10504.0,1029.0,100.0,879195,OUTER_TURRET,BUILDING_KILL
0.0,TOWER_BUILDING,1140385,7587563548,4.0,MID_LANE,8955.0,8510.0,200.0,1095604,OUTER_TURRET,BUILDING_KILL
0.0,TOWER_BUILDING,1200390,7587563548,8.0,TOP_LANE,981.0,10441.0,100.0,1190178,OUTER_TURRET,BUILDING_KILL
0.0,TOWER_BUILDING,1260407,7587563548,9.0,MID_LANE,5846.0,6396.0,100.0,1257692,OUTER_TURRET,BUILDING_KILL
0.0,TOWER_BUILDING,1500486,7587563548,1.0,BOT_LANE,13866.0,4505.0,200.0,1442721,OUTER_TURRET,BUILDING_KILL
0.0,TOWER_BUILDING,1860600,7587563548,4.0,MID_LANE,9767.0,10113.0,200.0,1804175,INNER_TURRET,BUILDING_KILL
0.0,TOWER_BUILDING,1860600,7587563548,2.0,MID_LANE,11134.0,11207.0,200.0,1822226,BASE_TURRET,BUILDING_KILL
0.0,TOWER_BUILDING,1860600,7587563548,3.0,BOT_LANE,13327.0,8226.0,200.0,1827787,INNER_TURRET,BUILDING_KILL
0.0,INHIBITOR_BUILDING,1860600,7587563548,1.0,MID_LANE,11593.0,11669.0,200.0,1832329,,BUILDING_KILL
0.0,TOWER_BUILDING,1860600,7587563548,1.0,BOT_LANE,13624.0,10572.0,200.0,1840856,BASE_TURRET,BUILDING_KILL
0.0,INHIBITOR_BUILDING,1860600,7587563548,1.0,BOT_LANE,13594.0,11319.0,200.0,1846367,,BUILDING_KILL
0.0,TOWER_BUILDING,2100643,7587563548,9.0,MID_LANE,5048.0,4812.0,100.0,2078118,INNER_TURRET,BUILDING_KILL
0.0,TOWER_BUILDING,2100643,7587563548,6.0,MID_LANE,3651.0,3696.0,100.0,2088170,BASE_TURRET,BUILDING_KILL
0.0,INHIBITOR_BUILDING,2100643,7587563548,9.0,MID_LANE,3210.0,3217.0,100.0,2095350,,BUILDING_KILL
0.0,INHIBITOR_BUILDING,2160648,7587563548,3.0,MID_LANE,11593.0,11669.0,200.0,2147036,,BUILDING_KILL
0.0,INHIBITOR_BUILDING,2220680,7587563548,2.0,BOT_LANE,13594.0,11319.0,200.0,2163286,,BUILDING_KILL
0.0,INHIBITOR_BUILDING,2491859,7587563548,2.0,BOT_LANE,13594.0,11319.0,200.0,2469839,,BUILDING_KILL
0.0,TOWER_BUILDING,2491859,7587563548,2.0,MID_LANE,13052.0,12612.0,200.0,2478259,NEXUS_TURRET,BUILDING_KILL
0.0,TOWER_BUILDING,2491859,7587563548,2.0,MID_LANE,12611.0,13084.0,200.0,2483478,NEXUS_TURRET,BUILDING_KILL
0.0,TOWER_BUILDING,900295,7586757299,4.0,TOP_LANE,4318.0,13875.0,200.0,852236,OUTER_TURRET,BUILDING_KILL
0.0,TOWER_BUILDING,1080350,7586757299,8.0,BOT_LANE,10504.0,1029.0,100.0,1035069,OUTER_TURRET,BUILDING_KILL
0.0,TOWER_BUILDING,1080350,7586757299,4.0,MID_LANE,8955.0,8510.0,200.0,1063500,OUTER_TURRET,BUILDING_KILL
0.0,TOWER_BUILDING,1080350,7586757299,1.0,MID_LANE,9767.0,10113.0,200.0,1074597,INNER_TURRET,BUILDING_KILL
0.0,TOWER_BUILDING,1260392,7586757299,3.0,BOT_LANE,13866.0,4505.0,200.0,1240810,OUTER_TURRET,BUILDING_KILL
0.0,TOWER_BUILDING,1380438,7586757299,5.0,TOP_LANE,7943.0,13411.0,200.0,1357534,INNER_TURRET,BUILDING_KILL
200.0,TOWER_BUILDING,1488375,7586757299,6.0,TOP_LANE,981.0,10441.0,100.0,1460597,OUTER_TURRET,BUILDING_KILL
0.0,TOWER_BUILDING,840317,7587631889,4.0,BOT_LANE,13866.0,4505.0,200.0,806664,OUTER_TURRET,BUILDING_KILL
0.0,TOWER_BUILDING,900338,7587631889,6.0,TOP_LANE,981.0,10441.0,100.0,873528,OUTER_TURRET,BUILDING_KILL
0.0,TOWER_BUILDING,960359,7587631889,3.0,MID_LANE,8955.0,8510.0,200.0,913696,OUTER_TURRET,BUILDING_KILL
0.0,TOWER_BUILDING,1140408,7587631889,2.0,BOT_LANE,13327.0,8226.0,200.0,1115086,INNER_TURRET,BUILDING_KILL
0.0,TOWER_BUILDING,1200423,7587631889,4.0,MID_LANE,9767.0,10113.0,200.0,1157544,INNER_TURRET,BUILDING_KILL
0.0,TOWER_BUILDING,1320459,7587631889,4.0,BOT_LANE,13624.0,10572.0,200.0,1262410,BASE_TURRET,BUILDING_KILL
0.0,TOWER_BUILDING,1320459,7587631889,9.0,MID_LANE,5846.0,6396.0,100.0,1267620,OUTER_TURRET,BUILDING_KILL
0.0,INHIBITOR_BUILDING,1320459,7587631889,4.0,BOT_LANE,13594.0,11319.0,200.0,1273367,,BUILDING_KILL
0.0,TOWER_BUILDING,1320459,7587631889,4.0,MID_LANE,13052.0,12612.0,200.0,1299326,NEXUS_TURRET,BUILDING_KILL
0.0,TOWER_BUILDING,1380487,7587631889,3.0,TOP_LANE,4318.0,13875.0,200.0,1334199,OUTER_TURRET,BUILDING_KILL
0.0,TOWER_BUILDING,1440507,7587631889,6.0,TOP_LANE,1512.0,6699.0,100.0,1386465,INNER_TURRET,BUILDING_KILL
0.0,TOWER_BUILDING,1680537,7587631889,3.0,MID_LANE,11134.0,11207.0,200.0,1658036,BASE_TURRET,BUILDING_KILL
0.0,INHIBITOR_BUILDING,1680537,7587631889,5.0,MID_LANE,11593.0,11669.0,200.0,1661750,,BUILDING_KILL
0.0,INHIBITOR_BUILDING,1680537,7587631889,2.0,BOT_LANE,13594.0,11319.0,200.0,1669933,,BUILDING_KILL
0.0,TOWER_BUILDING,1740542,7587631889,4.0,MID_LANE,13052.0,12612.0,200.0,1739139,NEXUS_TURRET,BUILDING_KILL
0.0,TOWER_BUILDING,1765635,7587631889,1.0,MID_LANE,12611.0,13084.0,200.0,1752298,NEXUS_TURRET,BUILDING_KILL
0.0,TOWER_BUILDING,900390,7586309388,4.0,BOT_LANE,13866.0,4505.0,200.0,843269,OUTER_TURRET,BUILDING_KILL
0.0,TOWER_BUILDING,960390,7586309388,8.0,BOT_LANE,10504.0,1029.0,100.0,941500,OUTER_TURRET,BUILDING_KILL
0.0,TOWER_BUILDING,960390,7586309388,5.0,MID_LANE,8955.0,8510.0,200.0,943704,OUTER_TURRET,BUILDING_KILL
0.0,TOWER_BUILDING,1020413,7586309388,3.0,TOP_LANE,4318.0,13875.0,200.0,981901,OUTER_TURRET,BUILDING_KILL
0.0,TOWER_BUILDING,1200436,7586309388,3.0,TOP_LANE,7943.0,13411.0,200.0,1142826,INNER_TURRET,BUILDING_KILL
0.0,TOWER_BUILDING,1200436,7586309388,3.0,MID_LANE,9767.0,10113.0,200.0,1165354,INNER_TURRET,BUILDING_KILL
0.0,TOWER_BUILDING,1440538,7586309388,1.0,BOT_LANE,13327.0,8226.0,200.0,1414453,INNER_TURRET,BUILDING_KILL
0.0,TOWER_BUILDING,1500554,7586309388,5.0,MID_LANE,11134.0,11207.0,200.0,1459147,BASE_TURRET,BUILDING_KILL
0.0,INHIBITOR_BUILDING,1500554,7586309388,5.0,MID_LANE,11593.0,11669.0,200.0,1464171,,BUILDING_KILL
0.0,TOWER_BUILDING,1500554,7586309388,3.0,BOT_LANE,13624.0,10572.0,200.0,1480052,BASE_TURRET,BUILDING_KILL
0.0,INHIBITOR_BUILDING,1500554,7586309388,3.0,BOT_LANE,13594.0,11319.0,200.0,1487743,,BUILDING_KILL
0.0,TOWER_BUILDING,1620616,7586309388,2.0,MID_LANE,13052.0,12612.0,200.0,1587294,NEXUS_TURRET,BUILDING_KILL
0.0,TOWER_BUILDING,1620616,7586309388,0.0,TOP_LANE,10481.0,13650.0,200.0,1594836,BASE_TURRET,BUILDING_KILL
0.0,TOWER_BUILDING,1620616,7586309388,4.0,MID_LANE,12611.0,13084.0,200.0,1596511,NEXUS_TURRET,BUILDING_KILL
480.0,TOWER_BUILDING,1620616,7586309388,9.0,BOT_LANE,6919.0,1483.0,100.0,1616758,INNER_TURRET,BUILDING_KILL
0.0,INHIBITOR_BUILDING,1620616,7586309388,0.0,TOP_LANE,11275.0,13663.0,200.0,1619955,,BUILDING_KILL
0.0,TOWER_BUILDING,840316,7587238017,9.0,BOT_LANE,10504.0,1029.0,100.0,781941,OUTER_TURRET,BUILDING_KILL
0.0,TOWER_BUILDING,900320,7587238017,3.0,TOP_LANE,4318.0,13875.0,200.0,844963,OUTER_TURRET,BUILDING_KILL
0.0,TOWER_BUILDING,900320,7587238017,6.0,MID_LANE,5846.0,6396.0,100.0,853668,OUTER_TURRET,BUILDING_KILL
0.0,TOWER_BUILDING,1080350,7587238017,6.0,BOT_LANE,6919.0,1483.0,100.0,1062921,INNER_TURRET,BUILDING_KILL
0.0,TOWER_BUILDING,1200362,7587238017,0.0,BOT_LANE,4281.0,1253.0,100.0,1193048,BASE_TURRET,BUILDING_KILL
0.0,TOWER_BUILDING,1260382,7587238017,7.0,MID_LANE,5048.0,4812.0,100.0,1218311,INNER_TURRET,BUILDING_KILL
0.0,TOWER_BUILDING,1260382,7587238017,8.0,TOP_LANE,981.0,10441.0,100.0,1249138,OUTER_TURRET,BUILDING_KILL
0.0,TOWER_BUILDING,1560497,7587238017,4.0,MID_LANE,8955.0,8510.0,200.0,1510017,OUTER_TURRET,BUILDING_KILL
0.0,TOWER_BUILDING,1684254,7587238017,7.0,MID_LANE,3651.0,3696.0,100.0,1673199,BASE_TURRET,BUILDING_KILL
0.0,TOWER_BUILDING,900284,7585729165,8.0,BOT_LANE,10504.0,1029.0,100.0,867714,OUTER_TURRET,BUILDING_KILL
0.0,TOWER_BUILDING,900284,7585729165,1.0,TOP_LANE,4318.0,13875.0,200.0,874093,OUTER_TURRET,BUILDING_KILL
0.0,TOWER_BUILDING,1080319,7585729165,8.0,MID_LANE,5846.0,6396.0,100.0,1059137,OUTER_TURRET,BUILDING_KILL
0.0,TOWER_BUILDING,1200351,7585729165,1.0,BOT_LANE,13866.0,4505.0,200.0,1173109,OUTER_TURRET,BUILDING_KILL
0.0,TOWER_BUILDING,1320403,7585729165,2.0,MID_LANE,8955.0,8510.0,200.0,1293930,OUTER_TURRET,BUILDING_KILL
0.0,TOWER_BUILDING,1560433,7585729165,7.0,TOP_LANE,981.0,10441.0,100.0,1531778,OUTER_TURRET,BUILDING_KILL
0.0,TOWER_BUILDING,1680483,7585729165,4.0,MID_LANE,9767.0,10113.0,200.0,1641116,INNER_TURRET,BUILDING_KILL
0.0,TOWER_BUILDING,2100601,7585729165,10.0,MID_LANE,5048.0,4812.0,100.0,2050799,INNER_TURRET,BUILDING_KILL
0.0,TOWER_BUILDING,2100601,7585729165,6.0,TOP_LANE,1512.0,6699.0,100.0,2062303,INNER_TURRET,BUILDING_KILL
0.0,TOWER_BUILDING,2100601,7585729165,10.0,MID_LANE,3651.0,3696.0,100.0,2065849,BASE_TURRET,BUILDING_KILL
0.0,INHIBITOR_BUILDING,2100601,7585729165,10.0,MID_LANE,3210.0,3217.0,100.0,2072150,,BUILDING_KILL
0.0,TOWER_BUILDING,2188822,7585729165,7.0,MID_LANE,2177.0,1807.0,100.0,2181474,NEXUS_TURRET,BUILDING_KILL
0.0,TOWER_BUILDING,2188822,7585729165,9.0,MID_LANE,1748.0,2270.0,100.0,2184046,NEXUS_TURRET,BUILDING_KILL
0.0,TOWER_BUILDING,720328,7586210592,1.0,TOP_LANE,4318.0,13875.0,200.0,667547,OUTER_TURRET,BUILDING_KILL
0.0,TOWER_BUILDING,720328,7586210592,4.0,BOT_LANE,13866.0,4505.0,200.0,694253,OUTER_TURRET,BUILDING_KILL
0.0,TOWER_BUILDING,900398,7586210592,4.0,MID_LANE,8955.0,8510.0,200.0,851969,OUTER_TURRET,BUILDING_KILL
0.0,TOWER_BUILDING,1380545,7586210592,2.0,MID_LANE,9767.0,10113.0,200.0,1335211,INNER_TURRET,BUILDING_KILL
0.0,TOWER_BUILDING,1380545,7586210592,6.0,BOT_LANE,10504.0,1029.0,100.0,1337468,OUTER_TURRET,BUILDING_KILL
0.0,TOWER_BUILDING,1380545,7586210592,9.0,MID_LANE,5846.0,6396.0,100.0,1343881,OUTER_TURRET,BUILDING_KILL
0.0,TOWER_BUILDING,1380545,7586210592,2.0,TOP_LANE,7943.0,13411.0,200.0,1345654,INNER_TURRET,BUILDING_KILL
0.0,TOWER_BUILDING,1440565,7586210592,8.0,TOP_LANE,981.0,10441.0,100.0,1413548,OUTER_TURRET,BUILDING_KILL
0.0,TOWER_BUILDING,1440565,7586210592,4.0,BOT_LANE,13327.0,8226.0,200.0,1424725,INNER_TURRET,BUILDING_KILL
0.0,TOWER_BUILDING,1604206,7586210592,2.0,MID_LANE,11134.0,11207.0,200.0,1581833,BASE_TURRET,BUILDING_KILL
0.0,INHIBITOR_BUILDING,1604206,7586210592,4.0,MID_LANE,11593.0,11669.0,200.0,1585640,,BUILDING_KILL
0.0,TOWER_BUILDING,1604206,7586210592,3.0,MID_LANE,13052.0,12612.0,200.0,1591252,NEXUS_TURRET,BUILDING_KILL
0.0,TOWER_BUILDING,1604206,7586210592,3.0,MID_LANE,12611.0,13084.0,200.0,1595288,NEXUS_TURRET,BUILDING_KILL
0.0,TOWER_BUILDING,900341,7585908829,1.0,TOP_LANE,4318.0,13875.0,200.0,864343,OUTER_TURRET,BUILDING_KILL
0.0,TOWER_BUILDING,960364,7585908829,4.0,BOT_LANE,13866.0,4505.0,200.0,950890,OUTER_TURRET,BUILDING_KILL
0.0,TOWER_BUILDING,1080389,7585908829,8.0,BOT_LANE,10504.0,1029.0,100.0,1023458,OUTER_TURRET,BUILDING_KILL
0.0,TOWER_BUILDING,1080389,7585908829,2.0,MID_LANE,8955.0,8510.0,200.0,1071504,OUTER_TURRET,BUILDING_KILL
0.0,TOWER_BUILDING,1260433,7585908829,1.0,TOP_LANE,7943.0,13411.0,200.0,1224709,INNER_TURRET,BUILDING_KILL
0.0,TOWER_BUILDING,1260433,7585908829,1.0,MID_LANE,9767.0,10113.0,200.0,1255982,INNER_TURRET,BUILDING_KILL
0.0,TOWER_BUILDING,1487874,7585908829,1.0,TOP_LANE,10481.0,13650.0,200.0,1445264,BASE_TURRET,BUILDING_KILL
0.0,INHIBITOR_BUILDING,1487874,7585908829,1.0,TOP_LANE,11275.0,13663.0,200.0,1476195,,BUILDING_KILL
0.0,TOWER_BUILDING,840308,7586700713,1.0,TOP_LANE,4318.0,13875.0,200.0,837970,OUTER_TURRET,BUILDING_KILL
0.0,TOWER_BUILDING,720309,7586899718,6.0,TOP_LANE,981.0,10441.0,100.0,715432,OUTER_TURRET,BUILDING_KILL
0.0,TOWER_BUILDING,840353,7586899718,8.0,MID_LANE,5846.0,6396.0,100.0,820860,OUTER_TURRET,BUILDING_KILL
0.0,TOWER_BUILDING,900385,7587081172,6.0,TOP_LANE,981.0,10441.0,100.0,861323,OUTER_TURRET,BUILDING_KILL
0.0,TOWER_BUILDING,960389,7587081172,8.0,MID_LANE,5846.0,6396.0,100.0,910914,OUTER_TURRET,BUILDING_KILL
0.0,TOWER_BUILDING,960389,7587081172,6.0,BOT_LANE,10504.0,1029.0,100.0,948098,OUTER_TURRET,BUILDING_KILL
0.0,TOWER_BUILDING,1080419,7587081172,6.0,TOP_LANE,1512.0,6699.0,100.0,1027696,INNER_TURRET,BUILDING_KILL
0.0,TOWER_BUILDING,1140430,7587081172,9.0,BOT_LANE,6919.0,1483.0,100.0,1116895,INNER_TURRET,BUILDING_KILL
0.0,TOWER_BUILDING,1140430,7587081172,8.0,BOT_LANE,4281.0,1253.0,100.0,1126073,BASE_TURRET,BUILDING_KILL
0.0,INHIBITOR_BUILDING,1140430,7587081172,9.0,BOT_LANE,3468.0,1230.0,100.0,1130611,,BUILDING_KILL
0.0,TOWER_BUILDING,1320464,7587081172,10.0,MID_LANE,5048.0,4812.0,100.0,1308434,INNER_TURRET,BUILDING_KILL
0.0,TOWER_BUILDING,1380491,7587081172,0.0,MID_LANE,2177.0,1807.0,100.0,1328225,NEXUS_TURRET,BUILDING_KILL
0.0,TOWER_BUILDING,1440513,7587081172,9.0,MID_LANE,3651.0,3696.0,100.0,1402706,BASE_TURRET,BUILDING_KILL
0.0,INHIBITOR_BUILDING,1440513,7587081172,9.0,MID_LANE,3210.0,3217.0,100.0,1407149,,BUILDING_KILL
300.0,TOWER_BUILDING,1560566,7587081172,3.0,BOT_LANE,13866.0,4505.0,200.0,1549374,OUTER_TURRET,BUILDING_KILL
0.0,TOWER_BUILDING,1615864,7587081172,0.0,TOP_LANE,1169.0,4287.0,100.0,1566957,BASE_TURRET,BUILDING_KILL
0.0,INHIBITOR_BUILDING,1615864,7587081172,8.0,TOP_LANE,1172.0,3583.0,100.0,1578036,,BUILDING_KILL
0.0,TOWER_BUILDING,1615864,7587081172,8.0,MID_LANE,1748.0,2270.0,100.0,1583397,NEXUS_TURRET,BUILDING_KILL
0.0,TOWER_BUILDING,1615864,7587081172,8.0,MID_LANE,2177.0,1807.0,100.0,1594014,NEXUS_TURRET,BUILDING_KILL
0.0,TOWER_BUILDING,780311,7586300205,3.0,MID_LANE,8955.0,8510.0,200.0,777155,OUTER_TURRET,BUILDING_KILL
0.0,TOWER_BUILDING,960388,7586300205,4.0,BOT_LANE,13866.0,4505.0,200.0,924611,OUTER_TURRET,BUILDING_KILL
0.0,TOWER_BUILDING,1140436,7586300205,1.0,TOP_LANE,4318.0,13875.0,200.0,1135987,OUTER_TURRET,BUILDING_KILL
0.0,TOWER_BUILDING,1200462,7586300205,4.0,MID_LANE,9767.0,10113.0,200.0,1195018,INNER_TURRET,BUILDING_KILL
0.0,TOWER_BUILDING,1260463,7586300205,6.0,TOP_LANE,981.0,10441.0,100.0,1233798,OUTER_TURRET,BUILDING_KILL
0.0,TOWER_BUILDING,1320487,7586300205,1.0,TOP_LANE,7943.0,13411.0,200.0,1303908,INNER_TURRET,BUILDING_KILL
0.0,TOWER_BUILDING,1440520,7586300205,4.0,BOT_LANE,13327.0,8226.0,200.0,1419299,INNER_TURRET,BUILDING_KILL
0.0,TOWER_BUILDING,1440520,7586300205,2.0,BOT_LANE,13624.0,10572.0,200.0,1437881,BASE_TURRET,BUILDING_KILL
0.0,TOWER_BUILDING,1560551,7586300205,4.0,MID_LANE,11134.0,11207.0,200.0,1504881,BASE_TURRET,BUILDING_KILL
0.0,INHIBITOR_BUILDING,1560551,7586300205,3.0,MID_LANE,11593.0,11669.0,200.0,1514648,,BUILDING_KILL
0.0,TOWER_BUILDING,1560551,7586300205,3.0,MID_LANE,13052.0,12612.0,200.0,1526480,NEXUS_TURRET,BUILDING_KILL
0.0,TOWER_BUILDING,1560551,7586300205,3.0,MID_LANE,12611.0,13084.0,200.0,1531156,NEXUS_TURRET,BUILDING_KILL
0.0,INHIBITOR_BUILDING,1560551,7586300205,4.0,BOT_LANE,13594.0,11319.0,200.0,1546040,,BUILDING_KILL
0.0,TOWER_BUILDING,900349,7586051333,5.0,TOP_LANE,4318.0,13875.0,200.0,890235,OUTER_TURRET,BUILDING_KILL
0.0,TOWER_BUILDING,900349,7586051333,9.0,BOT_LANE,10504.0,1029.0,100.0,895212,OUTER_TURRET,BUILDING_KILL
0.0,TOWER_BUILDING,1140435,7586051333,3.0,BOT_LANE,13866.0,4505.0,200.0,1136224,OUTER_TURRET,BUILDING_KILL
0.0,TOWER_BUILDING,1200438,7586051333,8.0,TOP_LANE,981.0,10441.0,100.0,1159971,OUTER_TURRET,BUILDING_KILL
0.0,TOWER_BUILDING,1200438,7586051333,5.0,MID_LANE,8955.0,8510.0,200.0,1160272,OUTER_TURRET,BUILDING_KILL
0.0,TOWER_BUILDING,1200438,7586051333,4.0,MID_LANE,9767.0,10113.0,200.0,1168289,INNER_TURRET,BUILDING_KILL
0.0,TOWER_BUILDING,1260439,7586051333,1.0,BOT_LANE,13327.0,8226.0,200.0,1259334,INNER_TURRET,BUILDING_KILL
0.0,TOWER_BUILDING,1380474,7586051333,8.0,MID_LANE,5846.0,6396.0,100.0,1366101,OUTER_TURRET,BUILDING_KILL
0.0,TOWER_BUILDING,1500482,7586051333,2.0,BOT_LANE,13624.0,10572.0,200.0,1456267,BASE_TURRET,BUILDING_KILL
0.0,TOWER_BUILDING,1500482,7586051333,4.0,MID_LANE,11134.0,11207.0,200.0,1467902,BASE_TURRET,BUILDING_KILL
0.0,INHIBITOR_BUILDING,1500482,7586051333,2.0,BOT_LANE,13594.0,11319.0,200.0,1471276,,BUILDING_KILL
0.0,INHIBITOR_BUILDING,1500482,7586051333,4.0,MID_LANE,11593.0,11669.0,200.0,1476338,,BUILDING_KILL
0.0,TOWER_BUILDING,1800551,7586051333,8.0,BOT_LANE,6919.0,1483.0,100.0,1773837,INNER_TURRET,BUILDING_KILL
0.0,TOWER_BUILDING,1800551,7586051333,9.0,BOT_LANE,4281.0,1253.0,100.0,1784451,BASE_TURRET,BUILDING_KILL
0.0,TOWER_BUILDING,1800551,7586051333,6.0,MID_LANE,5048.0,4812.0,100.0,1785387,INNER_TURRET,BUILDING_KILL
0.0,INHIBITOR_BUILDING,1800551,7586051333,7.0,BOT_LANE,3468.0,1230.0,100.0,1789031,,BUILDING_KILL
0.0,TOWER_BUILDING,1800551,7586051333,1.0,TOP_LANE,7943.0,13411.0,200.0,1789231,INNER_TURRET,BUILDING_KILL
0.0,TOWER_BUILDING,1800551,7586051333,7.0,MID_LANE,2177.0,1807.0,100.0,1799419,NEXUS_TURRET,BUILDING_KILL
0.0,TOWER_BUILDING,1814869,7586051333,10.0,MID_LANE,1748.0,2270.0,100.0,1803128,NEXUS_TURRET,BUILDING_KILL
0.0,TOWER_BUILDING,1814869,7586051333,1.0,TOP_LANE,10481.0,13650.0,200.0,1804854,BASE_TURRET,BUILDING_KILL
0.0,INHIBITOR_BUILDING,1814869,7586051333,1.0,TOP_LANE,11275.0,13663.0,200.0,1810288,,BUILDING_KILL
0.0,TOWER_BUILDING,840311,7587251437,9.0,BOT_LANE,10504.0,1029.0,100.0,825732,OUTER_TURRET,BUILDING_KILL
0.0,TOWER_BUILDING,960357,7587251437,4.0,BOT_LANE,13866.0,4505.0,200.0,916652,OUTER_TURRET,BUILDING_KILL
0.0,TOWER_BUILDING,960357,7587251437,6.0,TOP_LANE,981.0,10441.0,100.0,923920,OUTER_TURRET,BUILDING_KILL
0.0,TOWER_BUILDING,960357,7587251437,3.0,MID_LANE,8955.0,8510.0,200.0,946743,OUTER_TURRET,BUILDING_KILL
0.0,TOWER_BUILDING,1020387,7587251437,4.0,TOP_LANE,4318.0,13875.0,200.0,992907,OUTER_TURRET,BUILDING_KILL
0.0,TOWER_BUILDING,1200434,7587251437,3.0,MID_LANE,9767.0,10113.0,200.0,1177578,INNER_TURRET,BUILDING_KILL
0.0,TOWER_BUILDING,1200434,7587251437,3.0,MID_LANE,11134.0,11207.0,200.0,1185061,BASE_TURRET,BUILDING_KILL
0.0,INHIBITOR_BUILDING,1200434,7587251437,4.0,MID_LANE,11593.0,11669.0,200.0,1191472,,BUILDING_KILL
0.0,TOWER_BUILDING,1200434,7587251437,2.0,MID_LANE,13052.0,12612.0,200.0,1198965,NEXUS_TURRET,BUILDING_KILL
0.0,TOWER_BUILDING,1245638,7587251437,8.0,BOT_LANE,6919.0,1483.0,100.0,1201877,INNER_TURRET,BUILDING_KILL
0.0,TOWER_BUILDING,1245638,7587251437,5.0,MID_LANE,12611.0,13084.0,200.0,1229290,NEXUS_TURRET,BUILDING_KILL
0.0,TOWER_BUILDING,960377,7586656576,6.0,BOT_LANE,10504.0,1029.0,100.0,919280,OUTER_TURRET,BUILDING_KILL
0.0,TOWER_BUILDING,960377,7586656576,1.0,TOP_LANE,4318.0,13875.0,200.0,945936,OUTER_TURRET,BUILDING_KILL
0.0,TOWER_BUILDING,1020388,7586656576,4.0,MID_LANE,8955.0,8510.0,200.0,999738,OUTER_TURRET,BUILDING_KILL
0.0,TOWER_BUILDING,1020388,7586656576,1.0,BOT_LANE,13866.0,4505.0,200.0,1006456,OUTER_TURRET,BUILDING_KILL
0.0,TOWER_BUILDING,1260451,7586656576,6.0,TOP_LANE,981.0,10441.0,100.0,1253590,OUTER_TURRET,BUILDING_KILL
0.0,TOWER_BUILDING,1380480,7586656576,9.0,MID_LANE,5846.0,6396.0,100.0,1354106,OUTER_TURRET,BUILDING_KILL
0.0,TOWER_BUILDING,1440481,7586656576,6.0,TOP_LANE,1512.0,6699.0,100.0,1419804,INNER_TURRET,BUILDING_KILL
0.0,TOWER_BUILDING,1500495,7586656576,9.0,MID_LANE,5048.0,4812.0,100.0,1457023,INNER_TURRET,BUILDING_KILL
0.0,TOWER_BUILDING,1680574,7586656576,8.0,BOT_LANE,6919.0,1483.0,100.0,1674186,INNER_TURRET,BUILDING_KILL
0.0,TOWER_BUILDING,1728477,7586656576,9.0,BOT_LANE,4281.0,1253.0,100.0,1694206,BASE_TURRET,BUILDING_KILL
0.0,INHIBITOR_BUILDING,1728477,7586656576,9.0,BOT_LANE,3468.0,1230.0,100.0,1703259,,BUILDING_KILL
0.0,TOWER_BUILDING,1728477,7586656576,9.0,MID_LANE,2177.0,1807.0,100.0,1716231,NEXUS_TURRET,BUILDING_KILL
0.0,TOWER_BUILDING,1728477,7586656576,8.0,MID_LANE,1748.0,2270.0,100.0,1720410,NEXUS_TURRET,BUILDING_KILL
0.0,TOWER_BUILDING,840312,7587339006,7.0,TOP_LANE,981.0,10441.0,100.0,808322,OUTER_TURRET,BUILDING_KILL
0.0,TOWER_BUILDING,960323,7587339006,9.0,MID_LANE,5846.0,6396.0,100.0,941370,OUTER_TURRET,BUILDING_KILL
0.0,TOWER_BUILDING,960323,7587339006,3.0,BOT_LANE,13866.0,4505.0,200.0,948597,OUTER_TURRET,BUILDING_KILL
0.0,TOWER_BUILDING,1020325,7587339006,6.0,TOP_LANE,1512.0,6699.0,100.0,970209,INNER_TURRET,BUILDING_KILL
0.0,TOWER_BUILDING,1020325,7587339006,1.0,TOP_LANE,4318.0,13875.0,200.0,1018894,OUTER_TURRET,BUILDING_KILL
0.0,TOWER_BUILDING,1200390,7587339006,9.0,MID_LANE,5048.0,4812.0,100.0,1184981,INNER_TURRET,BUILDING_KILL
0.0,TOWER_BUILDING,1320451,7587339006,7.0,MID_LANE,3651.0,3696.0,100.0,1305738,BASE_TURRET,BUILDING_KILL
0.0,INHIBITOR_BUILDING,1320451,7587339006,10.0,MID_LANE,3210.0,3217.0,100.0,1312769,,BUILDING_KILL
0.0,TOWER_BUILDING,1376727,7587339006,9.0,TOP_LANE,1169.0,4287.0,100.0,1324695,BASE_TURRET,BUILDING_KILL
0.0,INHIBITOR_BUILDING,1376727,7587339006,10.0,TOP_LANE,1172.0,3583.0,100.0,1353348,,BUILDING_KILL
0.0,TOWER_BUILDING,780309,7587172850,1.0,TOP_LANE,4318.0,13875.0,200.0,746166,OUTER_TURRET,BUILDING_KILL
0.0,TOWER_BUILDING,900343,7587172850,3.0,BOT_LANE,13866.0,4505.0,200.0,859674,OUTER_TURRET,BUILDING_KILL
0.0,TOWER_BUILDING,960372,7587172850,1.0,TOP_LANE,7943.0,13411.0,200.0,945203,INNER_TURRET,BUILDING_KILL
0.0,TOWER_BUILDING,960372,7587172850,4.0,MID_LANE,8955.0,8510.0,200.0,951883,OUTER_TURRET,BUILDING_KILL
0.0,TOWER_BUILDING,1080416,7587172850,1.0,MID_LANE,9767.0,10113.0,200.0,1042965,INNER_TURRET,BUILDING_KILL
0.0,TOWER_BUILDING,1080416,7587172850,1.0,MID_LANE,11134.0,11207.0,200.0,1053485,BASE_TURRET,BUILDING_KILL
0.0,TOWER_BUILDING,1080416,7587172850,1.0,TOP_LANE,10481.0,13650.0,200.0,1060105,BASE_TURRET,BUILDING_KILL
0.0,TOWER_BUILDING,1200446,7587172850,8.0,BOT_LANE,10504.0,1029.0,100.0,1194857,OUTER_TURRET,BUILDING_KILL
0.0,TOWER_BUILDING,1320488,7587172850,1.0,BOT_LANE,13327.0,8226.0,200.0,1268662,INNER_TURRET,BUILDING_KILL
0.0,TOWER_BUILDING,1440524,7587172850,8.0,MID_LANE,5846.0,6396.0,100.0,1425007,OUTER_TURRET,BUILDING_KILL
0.0,INHIBITOR_BUILDING,1680612,7587172850,3.0,MID_LANE,11593.0,11669.0,200.0,1631193,,BUILDING_KILL
0.0,INHIBITOR_BUILDING,1680612,7587172850,1.0,TOP_LANE,11275.0,13663.0,200.0,1639538,,BUILDING_KILL
0.0,TOWER_BUILDING,1740643,7587172850,1.0,MID_LANE,12611.0,13084.0,200.0,1736551,NEXUS_TURRET,BUILDING_KILL
0.0,TOWER_BUILDING,1795541,7587172850,3.0,BOT_LANE,13624.0,10572.0,200.0,1744423,BASE_TURRET,BUILDING_KILL
0.0,INHIBITOR_BUILDING,1795541,7587172850,2.0,BOT_LANE,13594.0,11319.0,200.0,1750254,,BUILDING_KILL
0.0,TOWER_BUILDING,1795541,7587172850,3.0,MID_LANE,13052.0,12612.0,200.0,1762423,NEXUS_TURRET,BUILDING_KILL
0.0,TOWER_BUILDING,900273,7587582978,4.0,MID_LANE,8955.0,8510.0,200.0,849199,OUTER_TURRET,BUILDING_KILL
0.0,TOWER_BUILDING,960299,7587582978,2.0,BOT_LANE,13866.0,4505.0,200.0,904548,OUTER_TURRET,BUILDING_KILL
0.0,TOWER_BUILDING,1020322,7587582978,1.0,TOP_LANE,4318.0,13875.0,200.0,970493,OUTER_TURRET,BUILDING_KILL
0.0,TOWER_BUILDING,1080326,7587582978,5.0,MID_LANE,9767.0,10113.0,200.0,1046416,INNER_TURRET,BUILDING_KILL
0.0,TOWER_BUILDING,1140350,7587582978,1.0,TOP_LANE,7943.0,13411.0,200.0,1111575,INNER_TURRET,BUILDING_KILL
0.0,TOWER_BUILDING,1140350,7587582978,3.0,BOT_LANE,13327.0,8226.0,200.0,1136949,INNER_TURRET,BUILDING_KILL
0.0,TOWER_BUILDING,1200378,7587582978,4.0,MID_LANE,11134.0,11207.0,200.0,1169909,BASE_TURRET,BUILDING_KILL
0.0,TOWER_BUILDING,1320424,7587582978,1.0,BOT_LANE,13624.0,10572.0,200.0,1312205,BASE_TURRET,BUILDING_KILL
300.0,TOWER_BUILDING,1380429,7587582978,6.0,TOP_LANE,981.0,10441.0,100.0,1380001,OUTER_TURRET,BUILDING_KILL
0.0,INHIBITOR_BUILDING,1421924,7587582978,5.0,BOT_LANE,13594.0,11319.0,200.0,1388578,,BUILDING_KILL
0.0,INHIBITOR_BUILDING,1421924,7587582978,3.0,MID_LANE,11593.0,11669.0,200.0,1391995,,BUILDING_KILL
0.0,TOWER_BUILDING,1421924,7587582978,2.0,MID_LANE,13052.0,12612.0,200.0,1400281,NEXUS_TURRET,BUILDING_KILL
0.0,TOWER_BUILDING,1421924,7587582978,2.0,MID_LANE,12611.0,13084.0,200.0,1411288,NEXUS_TURRET,BUILDING_KILL
0.0,TOWER_BUILDING,720308,7587496827,5.0,MID_LANE,8955.0,8510.0,200.0,690883,OUTER_TURRET,BUILDING_KILL
0.0,TOWER_BUILDING,780336,7587496827,4.0,BOT_LANE,13866.0,4505.0,200.0,731181,OUTER_TURRET,BUILDING_KILL
0.0,TOWER_BUILDING,840358,7587496827,3.0,TOP_LANE,4318.0,13875.0,200.0,804326,OUTER_TURRET,BUILDING_KILL
0.0,TOWER_BUILDING,900326,7586782047,4.0,BOT_LANE,13866.0,4505.0,200.0,862131,OUTER_TURRET,BUILDING_KILL
0.0,TOWER_BUILDING,1080403,7586782047,2.0,MID_LANE,8955.0,8510.0,200.0,1072152,OUTER_TURRET,BUILDING_KILL
0.0,TOWER_BUILDING,1080403,7586782047,1.0,TOP_LANE,4318.0,13875.0,200.0,1076495,OUTER_TURRET,BUILDING_KILL
0.0,TOWER_BUILDING,1200420,7586782047,8.0,TOP_LANE,981.0,10441.0,100.0,1162903,OUTER_TURRET,BUILDING_KILL
0.0,TOWER_BUILDING,1200420,7586782047,10.0,TOP_LANE,1512.0,6699.0,100.0,1187934,INNER_TURRET,BUILDING_KILL
0.0,TOWER_BUILDING,1440501,7586782047,9.0,MID_LANE,5846.0,6396.0,100.0,1386468,OUTER_TURRET,BUILDING_KILL
0.0,TOWER_BUILDING,1440501,7586782047,7.0,MID_LANE,5048.0,4812.0,100.0,1419958,INNER_TURRET,BUILDING_KILL
0.0,TOWER_BUILDING,1440501,7586782047,7.0,MID_LANE,3651.0,3696.0,100.0,1432920,BASE_TURRET,BUILDING_KILL
0.0,TOWER_BUILDING,1620528,7586782047,0.0,BOT_LANE,10504.0,1029.0,100.0,1560695,OUTER_TURRET,BUILDING_KILL
0.0,TOWER_BUILDING,1620528,7586782047,3.0,TOP_LANE,7943.0,13411.0,200.0,1591116,INNER_TURRET,BUILDING_KILL
0.0,TOWER_BUILDING,1680555,7586782047,1.0,MID_LANE,9767.0,10113.0,200.0,1653103,INNER_TURRET,BUILDING_KILL
0.0,TOWER_BUILDING,1680555,7586782047,3.0,BOT_LANE,13327.0,8226.0,200.0,1664083,INNER_TURRET,BUILDING_KILL
0.0,TOWER_BUILDING,1740556,7586782047,2.0,MID_LANE,11134.0,11207.0,200.0,1692752,BASE_TURRET,BUILDING_KILL
0.0,TOWER_BUILDING,1740556,7586782047,0.0,BOT_LANE,13624.0,10572.0,200.0,1699516,BASE_TURRET,BUILDING_KILL
0.0,INHIBITOR_BUILDING,1740556,7586782047,4.0,MID_LANE,11593.0,11669.0,200.0,1703925,,BUILDING_KILL
0.0,INHIBITOR_BUILDING,1860597,7586782047,3.0,BOT_LANE,13594.0,11319.0,200.0,1813610,,BUILDING_KILL
0.0,TOWER_BUILDING,1998348,7586782047,3.0,MID_LANE,13052.0,12612.0,200.0,1986064,NEXUS_TURRET,BUILDING_KILL
0.0,TOWER_BUILDING,780299,7587217281,4.0,BOT_LANE,13866.0,4505.0,200.0,760126,OUTER_TURRET,BUILDING_KILL
0.0,TOWER_BUILDING,900320,7587217281,4.0,MID_LANE,8955.0,8510.0,200.0,853788,OUTER_TURRET,BUILDING_KILL
0.0,TOWER_BUILDING,900320,7587217281,1.0,TOP_LANE,4318.0,13875.0,200.0,890547,OUTER_TURRET,BUILDING_KILL
0.0,TOWER_BUILDING,900327,7587315371,1.0,TOP_LANE,4318.0,13875.0,200.0,843955,OUTER_TURRET,BUILDING_KILL
0.0,TOWER_BUILDING,960346,7587315371,4.0,BOT_LANE,13866.0,4505.0,200.0,949296,OUTER_TURRET,BUILDING_KILL
0.0,TOWER_BUILDING,1020374,7587315371,9.0,BOT_LANE,10504.0,1029.0,100.0,980787,OUTER_TURRET,BUILDING_KILL
0.0,TOWER_BUILDING,1440516,7587315371,9.0,MID_LANE,5846.0,6396.0,100.0,1385529,OUTER_TURRET,BUILDING_KILL
0.0,TOWER_BUILDING,1440516,7587315371,2.0,MID_LANE,8955.0,8510.0,200.0,1423534,OUTER_TURRET,BUILDING_KILL
0.0,TOWER_BUILDING,1680600,7587315371,1.0,BOT_LANE,13327.0,8226.0,200.0,1642546,INNER_TURRET,BUILDING_KILL
0.0,TOWER_BUILDING,1680600,7587315371,4.0,BOT_LANE,13624.0,10572.0,200.0,1656057,BASE_TURRET,BUILDING_KILL
0.0,INHIBITOR_BUILDING,1680600,7587315371,2.0,BOT_LANE,13594.0,11319.0,200.0,1659497,,BUILDING_KILL
0.0,TOWER_BUILDING,1680600,7587315371,2.0,MID_LANE,13052.0,12612.0,200.0,1666320,NEXUS_TURRET,BUILDING_KILL
0.0,TOWER_BUILDING,1680600,7587315371,4.0,MID_LANE,12611.0,13084.0,200.0,1672633,NEXUS_TURRET,BUILDING_KILL
0.0,TOWER_BUILDING,720310,7587246134,6.0,TOP_LANE,981.0,10441.0,100.0,691534,OUTER_TURRET,BUILDING_KILL
0.0,TOWER_BUILDING,900383,7587246134,9.0,BOT_LANE,10504.0,1029.0,100.0,846380,OUTER_TURRET,BUILDING_KILL
0.0,TOWER_BUILDING,900383,7587246134,6.0,MID_LANE,5846.0,6396.0,100.0,852439,OUTER_TURRET,BUILDING_KILL
0.0,TOWER_BUILDING,900383,7587246134,1.0,TOP_LANE,4318.0,13875.0,200.0,864850,OUTER_TURRET,BUILDING_KILL
0.0,TOWER_BUILDING,960414,7587246134,3.0,BOT_LANE,13866.0,4505.0,200.0,929340,OUTER_TURRET,BUILDING_KILL
0.0,TOWER_BUILDING,1020441,7587246134,4.0,MID_LANE,8955.0,8510.0,200.0,999768,OUTER_TURRET,BUILDING_KILL
0.0,TOWER_BUILDING,1140459,7587246134,6.0,TOP_LANE,1512.0,6699.0,100.0,1113605,INNER_TURRET,BUILDING_KILL
0.0,TOWER_BUILDING,1140459,7587246134,6.0,TOP_LANE,1169.0,4287.0,100.0,1129621,BASE_TURRET,BUILDING_KILL
0.0,INHIBITOR_BUILDING,1200473,7587246134,6.0,TOP_LANE,1172.0,3583.0,100.0,1143765,,BUILDING_KILL
0.0,TOWER_BUILDING,1440517,7587246134,9.0,MID_LANE,5048.0,4812.0,100.0,1407290,INNER_TURRET,BUILDING_KILL
0.0,TOWER_BUILDING,1560562,7587246134,4.0,MID_LANE,9767.0,10113.0,200.0,1548956,INNER_TURRET,BUILDING_KILL
0.0,TOWER_BUILDING,1680596,7587246134,4.0,MID_LANE,11134.0,11207.0,200.0,1641874,BASE_TURRET,BUILDING_KILL
0.0,INHIBITOR_BUILDING,1680596,7587246134,4.0,MID_LANE,11593.0,11669.0,200.0,1648654,,BUILDING_KILL
0.0,TOWER_BUILDING,1680596,7587246134,4.0,MID_LANE,13052.0,12612.0,200.0,1666502,NEXUS_TURRET,BUILDING_KILL
0.0,TOWER_BUILDING,1680596,7587246134,4.0,MID_LANE,12611.0,13084.0,200.0,1672413,NEXUS_TURRET,BUILDING_KILL
0.0,TOWER_BUILDING,900343,7586208037,1.0,TOP_LANE,4318.0,13875.0,200.0,889887,OUTER_TURRET,BUILDING_KILL
0.0,TOWER_BUILDING,960353,7586208037,3.0,BOT_LANE,13866.0,4505.0,200.0,924803,OUTER_TURRET,BUILDING_KILL
0.0,TOWER_BUILDING,1080373,7586208037,3.0,MID_LANE,8955.0,8510.0,200.0,1066268,OUTER_TURRET,BUILDING_KILL
0.0,TOWER_BUILDING,1200397,7586208037,4.0,MID_LANE,9767.0,10113.0,200.0,1178856,INNER_TURRET,BUILDING_KILL
0.0,TOWER_BUILDING,1369892,7586208037,3.0,BOT_LANE,13327.0,8226.0,200.0,1361522,INNER_TURRET,BUILDING_KILL
0.0,TOWER_BUILDING,840262,7587015423,9.0,BOT_LANE,10504.0,1029.0,100.0,782114,OUTER_TURRET,BUILDING_KILL
0.0,TOWER_BUILDING,900272,7587015423,1.0,TOP_LANE,4318.0,13875.0,200.0,865034,OUTER_TURRET,BUILDING_KILL
0.0,TOWER_BUILDING,1140343,7587015423,1.0,MID_LANE,8955.0,8510.0,200.0,1100807,OUTER_TURRET,BUILDING_KILL
0.0,TOWER_BUILDING,1380420,7587015423,2.0,MID_LANE,9767.0,10113.0,200.0,1335154,INNER_TURRET,BUILDING_KILL
0.0,TOWER_BUILDING,1440425,7587015423,9.0,MID_LANE,5846.0,6396.0,100.0,1388202,OUTER_TURRET,BUILDING_KILL
0.0,TOWER_BUILDING,1440425,7587015423,8.0,TOP_LANE,981.0,10441.0,100.0,1407610,OUTER_TURRET,BUILDING_KILL
0.0,TOWER_BUILDING,1440425,7587015423,4.0,BOT_LANE,13866.0,4505.0,200.0,1424322,OUTER_TURRET,BUILDING_KILL
0.0,TOWER_BUILDING,1620474,7587015423,9.0,BOT_LANE,6919.0,1483.0,100.0,1614527,INNER_TURRET,BUILDING_KILL
0.0,TOWER_BUILDING,1740503,7587015423,9.0,MID_LANE,5048.0,4812.0,100.0,1689908,INNER_TURRET,BUILDING_KILL
0.0,TOWER_BUILDING,1800520,7587015423,9.0,MID_LANE,3651.0,3696.0,100.0,1783680,BASE_TURRET,BUILDING_KILL
0.0,INHIBITOR_BUILDING,1800520,7587015423,9.0,MID_LANE,3210.0,3217.0,100.0,1789178,,BUILDING_KILL
0.0,TOWER_BUILDING,1800520,7587015423,9.0,MID_LANE,1748.0,2270.0,100.0,1796112,NEXUS_TURRET,BUILDING_KILL
0.0,TOWER_BUILDING,1826488,7587015423,8.0,MID_LANE,2177.0,1807.0,100.0,1802591,NEXUS_TURRET,BUILDING_KILL
0.0,TOWER_BUILDING,900288,7586903082,8.0,MID_LANE,5846.0,6396.0,100.0,858000,OUTER_TURRET,BUILDING_KILL
0.0,TOWER_BUILDING,900288,7586903082,9.0,BOT_LANE,10504.0,1029.0,100.0,873332,OUTER_TURRET,BUILDING_KILL
0.0,TOWER_BUILDING,900288,7586903082,6.0,TOP_LANE,981.0,10441.0,100.0,899267,OUTER_TURRET,BUILDING_KILL
0.0,TOWER_BUILDING,900357,7586464746,1.0,TOP_LANE,4318.0,13875.0,200.0,846800,OUTER_TURRET,BUILDING_KILL
0.0,TOWER_BUILDING,900357,7586464746,9.0,BOT_LANE,10504.0,1029.0,100.0,895340,OUTER_TURRET,BUILDING_KILL
0.0,TOWER_BUILDING,960368,7586464746,4.0,BOT_LANE,13866.0,4505.0,200.0,922637,OUTER_TURRET,BUILDING_KILL
0.0,TOWER_BUILDING,960368,7586464746,6.0,TOP_LANE,981.0,10441.0,100.0,929619,OUTER_TURRET,BUILDING_KILL
0.0,TOWER_BUILDING,1080378,7586464746,9.0,MID_LANE,5846.0,6396.0,100.0,1066978,OUTER_TURRET,BUILDING_KILL
0.0,TOWER_BUILDING,1080378,7586464746,2.0,TOP_LANE,7943.0,13411.0,200.0,1073864,INNER_TURRET,BUILDING_KILL
0.0,TOWER_BUILDING,1260434,7586464746,4.0,MID_LANE,8955.0,8510.0,200.0,1247465,OUTER_TURRET,BUILDING_KILL
0.0,TOWER_BUILDING,1380445,7586464746,6.0,BOT_LANE,6919.0,1483.0,100.0,1379962,INNER_TURRET,BUILDING_KILL
0.0,TOWER_BUILDING,1483786,7586464746,6.0,MID_LANE,5048.0,4812.0,100.0,1452057,INNER_TURRET,BUILDING_KILL
0.0,TOWER_BUILDING,1483786,7586464746,8.0,MID_LANE,3651.0,3696.0,100.0,1461257,BASE_TURRET,BUILDING_KILL
0.0,INHIBITOR_BUILDING,1483786,7586464746,10.0,MID_LANE,3210.0,3217.0,100.0,1466167,,BUILDING_KILL
0.0,TOWER_BUILDING,1483786,7586464746,10.0,MID_LANE,1748.0,2270.0,100.0,1472884,NEXUS_TURRET,BUILDING_KILL
0.0,TOWER_BUILDING,1483786,7586464746,9.0,MID_LANE,2177.0,1807.0,100.0,1475456,NEXUS_TURRET,BUILDING_KILL
0.0,TOWER_BUILDING,780319,7587111896,9.0,BOT_LANE,10504.0,1029.0,100.0,740274,OUTER_TURRET,BUILDING_KILL
0.0,TOWER_BUILDING,840329,7587111896,9.0,MID_LANE,5846.0,6396.0,100.0,832725,OUTER_TURRET,BUILDING_KILL
200.0,TOWER_BUILDING,900355,7587111896,4.0,TOP_LANE,4318.0,13875.0,200.0,870661,OUTER_TURRET,BUILDING_KILL
0.0,TOWER_BUILDING,1200383,7587111896,4.0,MID_LANE,8955.0,8510.0,200.0,1178264,OUTER_TURRET,BUILDING_KILL
0.0,TOWER_BUILDING,1380447,7587111896,1.0,MID_LANE,9767.0,10113.0,200.0,1336237,INNER_TURRET,BUILDING_KILL
0.0,TOWER_BUILDING,1380447,7587111896,4.0,BOT_LANE,13866.0,4505.0,200.0,1349784,OUTER_TURRET,BUILDING_KILL
0.0,TOWER_BUILDING,1560502,7587111896,7.0,BOT_LANE,6919.0,1483.0,100.0,1509821,INNER_TURRET,BUILDING_KILL
0.0,TOWER_BUILDING,1560502,7587111896,9.0,MID_LANE,5048.0,4812.0,100.0,1539743,INNER_TURRET,BUILDING_KILL
0.0,TOWER_BUILDING,1740552,7587111896,6.0,TOP_LANE,981.0,10441.0,100.0,1692753,OUTER_TURRET,BUILDING_KILL
0.0,TOWER_BUILDING,900324,7586325901,3.0,BOT_LANE,13866.0,4505.0,200.0,867338,OUTER_TURRET,BUILDING_KILL
0.0,TOWER_BUILDING,960353,7586325901,1.0,TOP_LANE,4318.0,13875.0,200.0,921364,OUTER_TURRET,BUILDING_KILL
0.0,TOWER_BUILDING,960353,7586325901,4.0,MID_LANE,8955.0,8510.0,200.0,927377,OUTER_TURRET,BUILDING_KILL
0.0,TOWER_BUILDING,1020369,7586325901,1.0,BOT_LANE,13327.0,8226.0,200.0,1006462,INNER_TURRET,BUILDING_KILL
0.0,TOWER_BUILDING,1140383,7586325901,3.0,TOP_LANE,7943.0,13411.0,200.0,1092814,INNER_TURRET,BUILDING_KILL
0.0,TOWER_BUILDING,1140383,7586325901,1.0,MID_LANE,9767.0,10113.0,200.0,1102352,INNER_TURRET,BUILDING_KILL
150.0,TOWER_BUILDING,1200397,7586325901,9.0,MID_LANE,5846.0,6396.0,100.0,1159582,OUTER_TURRET,BUILDING_KILL
0.0,TOWER_BUILDING,1380437,7586325901,6.0,BOT_LANE,10504.0,1029.0,100.0,1357991,OUTER_TURRET,BUILDING_KILL
0.0,TOWER_BUILDING,1620457,7586325901,9.0,MID_LANE,5048.0,4812.0,100.0,1567080,INNER_TURRET,BUILDING_KILL
0.0,TOWER_BUILDING,1620457,7586325901,9.0,MID_LANE,3651.0,3696.0,100.0,1577857,BASE_TURRET,BUILDING_KILL
0.0,TOWER_BUILDING,1620457,7586325901,8.0,TOP_LANE,981.0,10441.0,100.0,1610188,OUTER_TURRET,BUILDING_KILL
0.0,INHIBITOR_BUILDING,1740506,7586325901,9.0,MID_LANE,3210.0,3217.0,100.0,1731590,,BUILDING_KILL
0.0,TOWER_BUILDING,2100572,7586325901,9.0,BOT_LANE,6919.0,1483.0,100.0,2057764,INNER_TURRET,BUILDING_KILL
0.0,TOWER_BUILDING,2280640,7586325901,3.0,MID_LANE,11134.0,11207.0,200.0,2257526,BASE_TURRET,BUILDING_KILL
0.0,INHIBITOR_BUILDING,2280640,7586325901,3.0,MID_LANE,11593.0,11669.0,200.0,2262423,,BUILDING_KILL
0.0,TOWER_BUILDING,2580730,7586325901,8.0,TOP_LANE,1512.0,6699.0,100.0,2570103,INNER_TURRET,BUILDING_KILL
0.0,TOWER_BUILDING,2742655,7586325901,8.0,BOT_LANE,4281.0,1253.0,100.0,2726449,BASE_TURRET,BUILDING_KILL
0.0,INHIBITOR_BUILDING,2742655,7586325901,6.0,BOT_LANE,3468.0,1230.0,100.0,2729535,,BUILDING_KILL
0.0,TOWER_BUILDING,2742655,7586325901,9.0,MID_LANE,2177.0,1807.0,100.0,2734378,NEXUS_TURRET,BUILDING_KILL
0.0,TOWER_BUILDING,2742655,7586325901,9.0,MID_LANE,1748.0,2270.0,100.0,2736248,NEXUS_TURRET,BUILDING_KILL
0.0,TOWER_BUILDING,900394,7587640799,2.0,TOP_LANE,4318.0,13875.0,200.0,873106,OUTER_TURRET,BUILDING_KILL
0.0,TOWER_BUILDING,960423,7587640799,6.0,TOP_LANE,981.0,10441.0,100.0,935906,OUTER_TURRET,BUILDING_KILL
0.0,TOWER_BUILDING,960423,7587640799,1.0,MID_LANE,8955.0,8510.0,200.0,951105,OUTER_TURRET,BUILDING_KILL
0.0,TOWER_BUILDING,1320527,7587640799,1.0,TOP_LANE,7943.0,13411.0,200.0,1266290,INNER_TURRET,BUILDING_KILL
0.0,TOWER_BUILDING,1320527,7587640799,3.0,BOT_LANE,13866.0,4505.0,200.0,1303428,OUTER_TURRET,BUILDING_KILL
0.0,TOWER_BUILDING,780287,7587236000,9.0,TOP_LANE,981.0,10441.0,100.0,774581,OUTER_TURRET,BUILDING_KILL
0.0,TOWER_BUILDING,900329,7587236000,8.0,BOT_LANE,10504.0,1029.0,100.0,872160,OUTER_TURRET,BUILDING_KILL
0.0,TOWER_BUILDING,900329,7587236000,9.0,TOP_LANE,1512.0,6699.0,100.0,882324,INNER_TURRET,BUILDING_KILL
0.0,TOWER_BUILDING,1080382,7587236000,9.0,BOT_LANE,6919.0,1483.0,100.0,1020560,INNER_TURRET,BUILDING_KILL
0.0,TOWER_BUILDING,1080382,7587236000,9.0,BOT_LANE,4281.0,1253.0,100.0,1054062,BASE_TURRET,BUILDING_KILL
0.0,INHIBITOR_BUILDING,1080382,7587236000,9.0,BOT_LANE,3468.0,1230.0,100.0,1063986,,BUILDING_KILL
0.0,TOWER_BUILDING,1200415,7587236000,6.0,MID_LANE,5846.0,6396.0,100.0,1175254,OUTER_TURRET,BUILDING_KILL
0.0,TOWER_BUILDING,1260425,7587236000,2.0,MID_LANE,8955.0,8510.0,200.0,1229083,OUTER_TURRET,BUILDING_KILL
0.0,TOWER_BUILDING,1440484,7587236000,10.0,MID_LANE,5048.0,4812.0,100.0,1424499,INNER_TURRET,BUILDING_KILL
0.0,INHIBITOR_BUILDING,1500495,7587236000,6.0,BOT_LANE,3468.0,1230.0,100.0,1441689,,BUILDING_KILL
250.0,TOWER_BUILDING,1620523,7587236000,1.0,BOT_LANE,13866.0,4505.0,200.0,1566522,OUTER_TURRET,BUILDING_KILL
0.0,TOWER_BUILDING,1680549,7587236000,9.0,MID_LANE,3651.0,3696.0,100.0,1676074,BASE_TURRET,BUILDING_KILL
0.0,INHIBITOR_BUILDING,1740574,7587236000,10.0,MID_LANE,3210.0,3217.0,100.0,1681987,,BUILDING_KILL
0.0,TOWER_BUILDING,1860585,7587236000,9.0,TOP_LANE,1169.0,4287.0,100.0,1802084,BASE_TURRET,BUILDING_KILL
0.0,INHIBITOR_BUILDING,1860585,7587236000,9.0,TOP_LANE,1172.0,3583.0,100.0,1818466,,BUILDING_KILL
0.0,TOWER_BUILDING,1980623,7587236000,0.0,MID_LANE,9767.0,10113.0,200.0,1964818,INNER_TURRET,BUILDING_KILL
0.0,TOWER_BUILDING,2007261,7587236000,7.0,MID_LANE,1748.0,2270.0,100.0,1990844,NEXUS_TURRET,BUILDING_KILL
0.0,TOWER_BUILDING,2007261,7587236000,9.0,MID_LANE,2177.0,1807.0,100.0,1994804,NEXUS_TURRET,BUILDING_KILL
0.0,TOWER_BUILDING,900339,7586851998,4.0,BOT_LANE,13866.0,4505.0,200.0,846270,OUTER_TURRET,BUILDING_KILL
0.0,TOWER_BUILDING,1020386,7586851998,4.0,MID_LANE,8955.0,8510.0,200.0,971858,OUTER_TURRET,BUILDING_KILL
0.0,TOWER_BUILDING,1140407,7586851998,2.0,TOP_LANE,4318.0,13875.0,200.0,1096447,OUTER_TURRET,BUILDING_KILL
0.0,TOWER_BUILDING,1140407,7586851998,7.0,MID_LANE,5846.0,6396.0,100.0,1120442,OUTER_TURRET,BUILDING_KILL
0.0,TOWER_BUILDING,1140407,7586851998,1.0,TOP_LANE,7943.0,13411.0,200.0,1122645,INNER_TURRET,BUILDING_KILL
0.0,TOWER_BUILDING,1200432,7586851998,4.0,MID_LANE,9767.0,10113.0,200.0,1181558,INNER_TURRET,BUILDING_KILL
0.0,TOWER_BUILDING,1200432,7586851998,3.0,BOT_LANE,13327.0,8226.0,200.0,1183829,INNER_TURRET,BUILDING_KILL
0.0,TOWER_BUILDING,1440485,7586851998,9.0,BOT_LANE,10504.0,1029.0,100.0,1397828,OUTER_TURRET,BUILDING_KILL
0.0,TOWER_BUILDING,1680520,7586851998,8.0,TOP_LANE,981.0,10441.0,100.0,1675476,OUTER_TURRET,BUILDING_KILL
0.0,TOWER_BUILDING,1920559,7586851998,1.0,TOP_LANE,10481.0,13650.0,200.0,1885875,BASE_TURRET,BUILDING_KILL
0.0,INHIBITOR_BUILDING,1920559,7586851998,1.0,TOP_LANE,11275.0,13663.0,200.0,1890929,,BUILDING_KILL
0.0,TOWER_BUILDING,1920559,7586851998,2.0,BOT_LANE,13624.0,10572.0,200.0,1894302,BASE_TURRET,BUILDING_KILL
0.0,INHIBITOR_BUILDING,1920559,7586851998,4.0,BOT_LANE,13594.0,11319.0,200.0,1898645,,BUILDING_KILL
0.0,TOWER_BUILDING,1920559,7586851998,3.0,MID_LANE,11134.0,11207.0,200.0,1899346,BASE_TURRET,BUILDING_KILL
0.0,INHIBITOR_BUILDING,1920559,7586851998,1.0,MID_LANE,11593.0,11669.0,200.0,1903403,,BUILDING_KILL
0.0,TOWER_BUILDING,1920559,7586851998,5.0,MID_LANE,13052.0,12612.0,200.0,1911080,NEXUS_TURRET,BUILDING_KILL
0.0,TOWER_BUILDING,1920559,7586851998,1.0,MID_LANE,12611.0,13084.0,200.0,1913251,NEXUS_TURRET,BUILDING_KILL
0.0,TOWER_BUILDING,1020320,7586263399,7.0,BOT_LANE,10504.0,1029.0,100.0,978083,OUTER_TURRET,BUILDING_KILL
0.0,TOWER_BUILDING,1080327,7586263399,9.0,MID_LANE,5846.0,6396.0,100.0,1033926,OUTER_TURRET,BUILDING_KILL
0.0,TOWER_BUILDING,1080327,7586263399,1.0,TOP_LANE,4318.0,13875.0,200.0,1064777,OUTER_TURRET,BUILDING_KILL
0.0,TOWER_BUILDING,1200360,7586263399,1.0,BOT_LANE,13866.0,4505.0,200.0,1157025,OUTER_TURRET,BUILDING_KILL
0.0,TOWER_BUILDING,1260391,7586263399,8.0,TOP_LANE,981.0,10441.0,100.0,1220166,OUTER_TURRET,BUILDING_KILL
0.0,TOWER_BUILDING,1500459,7586263399,3.0,MID_LANE,8955.0,8510.0,200.0,1452249,OUTER_TURRET,BUILDING_KILL
0.0,TOWER_BUILDING,1620491,7586263399,0.0,MID_LANE,5048.0,4812.0,100.0,1571054,INNER_TURRET,BUILDING_KILL
0.0,TOWER_BUILDING,1777241,7586263399,1.0,MID_LANE,9767.0,10113.0,200.0,1749057,INNER_TURRET,BUILDING_KILL
0.0,TOWER_BUILDING,1777241,7586263399,2.0,MID_LANE,11134.0,11207.0,200.0,1755771,BASE_TURRET,BUILDING_KILL
0.0,INHIBITOR_BUILDING,1777241,7586263399,1.0,MID_LANE,11593.0,11669.0,200.0,1759666,,BUILDING_KILL
0.0,TOWER_BUILDING,1777241,7586263399,1.0,MID_LANE,13052.0,12612.0,200.0,1767349,NEXUS_TURRET,BUILDING_KILL
0.0,TOWER_BUILDING,1777241,7586263399,3.0,MID_LANE,12611.0,13084.0,200.0,1769959,NEXUS_TURRET,BUILDING_KILL
0.0,TOWER_BUILDING,720273,7587111377,9.0,BOT_LANE,10504.0,1029.0,100.0,680542,OUTER_TURRET,BUILDING_KILL
0.0,TOWER_BUILDING,840292,7587111377,0.0,TOP_LANE,4318.0,13875.0,200.0,829104,OUTER_TURRET,BUILDING_KILL
0.0,TOWER_BUILDING,900309,7587111377,9.0,MID_LANE,5846.0,6396.0,100.0,876068,OUTER_TURRET,BUILDING_KILL
0.0,TOWER_BUILDING,900347,7587520067,8.0,BOT_LANE,10504.0,1029.0,100.0,861904,OUTER_TURRET,BUILDING_KILL
0.0,TOWER_BUILDING,1020375,7587520067,8.0,MID_LANE,5846.0,6396.0,100.0,970817,OUTER_TURRET,BUILDING_KILL
0.0,TOWER_BUILDING,1020375,7587520067,4.0,MID_LANE,8955.0,8510.0,200.0,1004903,OUTER_TURRET,BUILDING_KILL
0.0,TOWER_BUILDING,1020375,7587520067,1.0,TOP_LANE,4318.0,13875.0,200.0,1012451,OUTER_TURRET,BUILDING_KILL
0.0,TOWER_BUILDING,1080386,7587520067,7.0,TOP_LANE,981.0,10441.0,100.0,1041349,OUTER_TURRET,BUILDING_KILL
0.0,TOWER_BUILDING,1140398,7587520067,1.0,BOT_LANE,13866.0,4505.0,200.0,1104803,OUTER_TURRET,BUILDING_KILL
0.0,TOWER_BUILDING,1200413,7587520067,1.0,BOT_LANE,13327.0,8226.0,200.0,1200413,INNER_TURRET,BUILDING_KILL
0.0,TOWER_BUILDING,1260422,7587520067,4.0,MID_LANE,9767.0,10113.0,200.0,1222289,INNER_TURRET,BUILDING_KILL
0.0,TOWER_BUILDING,1740552,7587520067,1.0,MID_LANE,11134.0,11207.0,200.0,1720752,BASE_TURRET,BUILDING_KILL
0.0,TOWER_BUILDING,1740552,7587520067,5.0,BOT_LANE,13624.0,10572.0,200.0,1725161,BASE_TURRET,BUILDING_KILL
0.0,INHIBITOR_BUILDING,1740552,7587520067,5.0,BOT_LANE,13594.0,11319.0,200.0,1731674,,BUILDING_KILL
0.0,INHIBITOR_BUILDING,1800584,7587520067,5.0,MID_LANE,11593.0,11669.0,200.0,1750070,,BUILDING_KILL
0.0,TOWER_BUILDING,1842379,7587520067,1.0,MID_LANE,13052.0,12612.0,200.0,1832349,NEXUS_TURRET,BUILDING_KILL
0.0,TOWER_BUILDING,1842379,7587520067,4.0,TOP_LANE,7943.0,13411.0,200.0,1833797,INNER_TURRET,BUILDING_KILL
0.0,TOWER_BUILDING,1842379,7587520067,3.0,MID_LANE,12611.0,13084.0,200.0,1834231,NEXUS_TURRET,BUILDING_KILL
0.0,TOWER_BUILDING,900368,7587308550,1.0,TOP_LANE,4318.0,13875.0,200.0,870096,OUTER_TURRET,BUILDING_KILL
0.0,TOWER_BUILDING,900368,7587308550,8.0,MID_LANE,5846.0,6396.0,100.0,882920,OUTER_TURRET,BUILDING_KILL
0.0,TOWER_BUILDING,900368,7587308550,7.0,BOT_LANE,10504.0,1029.0,100.0,897114,OUTER_TURRET,BUILDING_KILL
0.0,TOWER_BUILDING,1320447,7587308550,3.0,BOT_LANE,13866.0,4505.0,200.0,1275941,OUTER_TURRET,BUILDING_KILL
0.0,TOWER_BUILDING,1320447,7587308550,5.0,MID_LANE,8955.0,8510.0,200.0,1283421,OUTER_TURRET,BUILDING_KILL
0.0,TOWER_BUILDING,1500471,7587308550,8.0,BOT_LANE,6919.0,1483.0,100.0,1446205,INNER_TURRET,BUILDING_KILL
0.0,TOWER_BUILDING,1560488,7587308550,6.0,TOP_LANE,981.0,10441.0,100.0,1530232,OUTER_TURRET,BUILDING_KILL
0.0,TOWER_BUILDING,1680512,7587308550,1.0,TOP_LANE,7943.0,13411.0,200.0,1631313,INNER_TURRET,BUILDING_KILL
0.0,TOWER_BUILDING,1920546,7587308550,8.0,MID_LANE,5048.0,4812.0,100.0,1863484,INNER_TURRET,BUILDING_KILL
0.0,TOWER_BUILDING,1920546,7587308550,7.0,MID_LANE,3651.0,3696.0,100.0,1881026,BASE_TURRET,BUILDING_KILL
0.0,INHIBITOR_BUILDING,1920546,7587308550,9.0,MID_LANE,3210.0,3217.0,100.0,1886837,,BUILDING_KILL
0.0,TOWER_BUILDING,1920546,7587308550,6.0,TOP_LANE,1512.0,6699.0,100.0,1890014,INNER_TURRET,BUILDING_KILL
0.0,INHIBITOR_BUILDING,2280620,7587308550,8.0,MID_LANE,3210.0,3217.0,100.0,2238101,,BUILDING_KILL
0.0,TOWER_BUILDING,2340629,7587308550,9.0,MID_LANE,1748.0,2270.0,100.0,2335514,NEXUS_TURRET,BUILDING_KILL
0.0,TOWER_BUILDING,2340629,7587308550,8.0,MID_LANE,2177.0,1807.0,100.0,2336116,NEXUS_TURRET,BUILDING_KILL
0.0,TOWER_BUILDING,900336,7586208998,4.0,BOT_LANE,13866.0,4505.0,200.0,864345,OUTER_TURRET,BUILDING_KILL
0.0,TOWER_BUILDING,1020358,7586208998,4.0,MID_LANE,8955.0,8510.0,200.0,992049,OUTER_TURRET,BUILDING_KILL
0.0,TOWER_BUILDING,1080383,7586208998,4.0,MID_LANE,9767.0,10113.0,200.0,1033553,INNER_TURRET,BUILDING_KILL
0.0,TOWER_BUILDING,1080383,7586208998,3.0,TOP_LANE,4318.0,13875.0,200.0,1064920,OUTER_TURRET,BUILDING_KILL
250.0,TOWER_BUILDING,1140409,7586208998,8.0,BOT_LANE,10504.0,1029.0,100.0,1138233,OUTER_TURRET,BUILDING_KILL
0.0,TOWER_BUILDING,1199213,7586208998,1.0,TOP_LANE,7943.0,13411.0,200.0,1142415,INNER_TURRET,BUILDING_KILL
0.0,TOWER_BUILDING,1199213,7586208998,5.0,MID_LANE,11134.0,11207.0,200.0,1165218,BASE_TURRET,BUILDING_KILL
0.0,INHIBITOR_BUILDING,1199213,7586208998,1.0,MID_LANE,11593.0,11669.0,200.0,1170028,,BUILDING_KILL
0.0,TOWER_BUILDING,1199213,7586208998,2.0,MID_LANE,13052.0,12612.0,200.0,1176846,NEXUS_TURRET,BUILDING_KILL
0.0,TOWER_BUILDING,1199213,7586208998,1.0,MID_LANE,12611.0,13084.0,200.0,1182809,NEXUS_TURRET,BUILDING_KILL
0.0,TOWER_BUILDING,840336,7585699298,1.0,TOP_LANE,4318.0,13875.0,200.0,828301,OUTER_TURRET,BUILDING_KILL
0.0,TOWER_BUILDING,900364,7585699298,3.0,BOT_LANE,13866.0,4505.0,200.0,841337,OUTER_TURRET,BUILDING_KILL
0.0,TOWER_BUILDING,1020395,7585699298,3.0,BOT_LANE,13327.0,8226.0,200.0,966053,INNER_TURRET,BUILDING_KILL
250.0,TOWER_BUILDING,1080418,7585699298,6.0,MID_LANE,5846.0,6396.0,100.0,1030530,OUTER_TURRET,BUILDING_KILL
0.0,TOWER_BUILDING,1080418,7585699298,3.0,MID_LANE,8955.0,8510.0,200.0,1058223,OUTER_TURRET,BUILDING_KILL
0.0,TOWER_BUILDING,1140426,7585699298,8.0,BOT_LANE,10504.0,1029.0,100.0,1139082,OUTER_TURRET,BUILDING_KILL
0.0,TOWER_BUILDING,1260455,7585699298,8.0,BOT_LANE,6919.0,1483.0,100.0,1246112,INNER_TURRET,BUILDING_KILL
0.0,TOWER_BUILDING,1320463,7585699298,8.0,BOT_LANE,4281.0,1253.0,100.0,1270951,BASE_TURRET,BUILDING_KILL
0.0,TOWER_BUILDING,1320463,7585699298,6.0,TOP_LANE,981.0,10441.0,100.0,1279908,OUTER_TURRET,BUILDING_KILL
0.0,TOWER_BUILDING,1500541,7585699298,7.0,MID_LANE,5048.0,4812.0,100.0,1452290,INNER_TURRET,BUILDING_KILL
0.0,TOWER_BUILDING,1500541,7585699298,7.0,MID_LANE,3651.0,3696.0,100.0,1460975,BASE_TURRET,BUILDING_KILL
0.0,INHIBITOR_BUILDING,1500541,7585699298,7.0,MID_LANE,3210.0,3217.0,100.0,1464387,,BUILDING_KILL
0.0,TOWER_BUILDING,1560567,7585699298,3.0,MID_LANE,9767.0,10113.0,200.0,1535601,INNER_TURRET,BUILDING_KILL
0.0,INHIBITOR_BUILDING,1620592,7585699298,8.0,BOT_LANE,3468.0,1230.0,100.0,1615616,,BUILDING_KILL
0.0,TOWER_BUILDING,1633831,7585699298,8.0,MID_LANE,2177.0,1807.0,100.0,1622596,NEXUS_TURRET,BUILDING_KILL
0.0,TOWER_BUILDING,1633831,7585699298,7.0,MID_LANE,1748.0,2270.0,100.0,1626739,NEXUS_TURRET,BUILDING_KILL
0.0,TOWER_BUILDING,780255,7586990293,1.0,TOP_LANE,4318.0,13875.0,200.0,771263,OUTER_TURRET,BUILDING_KILL
0.0,TOWER_BUILDING,840259,7586990293,6.0,BOT_LANE,10504.0,1029.0,100.0,811239,OUTER_TURRET,BUILDING_KILL
0.0,TOWER_BUILDING,900264,7586990293,4.0,BOT_LANE,13866.0,4505.0,200.0,873493,OUTER_TURRET,BUILDING_KILL
0.0,TOWER_BUILDING,1020296,7586990293,1.0,BOT_LANE,13327.0,8226.0,200.0,1008349,INNER_TURRET,BUILDING_KILL
0.0,TOWER_BUILDING,1080303,7586990293,5.0,MID_LANE,8955.0,8510.0,200.0,1054954,OUTER_TURRET,BUILDING_KILL
0.0,TOWER_BUILDING,1080303,7586990293,3.0,MID_LANE,9767.0,10113.0,200.0,1069761,INNER_TURRET,BUILDING_KILL
0.0,TOWER_BUILDING,1080303,7586990293,5.0,MID_LANE,11134.0,11207.0,200.0,1076596,BASE_TURRET,BUILDING_KILL
0.0,INHIBITOR_BUILDING,1140357,7586990293,3.0,MID_LANE,11593.0,11669.0,200.0,1081730,,BUILDING_KILL
0.0,TOWER_BUILDING,1260382,7586990293,3.0,TOP_LANE,7943.0,13411.0,200.0,1256774,INNER_TURRET,BUILDING_KILL
0.0,TOWER_BUILDING,1440422,7586990293,0.0,BOT_LANE,13624.0,10572.0,200.0,1422664,BASE_TURRET,BUILDING_KILL
0.0,INHIBITOR_BUILDING,1440422,7586990293,3.0,MID_LANE,11593.0,11669.0,200.0,1428543,,BUILDING_KILL
0.0,INHIBITOR_BUILDING,1440422,7586990293,3.0,BOT_LANE,13594.0,11319.0,200.0,1436046,,BUILDING_KILL
0.0,TOWER_BUILDING,1500440,7586990293,1.0,TOP_LANE,10481.0,13650.0,200.0,1443797,BASE_TURRET,BUILDING_KILL
0.0,INHIBITOR_BUILDING,1500440,7586990293,4.0,TOP_LANE,11275.0,13663.0,200.0,1450496,,BUILDING_KILL
0.0,TOWER_BUILDING,1657708,7586990293,3.0,MID_LANE,12611.0,13084.0,200.0,1645220,NEXUS_TURRET,BUILDING_KILL
0.0,TOWER_BUILDING,1657708,7586990293,2.0,MID_LANE,13052.0,12612.0,200.0,1646904,NEXUS_TURRET,BUILDING_KILL
0.0,TOWER_BUILDING,900347,7587217541,1.0,TOP_LANE,4318.0,13875.0,200.0,872182,OUTER_TURRET,BUILDING_KILL
0.0,TOWER_BUILDING,900347,7587217541,3.0,MID_LANE,8955.0,8510.0,200.0,887028,OUTER_TURRET,BUILDING_KILL
0.0,TOWER_BUILDING,1020369,7587217541,8.0,BOT_LANE,10504.0,1029.0,100.0,1018191,OUTER_TURRET,BUILDING_KILL
0.0,TOWER_BUILDING,1080370,7587217541,2.0,BOT_LANE,13866.0,4505.0,200.0,1064583,OUTER_TURRET,BUILDING_KILL
0.0,TOWER_BUILDING,1140375,7587217541,5.0,TOP_LANE,7943.0,13411.0,200.0,1136526,INNER_TURRET,BUILDING_KILL
0.0,TOWER_BUILDING,1200395,7587217541,4.0,TOP_LANE,10481.0,13650.0,200.0,1149626,BASE_TURRET,BUILDING_KILL
0.0,INHIBITOR_BUILDING,1200395,7587217541,2.0,TOP_LANE,11275.0,13663.0,200.0,1153550,,BUILDING_KILL
0.0,TOWER_BUILDING,1200395,7587217541,2.0,MID_LANE,12611.0,13084.0,200.0,1161835,NEXUS_TURRET,BUILDING_KILL
400.0,TOWER_BUILDING,1200395,7587217541,7.0,BOT_LANE,6919.0,1483.0,100.0,1166244,INNER_TURRET,BUILDING_KILL
0.0,TOWER_BUILDING,1320446,7587217541,1.0,BOT_LANE,13327.0,8226.0,200.0,1272878,INNER_TURRET,BUILDING_KILL
0.0,TOWER_BUILDING,1320446,7587217541,8.0,TOP_LANE,981.0,10441.0,100.0,1282130,OUTER_TURRET,BUILDING_KILL
0.0,TOWER_BUILDING,1320446,7587217541,4.0,MID_LANE,9767.0,10113.0,200.0,1299122,INNER_TURRET,BUILDING_KILL
0.0,INHIBITOR_BUILDING,1467946,7587217541,1.0,TOP_LANE,11275.0,13663.0,200.0,1461424,,BUILDING_KILL
0.0,TOWER_BUILDING,900388,7587021237,6.0,TOP_LANE,981.0,10441.0,100.0,851393,OUTER_TURRET,BUILDING_KILL
0.0,TOWER_BUILDING,960404,7587021237,2.0,BOT_LANE,13866.0,4505.0,200.0,928340,OUTER_TURRET,BUILDING_KILL
0.0,TOWER_BUILDING,1080460,7587021237,7.0,TOP_LANE,1512.0,6699.0,100.0,1064620,INNER_TURRET,BUILDING_KILL
0.0,TOWER_BUILDING,1080460,7587021237,9.0,MID_LANE,5846.0,6396.0,100.0,1079691,OUTER_TURRET,BUILDING_KILL
0.0,TOWER_BUILDING,1140479,7587021237,10.0,TOP_LANE,1169.0,4287.0,100.0,1086696,BASE_TURRET,BUILDING_KILL
0.0,INHIBITOR_BUILDING,1140479,7587021237,6.0,TOP_LANE,1172.0,3583.0,100.0,1101694,,BUILDING_KILL
0.0,TOWER_BUILDING,1140479,7587021237,8.0,BOT_LANE,10504.0,1029.0,100.0,1104466,OUTER_TURRET,BUILDING_KILL
0.0,TOWER_BUILDING,1200482,7587021237,9.0,MID_LANE,5048.0,4812.0,100.0,1178133,INNER_TURRET,BUILDING_KILL
300.0,TOWER_BUILDING,1260509,7587021237,1.0,MID_LANE,8955.0,8510.0,200.0,1209878,OUTER_TURRET,BUILDING_KILL
0.0,TOWER_BUILDING,1380538,7587021237,9.0,BOT_LANE,6919.0,1483.0,100.0,1375021,INNER_TURRET,BUILDING_KILL
400.0,TOWER_BUILDING,1440568,7587021237,2.0,MID_LANE,9767.0,10113.0,200.0,1400446,INNER_TURRET,BUILDING_KILL
0.0,TOWER_BUILDING,1616189,7587021237,9.0,MID_LANE,3651.0,3696.0,100.0,1579275,BASE_TURRET,BUILDING_KILL
0.0,INHIBITOR_BUILDING,1616189,7587021237,9.0,MID_LANE,3210.0,3217.0,100.0,1585169,,BUILDING_KILL
0.0,TOWER_BUILDING,1616189,7587021237,8.0,BOT_LANE,4281.0,1253.0,100.0,1592519,BASE_TURRET,BUILDING_KILL
0.0,INHIBITOR_BUILDING,1616189,7587021237,8.0,BOT_LANE,3468.0,1230.0,100.0,1604015,,BUILDING_KILL
0.0,TOWER_BUILDING,1616189,7587021237,9.0,MID_LANE,1748.0,2270.0,100.0,1604715,NEXUS_TURRET,BUILDING_KILL
0.0,TOWER_BUILDING,1616189,7587021237,8.0,MID_LANE,2177.0,1807.0,100.0,1605385,NEXUS_TURRET,BUILDING_KILL
0.0,TOWER_BUILDING,780320,7587500443,9.0,BOT_LANE,10504.0,1029.0,100.0,760610,OUTER_TURRET,BUILDING_KILL
0.0,TOWER_BUILDING,840352,7587500443,6.0,TOP_LANE,981.0,10441.0,100.0,802935,OUTER_TURRET,BUILDING_KILL
0.0,TOWER_BUILDING,900379,7587500443,9.0,MID_LANE,5846.0,6396.0,100.0,881815,OUTER_TURRET,BUILDING_KILL
0.0,TOWER_BUILDING,1200459,7587500443,6.0,BOT_LANE,6919.0,1483.0,100.0,1169046,INNER_TURRET,BUILDING_KILL
0.0,TOWER_BUILDING,1200459,7587500443,9.0,MID_LANE,5048.0,4812.0,100.0,1180716,INNER_TURRET,BUILDING_KILL
0.0,TOWER_BUILDING,1200459,7587500443,8.0,TOP_LANE,1512.0,6699.0,100.0,1195415,INNER_TURRET,BUILDING_KILL
0.0,TOWER_BUILDING,1260482,7587500443,9.0,TOP_LANE,1169.0,4287.0,100.0,1217111,BASE_TURRET,BUILDING_KILL
0.0,INHIBITOR_BUILDING,1260482,7587500443,8.0,TOP_LANE,1172.0,3583.0,100.0,1226971,,BUILDING_KILL
0.0,TOWER_BUILDING,1320511,7587500443,6.0,MID_LANE,3651.0,3696.0,100.0,1315067,BASE_TURRET,BUILDING_KILL
0.0,INHIBITOR_BUILDING,1344575,7587500443,7.0,MID_LANE,3210.0,3217.0,100.0,1324652,,BUILDING_KILL
0.0,TOWER_BUILDING,1344575,7587500443,10.0,MID_LANE,1748.0,2270.0,100.0,1328405,NEXUS_TURRET,BUILDING_KILL
0.0,TOWER_BUILDING,1344575,7587500443,6.0,MID_LANE,2177.0,1807.0,100.0,1333682,NEXUS_TURRET,BUILDING_KILL
0.0,TOWER_BUILDING,900385,7586111441,8.0,TOP_LANE,981.0,10441.0,100.0,846194,OUTER_TURRET,BUILDING_KILL
0.0,TOWER_BUILDING,1080428,7586111441,8.0,BOT_LANE,10504.0,1029.0,100.0,1043222,OUTER_TURRET,BUILDING_KILL
0.0,TOWER_BUILDING,1080428,7586111441,8.0,BOT_LANE,6919.0,1483.0,100.0,1065398,INNER_TURRET,BUILDING_KILL
0.0,TOWER_BUILDING,1200452,7586111441,5.0,MID_LANE,8955.0,8510.0,200.0,1148225,OUTER_TURRET,BUILDING_KILL
0.0,TOWER_BUILDING,1200452,7586111441,10.0,MID_LANE,5846.0,6396.0,100.0,1178179,OUTER_TURRET,BUILDING_KILL
0.0,TOWER_BUILDING,1200452,7586111441,3.0,BOT_LANE,13866.0,4505.0,200.0,1179482,OUTER_TURRET,BUILDING_KILL
0.0,TOWER_BUILDING,1260471,7586111441,4.0,MID_LANE,9767.0,10113.0,200.0,1249057,INNER_TURRET,BUILDING_KILL
0.0,TOWER_BUILDING,660235,7587621067,1.0,TOP_LANE,4318.0,13875.0,200.0,654103,OUTER_TURRET,BUILDING_KILL
0.0,TOWER_BUILDING,780278,7587621067,3.0,MID_LANE,8955.0,8510.0,200.0,729885,OUTER_TURRET,BUILDING_KILL
0.0,TOWER_BUILDING,780278,7587621067,4.0,BOT_LANE,13866.0,4505.0,200.0,740739,OUTER_TURRET,BUILDING_KILL
0.0,TOWER_BUILDING,840284,7587621067,4.0,MID_LANE,9767.0,10113.0,200.0,802267,INNER_TURRET,BUILDING_KILL
0.0,TOWER_BUILDING,840284,7587621067,5.0,MID_LANE,11134.0,11207.0,200.0,837345,BASE_TURRET,BUILDING_KILL
0.0,TOWER_BUILDING,880583,7587621067,3.0,BOT_LANE,13327.0,8226.0,200.0,843491,INNER_TURRET,BUILDING_KILL
0.0,INHIBITOR_BUILDING,880583,7587621067,1.0,MID_LANE,11593.0,11669.0,200.0,845295,,BUILDING_KILL
0.0,TOWER_BUILDING,880583,7587621067,4.0,MID_LANE,13052.0,12612.0,200.0,859965,NEXUS_TURRET,BUILDING_KILL
0.0,TOWER_BUILDING,880583,7587621067,3.0,BOT_LANE,13624.0,10572.0,200.0,862470,BASE_TURRET,BUILDING_KILL
0.0,TOWER_BUILDING,880583,7587621067,4.0,MID_LANE,12611.0,13084.0,200.0,866912,NEXUS_TURRET,BUILDING_KILL
0.0,TOWER_BUILDING,900309,7586649249,6.0,BOT_LANE,10504.0,1029.0,100.0,856579,OUTER_TURRET,BUILDING_KILL
0.0,TOWER_BUILDING,960338,7586649249,2.0,TOP_LANE,4318.0,13875.0,200.0,943541,OUTER_TURRET,BUILDING_KILL
0.0,TOWER_BUILDING,1080368,7586649249,6.0,MID_LANE,5846.0,6396.0,100.0,1028939,OUTER_TURRET,BUILDING_KILL
0.0,TOWER_BUILDING,1140378,7586649249,1.0,TOP_LANE,7943.0,13411.0,200.0,1108765,INNER_TURRET,BUILDING_KILL
0.0,TOWER_BUILDING,1140378,7586649249,4.0,MID_LANE,8955.0,8510.0,200.0,1117964,OUTER_TURRET,BUILDING_KILL
0.0,TOWER_BUILDING,900283,7587566731,9.0,BOT_LANE,10504.0,1029.0,100.0,861110,OUTER_TURRET,BUILDING_KILL
0.0,TOWER_BUILDING,900283,7587566731,2.0,BOT_LANE,13866.0,4505.0,200.0,893372,OUTER_TURRET,BUILDING_KILL
0.0,TOWER_BUILDING,1080369,7587566731,7.0,MID_LANE,5846.0,6396.0,100.0,1071283,OUTER_TURRET,BUILDING_KILL
0.0,TOWER_BUILDING,1320406,7587566731,6.0,MID_LANE,5048.0,4812.0,100.0,1279768,INNER_TURRET,BUILDING_KILL
0.0,TOWER_BUILDING,1380415,7587566731,8.0,TOP_LANE,981.0,10441.0,100.0,1345406,OUTER_TURRET,BUILDING_KILL
0.0,TOWER_BUILDING,1500432,7587566731,1.0,MID_LANE,8955.0,8510.0,200.0,1476125,OUTER_TURRET,BUILDING_KILL
0.0,TOWER_BUILDING,1680506,7587566731,3.0,TOP_LANE,4318.0,13875.0,200.0,1671871,OUTER_TURRET,BUILDING_KILL
0.0,TOWER_BUILDING,1740520,7587566731,5.0,MID_LANE,9767.0,10113.0,200.0,1693011,INNER_TURRET,BUILDING_KILL
0.0,TOWER_BUILDING,1740520,7587566731,2.0,MID_LANE,11134.0,11207.0,200.0,1704176,BASE_TURRET,BUILDING_KILL
0.0,TOWER_BUILDING,1740520,7587566731,3.0,TOP_LANE,7943.0,13411.0,200.0,1705111,INNER_TURRET,BUILDING_KILL
0.0,INHIBITOR_BUILDING,1740520,7587566731,2.0,MID_LANE,11593.0,11669.0,200.0,1709620,,BUILDING_KILL
0.0,TOWER_BUILDING,1980574,7587566731,10.0,MID_LANE,3651.0,3696.0,100.0,1958388,BASE_TURRET,BUILDING_KILL
0.0,INHIBITOR_BUILDING,1980574,7587566731,10.0,MID_LANE,3210.0,3217.0,100.0,1962329,,BUILDING_KILL
0.0,TOWER_BUILDING,1980574,7587566731,9.0,MID_LANE,1748.0,2270.0,100.0,1971546,NEXUS_TURRET,BUILDING_KILL
0.0,TOWER_BUILDING,1980574,7587566731,9.0,MID_LANE,2177.0,1807.0,100.0,1972214,NEXUS_TURRET,BUILDING_KILL
0.0,TOWER_BUILDING,900404,7586483124,3.0,BOT_LANE,13866.0,4505.0,200.0,844055,OUTER_TURRET,BUILDING_KILL
0.0,TOWER_BUILDING,960427,7586483124,0.0,MID_LANE,8955.0,8510.0,200.0,947365,OUTER_TURRET,BUILDING_KILL
0.0,TOWER_BUILDING,1080456,7586483124,6.0,TOP_LANE,981.0,10441.0,100.0,1037911,OUTER_TURRET,BUILDING_KILL
0.0,TOWER_BUILDING,1320545,7586483124,3.0,TOP_LANE,4318.0,13875.0,200.0,1303765,OUTER_TURRET,BUILDING_KILL
0.0,TOWER_BUILDING,1380578,7586483124,6.0,BOT_LANE,10504.0,1029.0,100.0,1336793,OUTER_TURRET,BUILDING_KILL
0.0,TOWER_BUILDING,1380578,7586483124,6.0,TOP_LANE,1512.0,6699.0,100.0,1359708,INNER_TURRET,BUILDING_KILL
0.0,TOWER_BUILDING,1500615,7586483124,2.0,MID_LANE,9767.0,10113.0,200.0,1458421,INNER_TURRET,BUILDING_KILL
0.0,TOWER_BUILDING,1560629,7586483124,6.0,MID_LANE,5846.0,6396.0,100.0,1534500,OUTER_TURRET,BUILDING_KILL
0.0,TOWER_BUILDING,1740698,7586483124,6.0,MID_LANE,5048.0,4812.0,100.0,1713809,INNER_TURRET,BUILDING_KILL
0.0,TOWER_BUILDING,1740698,7586483124,8.0,BOT_LANE,6919.0,1483.0,100.0,1730531,INNER_TURRET,BUILDING_KILL
0.0,TOWER_BUILDING,1740698,7586483124,6.0,MID_LANE,3651.0,3696.0,100.0,1735355,BASE_TURRET,BUILDING_KILL
0.0,TOWER_BUILDING,1761543,7586483124,8.0,BOT_LANE,4281.0,1253.0,100.0,1740965,BASE_TURRET,BUILDING_KILL
0.0,INHIBITOR_BUILDING,1761543,7586483124,9.0,BOT_LANE,3468.0,1230.0,100.0,1743504,,BUILDING_KILL
0.0,INHIBITOR_BUILDING,1761543,7586483124,6.0,MID_LANE,3210.0,3217.0,100.0,1745207,,BUILDING_KILL
0.0,TOWER_BUILDING,1761543,7586483124,9.0,MID_LANE,2177.0,1807.0,100.0,1749315,NEXUS_TURRET,BUILDING_KILL
0.0,TOWER_BUILDING,1761543,7586483124,9.0,MID_LANE,1748.0,2270.0,100.0,1755164,NEXUS_TURRET,BUILDING_KILL
0.0,TOWER_BUILDING,840274,7587217610,5.0,TOP_LANE,4318.0,13875.0,200.0,834844,OUTER_TURRET,BUILDING_KILL
0.0,TOWER_BUILDING,900286,7587217610,3.0,BOT_LANE,13866.0,4505.0,200.0,840975,OUTER_TURRET,BUILDING_KILL
0.0,TOWER_BUILDING,900286,7587217610,5.0,MID_LANE,8955.0,8510.0,200.0,876424,OUTER_TURRET,BUILDING_KILL
0.0,TOWER_BUILDING,900286,7587217610,1.0,MID_LANE,9767.0,10113.0,200.0,890624,INNER_TURRET,BUILDING_KILL
0.0,TOWER_BUILDING,1020309,7587217610,2.0,TOP_LANE,7943.0,13411.0,200.0,966919,INNER_TURRET,BUILDING_KILL
0.0,TOWER_BUILDING,1020309,7587217610,2.0,TOP_LANE,10481.0,13650.0,200.0,983073,BASE_TURRET,BUILDING_KILL
300.0,TOWER_BUILDING,1020309,7587217610,8.0,BOT_LANE,10504.0,1029.0,100.0,1007879,OUTER_TURRET,BUILDING_KILL
0.0,TOWER_BUILDING,1140336,7587217610,1.0,BOT_LANE,13327.0,8226.0,200.0,1099602,INNER_TURRET,BUILDING_KILL
0.0,TOWER_BUILDING,1140336,7587217610,5.0,MID_LANE,11134.0,11207.0,200.0,1132121,BASE_TURRET,BUILDING_KILL
300.0,TOWER_BUILDING,1260390,7587217610,9.0,MID_LANE,5846.0,6396.0,100.0,1234553,OUTER_TURRET,BUILDING_KILL
0.0,INHIBITOR_BUILDING,1380438,7587217610,5.0,MID_LANE,11593.0,11669.0,200.0,1378811,,BUILDING_KILL
0.0,INHIBITOR_BUILDING,1440451,7587217610,4.0,TOP_LANE,11275.0,13663.0,200.0,1391528,,BUILDING_KILL
0.0,TOWER_BUILDING,1440451,7587217610,2.0,BOT_LANE,13624.0,10572.0,200.0,1431766,BASE_TURRET,BUILDING_KILL
0.0,INHIBITOR_BUILDING,1740516,7587217610,5.0,BOT_LANE,13594.0,11319.0,200.0,1702226,,BUILDING_KILL
0.0,INHIBITOR_BUILDING,1740516,7587217610,3.0,MID_LANE,11593.0,11669.0,200.0,1707360,,BUILDING_KILL
0.0,TOWER_BUILDING,1740516,7587217610,2.0,MID_LANE,13052.0,12612.0,200.0,1716178,NEXUS_TURRET,BUILDING_KILL
0.0,INHIBITOR_BUILDING,1860535,7587217610,3.0,TOP_LANE,11275.0,13663.0,200.0,1847644,,BUILDING_KILL
0.0,INHIBITOR_BUILDING,2040579,7587217610,3.0,MID_LANE,11593.0,11669.0,200.0,2027006,,BUILDING_KILL
0.0,TOWER_BUILDING,2100605,7587217610,0.0,MID_LANE,12611.0,13084.0,200.0,2041996,NEXUS_TURRET,BUILDING_KILL
0.0,TOWER_BUILDING,2220658,7587217610,8.0,MID_LANE,5048.0,4812.0,100.0,2175512,INNER_TURRET,BUILDING_KILL
0.0,TOWER_BUILDING,2220658,7587217610,8.0,MID_LANE,3651.0,3696.0,100.0,2185525,BASE_TURRET,BUILDING_KILL
0.0,INHIBITOR_BUILDING,2220658,7587217610,8.0,MID_LANE,3210.0,3217.0,100.0,2188965,,BUILDING_KILL
0.0,TOWER_BUILDING,2405012,7587217610,8.0,MID_LANE,2177.0,1807.0,100.0,2387383,NEXUS_TURRET,BUILDING_KILL
0.0,TOWER_BUILDING,2405012,7587217610,9.0,MID_LANE,1748.0,2270.0,100.0,2391025,NEXUS_TURRET,BUILDING_KILL
0.0,TOWER_BUILDING,1020401,7586770500,8.0,BOT_LANE,10504.0,1029.0,100.0,1009129,OUTER_TURRET,BUILDING_KILL
0.0,TOWER_BUILDING,1140417,7586770500,4.0,MID_LANE,8955.0,8510.0,200.0,1084964,OUTER_TURRET,BUILDING_KILL
0.0,TOWER_BUILDING,1200424,7586770500,4.0,TOP_LANE,4318.0,13875.0,200.0,1140550,OUTER_TURRET,BUILDING_KILL
0.0,TOWER_BUILDING,1260425,7586770500,3.0,BOT_LANE,13866.0,4505.0,200.0,1229581,OUTER_TURRET,BUILDING_KILL
0.0,TOWER_BUILDING,1260425,7586770500,8.0,TOP_LANE,981.0,10441.0,100.0,1232126,OUTER_TURRET,BUILDING_KILL
0.0,TOWER_BUILDING,1380480,7586770500,1.0,BOT_LANE,13327.0,8226.0,200.0,1378319,INNER_TURRET,BUILDING_KILL
0.0,TOWER_BUILDING,1440530,7586770500,2.0,TOP_LANE,7943.0,13411.0,200.0,1430520,INNER_TURRET,BUILDING_KILL
0.0,TOWER_BUILDING,1560553,7586770500,4.0,MID_LANE,9767.0,10113.0,200.0,1541433,INNER_TURRET,BUILDING_KILL
0.0,TOWER_BUILDING,1796743,7586770500,4.0,MID_LANE,11134.0,11207.0,200.0,1776132,BASE_TURRET,BUILDING_KILL
0.0,INHIBITOR_BUILDING,1796743,7586770500,4.0,MID_LANE,11593.0,11669.0,200.0,1779677,,BUILDING_KILL
0.0,TOWER_BUILDING,1796743,7586770500,1.0,MID_LANE,13052.0,12612.0,200.0,1786731,NEXUS_TURRET,BUILDING_KILL
0.0,TOWER_BUILDING,1796743,7586770500,4.0,MID_LANE,12611.0,13084.0,200.0,1788854,NEXUS_TURRET,BUILDING_KILL
0.0,TOWER_BUILDING,900292,7587503970,2.0,BOT_LANE,13866.0,4505.0,200.0,840653,OUTER_TURRET,BUILDING_KILL
0.0,TOWER_BUILDING,900292,7587503970,8.0,MID_LANE,5846.0,6396.0,100.0,848017,OUTER_TURRET,BUILDING_KILL
0.0,TOWER_BUILDING,960301,7587503970,4.0,MID_LANE,8955.0,8510.0,200.0,909961,OUTER_TURRET,BUILDING_KILL
0.0,TOWER_BUILDING,960301,7587503970,8.0,BOT_LANE,10504.0,1029.0,100.0,925548,OUTER_TURRET,BUILDING_KILL
0.0,TOWER_BUILDING,840303,7586880332,9.0,TOP_LANE,981.0,10441.0,100.0,800600,OUTER_TURRET,BUILDING_KILL
0.0,TOWER_BUILDING,960327,7586880332,1.0,TOP_LANE,4318.0,13875.0,200.0,924047,OUTER_TURRET,BUILDING_KILL
0.0,TOWER_BUILDING,960327,7586880332,9.0,MID_LANE,5846.0,6396.0,100.0,935254,OUTER_TURRET,BUILDING_KILL
0.0,TOWER_BUILDING,960327,7586880332,6.0,BOT_LANE,10504.0,1029.0,100.0,935755,OUTER_TURRET,BUILDING_KILL
0.0,TOWER_BUILDING,1080385,7586880332,4.0,MID_LANE,8955.0,8510.0,200.0,1064908,OUTER_TURRET,BUILDING_KILL
0.0,TOWER_BUILDING,1140392,7586880332,7.0,MID_LANE,5048.0,4812.0,100.0,1094970,INNER_TURRET,BUILDING_KILL
0.0,TOWER_BUILDING,1440451,7586880332,1.0,MID_LANE,9767.0,10113.0,200.0,1385956,INNER_TURRET,BUILDING_KILL
0.0,TOWER_BUILDING,1500483,7586880332,1.0,BOT_LANE,13866.0,4505.0,200.0,1456572,OUTER_TURRET,BUILDING_KILL
0.0,TOWER_BUILDING,1500483,7586880332,1.0,BOT_LANE,13327.0,8226.0,200.0,1478606,INNER_TURRET,BUILDING_KILL
0.0,TOWER_BUILDING,1620507,7586880332,1.0,MID_LANE,11134.0,11207.0,200.0,1617352,BASE_TURRET,BUILDING_KILL
0.0,INHIBITOR_BUILDING,1620507,7586880332,3.0,MID_LANE,11593.0,11669.0,200.0,1620440,,BUILDING_KILL
0.0,TOWER_BUILDING,1740526,7586880332,8.0,BOT_LANE,6919.0,1483.0,100.0,1701553,INNER_TURRET,BUILDING_KILL
0.0,TOWER_BUILDING,1740526,7586880332,8.0,BOT_LANE,4281.0,1253.0,100.0,1720777,BASE_TURRET,BUILDING_KILL
0.0,INHIBITOR_BUILDING,1740526,7586880332,8.0,BOT_LANE,3468.0,1230.0,100.0,1730450,,BUILDING_KILL
0.0,TOWER_BUILDING,1920576,7586880332,4.0,TOP_LANE,7943.0,13411.0,200.0,1899039,INNER_TURRET,BUILDING_KILL
0.0,INHIBITOR_BUILDING,2100648,7586880332,1.0,MID_LANE,11593.0,11669.0,200.0,2068662,,BUILDING_KILL
0.0,TOWER_BUILDING,2100648,7586880332,3.0,TOP_LANE,10481.0,13650.0,200.0,2073406,BASE_TURRET,BUILDING_KILL
0.0,INHIBITOR_BUILDING,2100648,7586880332,2.0,TOP_LANE,11275.0,13663.0,200.0,2077081,,BUILDING_KILL
0.0,TOWER_BUILDING,2107863,7586880332,2.0,MID_LANE,13052.0,12612.0,200.0,2100815,NEXUS_TURRET,BUILDING_KILL
0.0,TOWER_BUILDING,2107863,7586880332,4.0,MID_LANE,12611.0,13084.0,200.0,2101751,NEXUS_TURRET,BUILDING_KILL
0.0,TOWER_BUILDING,900348,7587332057,9.0,BOT_LANE,10504.0,1029.0,100.0,869186,OUTER_TURRET,BUILDING_KILL
0.0,TOWER_BUILDING,900348,7587332057,7.0,MID_LANE,5846.0,6396.0,100.0,891184,OUTER_TURRET,BUILDING_KILL
0.0,TOWER_BUILDING,1020397,7587332057,6.0,TOP_LANE,981.0,10441.0,100.0,979536,OUTER_TURRET,BUILDING_KILL
0.0,TOWER_BUILDING,1140427,7587332057,10.0,MID_LANE,5048.0,4812.0,100.0,1118259,INNER_TURRET,BUILDING_KILL
0.0,TOWER_BUILDING,1140427,7587332057,8.0,TOP_LANE,1512.0,6699.0,100.0,1127080,INNER_TURRET,BUILDING_KILL
0.0,TOWER_BUILDING,1320456,7587332057,8.0,BOT_LANE,6919.0,1483.0,100.0,1312408,INNER_TURRET,BUILDING_KILL
0.0,TOWER_BUILDING,720269,7585849841,1.0,TOP_LANE,4318.0,13875.0,200.0,684172,OUTER_TURRET,BUILDING_KILL
0.0,TOWER_BUILDING,780295,7585849841,1.0,TOP_LANE,7943.0,13411.0,200.0,778704,INNER_TURRET,BUILDING_KILL
0.0,TOWER_BUILDING,960333,7585849841,4.0,MID_LANE,8955.0,8510.0,200.0,947070,OUTER_TURRET,BUILDING_KILL
0.0,TOWER_BUILDING,960333,7585849841,1.0,BOT_LANE,13866.0,4505.0,200.0,950109,OUTER_TURRET,BUILDING_KILL
0.0,TOWER_BUILDING,1080370,7585849841,1.0,BOT_LANE,13327.0,8226.0,200.0,1030588,INNER_TURRET,BUILDING_KILL
0.0,TOWER_BUILDING,1200419,7585849841,6.0,TOP_LANE,981.0,10441.0,100.0,1166444,OUTER_TURRET,BUILDING_KILL
0.0,TOWER_BUILDING,1320454,7585849841,6.0,BOT_LANE,10504.0,1029.0,100.0,1261452,OUTER_TURRET,BUILDING_KILL
0.0,TOWER_BUILDING,1440463,7585849841,4.0,MID_LANE,9767.0,10113.0,200.0,1415377,INNER_TURRET,BUILDING_KILL
0.0,TOWER_BUILDING,1440463,7585849841,5.0,MID_LANE,11134.0,11207.0,200.0,1425850,BASE_TURRET,BUILDING_KILL
0.0,INHIBITOR_BUILDING,1440463,7585849841,2.0,MID_LANE,11593.0,11669.0,200.0,1431094,,BUILDING_KILL
0.0,TOWER_BUILDING,1680530,7585849841,1.0,BOT_LANE,13624.0,10572.0,200.0,1660966,BASE_TURRET,BUILDING_KILL
0.0,INHIBITOR_BUILDING,1680530,7585849841,5.0,BOT_LANE,13594.0,11319.0,200.0,1668827,,BUILDING_KILL
0.0,TOWER_BUILDING,1680530,7585849841,3.0,MID_LANE,13052.0,12612.0,200.0,1671499,NEXUS_TURRET,BUILDING_KILL
0.0,TOWER_BUILDING,1705153,7585849841,1.0,MID_LANE,12611.0,13084.0,200.0,1682579,NEXUS_TURRET,BUILDING_KILL
0.0,TOWER_BUILDING,720325,7586627340,1.0,TOP_LANE,4318.0,13875.0,200.0,670291,OUTER_TURRET,BUILDING_KILL
0.0,TOWER_BUILDING,780328,7586627340,1.0,BOT_LANE,13866.0,4505.0,200.0,775061,OUTER_TURRET,BUILDING_KILL
0.0,TOWER_BUILDING,960390,7586627340,8.0,BOT_LANE,10504.0,1029.0,100.0,936521,OUTER_TURRET,BUILDING_KILL
0.0,TOWER_BUILDING,1020413,7586627340,6.0,TOP_LANE,981.0,10441.0,100.0,981109,OUTER_TURRET,BUILDING_KILL
0.0,TOWER_BUILDING,1080431,7586627340,2.0,MID_LANE,8955.0,8510.0,200.0,1047126,OUTER_TURRET,BUILDING_KILL
0.0,TOWER_BUILDING,1260492,7586627340,4.0,MID_LANE,9767.0,10113.0,200.0,1222638,INNER_TURRET,BUILDING_KILL
0.0,TOWER_BUILDING,1260492,7586627340,3.0,TOP_LANE,7943.0,13411.0,200.0,1243019,INNER_TURRET,BUILDING_KILL
0.0,TOWER_BUILDING,1380512,7586627340,6.0,TOP_LANE,1512.0,6699.0,100.0,1352548,INNER_TURRET,BUILDING_KILL
0.0,TOWER_BUILDING,1440521,7586627340,1.0,TOP_LANE,10481.0,13650.0,200.0,1438973,BASE_TURRET,BUILDING_KILL
0.0,INHIBITOR_BUILDING,1500521,7586627340,4.0,TOP_LANE,11275.0,13663.0,200.0,1459281,,BUILDING_KILL
0.0,TOWER_BUILDING,1800602,7586627340,3.0,MID_LANE,12611.0,13084.0,200.0,1747311,NEXUS_TURRET,BUILDING_KILL
0.0,TOWER_BUILDING,1800602,7586627340,4.0,MID_LANE,11134.0,11207.0,200.0,1748013,BASE_TURRET,BUILDING_KILL
0.0,INHIBITOR_BUILDING,1800602,7586627340,4.0,MID_LANE,11593.0,11669.0,200.0,1751588,,BUILDING_KILL
0.0,TOWER_BUILDING,1829208,7586627340,1.0,MID_LANE,13052.0,12612.0,200.0,1817763,NEXUS_TURRET,BUILDING_KILL
0.0,TOWER_BUILDING,900358,7587545693,6.0,TOP_LANE,981.0,10441.0,100.0,867587,OUTER_TURRET,BUILDING_KILL
0.0,TOWER_BUILDING,910543,7587545693,8.0,BOT_LANE,10504.0,1029.0,100.0,903296,OUTER_TURRET,BUILDING_KILL
0.0,TOWER_BUILDING,780315,7586360791,1.0,TOP_LANE,4318.0,13875.0,200.0,768945,OUTER_TURRET,BUILDING_KILL
0.0,TOWER_BUILDING,900326,7586360791,3.0,MID_LANE,8955.0,8510.0,200.0,887624,OUTER_TURRET,BUILDING_KILL
250.0,TOWER_BUILDING,947267,7586360791,6.0,MID_LANE,5846.0,6396.0,100.0,927496,OUTER_TURRET,BUILDING_KILL
0.0,TOWER_BUILDING,947267,7586360791,1.0,BOT_LANE,13866.0,4505.0,200.0,929433,OUTER_TURRET,BUILDING_KILL
0.0,TOWER_BUILDING,780287,7586622777,3.0,TOP_LANE,4318.0,13875.0,200.0,762644,OUTER_TURRET,BUILDING_KILL
0.0,TOWER_BUILDING,1020353,7586622777,4.0,MID_LANE,8955.0,8510.0,200.0,978134,OUTER_TURRET,BUILDING_KILL
0.0,TOWER_BUILDING,1020353,7586622777,6.0,BOT_LANE,10504.0,1029.0,100.0,982756,OUTER_TURRET,BUILDING_KILL
0.0,TOWER_BUILDING,1140381,7586622777,3.0,BOT_LANE,13866.0,4505.0,200.0,1087881,OUTER_TURRET,BUILDING_KILL
0.0,TOWER_BUILDING,1140381,7586622777,5.0,BOT_LANE,13327.0,8226.0,200.0,1103969,INNER_TURRET,BUILDING_KILL
0.0,TOWER_BUILDING,1140381,7586622777,1.0,TOP_LANE,7943.0,13411.0,200.0,1110024,INNER_TURRET,BUILDING_KILL
0.0,TOWER_BUILDING,1200390,7586622777,0.0,MID_LANE,9767.0,10113.0,200.0,1159831,INNER_TURRET,BUILDING_KILL
0.0,TOWER_BUILDING,1200390,7586622777,9.0,TOP_LANE,981.0,10441.0,100.0,1197960,OUTER_TURRET,BUILDING_KILL
0.0,TOWER_BUILDING,1260418,7586622777,6.0,TOP_LANE,1512.0,6699.0,100.0,1236713,INNER_TURRET,BUILDING_KILL
0.0,TOWER_BUILDING,1440452,7586622777,1.0,MID_LANE,11134.0,11207.0,200.0,1389763,BASE_TURRET,BUILDING_KILL
0.0,INHIBITOR_BUILDING,1478338,7586622777,5.0,MID_LANE,11593.0,11669.0,200.0,1460481,,BUILDING_KILL
0.0,TOWER_BUILDING,1478338,7586622777,1.0,MID_LANE,12611.0,13084.0,200.0,1469470,NEXUS_TURRET,BUILDING_KILL
0.0,TOWER_BUILDING,1478338,7586622777,2.0,MID_LANE,13052.0,12612.0,200.0,1469637,NEXUS_TURRET,BUILDING_KILL
0.0,TOWER_BUILDING,840275,7586955687,6.0,TOP_LANE,981.0,10441.0,100.0,834719,OUTER_TURRET,BUILDING_KILL
0.0,TOWER_BUILDING,900305,7586955687,3.0,BOT_LANE,13866.0,4505.0,200.0,889475,OUTER_TURRET,BUILDING_KILL
0.0,TOWER_BUILDING,960309,7586955687,1.0,TOP_LANE,4318.0,13875.0,200.0,956435,OUTER_TURRET,BUILDING_KILL
0.0,TOWER_BUILDING,1020320,7586955687,8.0,BOT_LANE,10504.0,1029.0,100.0,996242,OUTER_TURRET,BUILDING_KILL
0.0,TOWER_BUILDING,1080320,7586955687,4.0,MID_LANE,8955.0,8510.0,200.0,1046505,OUTER_TURRET,BUILDING_KILL
0.0,TOWER_BUILDING,1440437,7586955687,3.0,TOP_LANE,7943.0,13411.0,200.0,1382474,INNER_TURRET,BUILDING_KILL
0.0,TOWER_BUILDING,1440437,7586955687,5.0,MID_LANE,9767.0,10113.0,200.0,1390658,INNER_TURRET,BUILDING_KILL
0.0,TOWER_BUILDING,1440437,7586955687,1.0,BOT_LANE,13327.0,8226.0,200.0,1404583,INNER_TURRET,BUILDING_KILL
0.0,TOWER_BUILDING,1440437,7586955687,4.0,MID_LANE,11134.0,11207.0,200.0,1426889,BASE_TURRET,BUILDING_KILL
0.0,INHIBITOR_BUILDING,1440437,7586955687,4.0,MID_LANE,11593.0,11669.0,200.0,1433269,,BUILDING_KILL
0.0,TOWER_BUILDING,1477578,7586955687,4.0,BOT_LANE,13624.0,10572.0,200.0,1445751,BASE_TURRET,BUILDING_KILL
0.0,INHIBITOR_BUILDING,1477578,7586955687,2.0,BOT_LANE,13594.0,11319.0,200.0,1459353,,BUILDING_KILL
0.0,TOWER_BUILDING,1477578,7586955687,1.0,MID_LANE,13052.0,12612.0,200.0,1460789,NEXUS_TURRET,BUILDING_KILL
0.0,TOWER_BUILDING,1477578,7586955687,5.0,MID_LANE,12611.0,13084.0,200.0,1467553,NEXUS_TURRET,BUILDING_KILL
0.0,TOWER_BUILDING,960295,7587607912,9.0,BOT_LANE,10504.0,1029.0,100.0,900758,OUTER_TURRET,BUILDING_KILL
0.0,TOWER_BUILDING,960295,7587607912,3.0,TOP_LANE,4318.0,13875.0,200.0,928824,OUTER_TURRET,BUILDING_KILL
0.0,TOWER_BUILDING,1140338,7587607912,8.0,TOP_LANE,981.0,10441.0,100.0,1126049,OUTER_TURRET,BUILDING_KILL
0.0,TOWER_BUILDING,1200345,7587607912,2.0,MID_LANE,8955.0,8510.0,200.0,1183099,OUTER_TURRET,BUILDING_KILL
0.0,TOWER_BUILDING,1260376,7587607912,4.0,MID_LANE,9767.0,10113.0,200.0,1209930,INNER_TURRET,BUILDING_KILL
0.0,TOWER_BUILDING,1320396,7587607912,4.0,BOT_LANE,13866.0,4505.0,200.0,1304085,OUTER_TURRET,BUILDING_KILL
400.0,TOWER_BUILDING,1440415,7587607912,6.0,TOP_LANE,1512.0,6699.0,100.0,1385156,INNER_TURRET,BUILDING_KILL
0.0,TOWER_BUILDING,1500424,7587607912,1.0,TOP_LANE,7943.0,13411.0,200.0,1483708,INNER_TURRET,BUILDING_KILL
0.0,TOWER_BUILDING,1560438,7587607912,1.0,MID_LANE,11134.0,11207.0,200.0,1523346,BASE_TURRET,BUILDING_KILL
0.0,INHIBITOR_BUILDING,1560438,7587607912,5.0,MID_LANE,11593.0,11669.0,200.0,1530526,,BUILDING_KILL
0.0,TOWER_BUILDING,1680470,7587607912,1.0,BOT_LANE,13327.0,8226.0,200.0,1650975,INNER_TURRET,BUILDING_KILL
0.0,TOWER_BUILDING,1680470,7587607912,4.0,BOT_LANE,13624.0,10572.0,200.0,1662239,BASE_TURRET,BUILDING_KILL
0.0,INHIBITOR_BUILDING,1680470,7587607912,1.0,BOT_LANE,13594.0,11319.0,200.0,1674593,,BUILDING_KILL
0.0,TOWER_BUILDING,1700993,7587607912,4.0,MID_LANE,13052.0,12612.0,200.0,1682407,NEXUS_TURRET,BUILDING_KILL
0.0,TOWER_BUILDING,1700993,7587607912,4.0,MID_LANE,12611.0,13084.0,200.0,1686948,NEXUS_TURRET,BUILDING_KILL
0.0,TOWER_BUILDING,900301,7586961299,9.0,BOT_LANE,10504.0,1029.0,100.0,865860,OUTER_TURRET,BUILDING_KILL
0.0,TOWER_BUILDING,900301,7586961299,6.0,TOP_LANE,981.0,10441.0,100.0,889341,OUTER_TURRET,BUILDING_KILL
0.0,TOWER_BUILDING,1080350,7586961299,2.0,MID_LANE,8955.0,8510.0,200.0,1058012,OUTER_TURRET,BUILDING_KILL
0.0,TOWER_BUILDING,960363,7587222037,1.0,TOP_LANE,4318.0,13875.0,200.0,928266,OUTER_TURRET,BUILDING_KILL
0.0,TOWER_BUILDING,1020387,7587222037,3.0,BOT_LANE,13866.0,4505.0,200.0,981589,OUTER_TURRET,BUILDING_KILL
0.0,TOWER_BUILDING,1080390,7587222037,2.0,MID_LANE,8955.0,8510.0,200.0,1045823,OUTER_TURRET,BUILDING_KILL
0.0,TOWER_BUILDING,1140410,7587222037,3.0,MID_LANE,9767.0,10113.0,200.0,1124900,INNER_TURRET,BUILDING_KILL
0.0,TOWER_BUILDING,1200416,7587222037,1.0,TOP_LANE,7943.0,13411.0,200.0,1172820,INNER_TURRET,BUILDING_KILL
0.0,TOWER_BUILDING,1260447,7587222037,6.0,TOP_LANE,981.0,10441.0,100.0,1228141,OUTER_TURRET,BUILDING_KILL
0.0,TOWER_BUILDING,1320465,7587222037,9.0,MID_LANE,5846.0,6396.0,100.0,1311173,OUTER_TURRET,BUILDING_KILL
0.0,TOWER_BUILDING,1740578,7587222037,9.0,MID_LANE,5048.0,4812.0,100.0,1719296,INNER_TURRET,BUILDING_KILL
0.0,TOWER_BUILDING,1800609,7587222037,0.0,MID_LANE,11134.0,11207.0,200.0,1784124,BASE_TURRET,BUILDING_KILL
0.0,TOWER_BUILDING,1860629,7587222037,8.0,BOT_LANE,10504.0,1029.0,100.0,1814114,OUTER_TURRET,BUILDING_KILL
0.0,TOWER_BUILDING,1920651,7587222037,6.0,MID_LANE,3651.0,3696.0,100.0,1898869,BASE_TURRET,BUILDING_KILL
0.0,INHIBITOR_BUILDING,1920651,7587222037,6.0,MID_LANE,3210.0,3217.0,100.0,1903982,,BUILDING_KILL
0.0,TOWER_BUILDING,1920651,7587222037,9.0,MID_LANE,2177.0,1807.0,100.0,1914536,NEXUS_TURRET,BUILDING_KILL
0.0,TOWER_BUILDING,1920651,7587222037,9.0,MID_LANE,1748.0,2270.0,100.0,1914940,NEXUS_TURRET,BUILDING_KILL
0.0,TOWER_BUILDING,840303,7587601130,9.0,BOT_LANE,10504.0,1029.0,100.0,803174,OUTER_TURRET,BUILDING_KILL
0.0,TOWER_BUILDING,1080394,7587601130,8.0,MID_LANE,5846.0,6396.0,100.0,1027162,OUTER_TURRET,BUILDING_KILL
200.0,TOWER_BUILDING,1140405,7587601130,2.0,MID_LANE,8955.0,8510.0,200.0,1099111,OUTER_TURRET,BUILDING_KILL
0.0,TOWER_BUILDING,1200433,7587601130,9.0,TOP_LANE,981.0,10441.0,100.0,1154097,OUTER_TURRET,BUILDING_KILL
0.0,TOWER_BUILDING,1260454,7587601130,1.0,TOP_LANE,4318.0,13875.0,200.0,1215099,OUTER_TURRET,BUILDING_KILL
0.0,TOWER_BUILDING,1260454,7587601130,8.0,MID_LANE,5048.0,4812.0,100.0,1225354,INNER_TURRET,BUILDING_KILL
0.0,TOWER_BUILDING,1320463,7587601130,7.0,BOT_LANE,6919.0,1483.0,100.0,1297612,INNER_TURRET,BUILDING_KILL
0.0,TOWER_BUILDING,1620534,7587601130,9.0,MID_LANE,3651.0,3696.0,100.0,1577714,BASE_TURRET,BUILDING_KILL
0.0,INHIBITOR_BUILDING,1740575,7587601130,9.0,MID_LANE,3210.0,3217.0,100.0,1686755,,BUILDING_KILL
0.0,TOWER_BUILDING,1740575,7587601130,8.0,MID_LANE,1748.0,2270.0,100.0,1704442,NEXUS_TURRET,BUILDING_KILL
0.0,TOWER_BUILDING,1740575,7587601130,8.0,MID_LANE,2177.0,1807.0,100.0,1707505,NEXUS_TURRET,BUILDING_KILL
0.0,TOWER_BUILDING,1740575,7587601130,7.0,TOP_LANE,1512.0,6699.0,100.0,1715179,INNER_TURRET,BUILDING_KILL
0.0,TOWER_BUILDING,1740575,7587601130,0.0,BOT_LANE,4281.0,1253.0,100.0,1733507,BASE_TURRET,BUILDING_KILL
0.0,TOWER_BUILDING,780284,7587543849,1.0,TOP_LANE,4318.0,13875.0,200.0,745244,OUTER_TURRET,BUILDING_KILL
0.0,TOWER_BUILDING,840292,7587543849,7.0,BOT_LANE,10504.0,1029.0,100.0,806169,OUTER_TURRET,BUILDING_KILL
0.0,TOWER_BUILDING,1020353,7587543849,5.0,MID_LANE,8955.0,8510.0,200.0,973786,OUTER_TURRET,BUILDING_KILL
0.0,TOWER_BUILDING,1140397,7587543849,2.0,BOT_LANE,13866.0,4505.0,200.0,1118129,OUTER_TURRET,BUILDING_KILL
0.0,TOWER_BUILDING,1140397,7587543849,9.0,MID_LANE,5846.0,6396.0,100.0,1124384,OUTER_TURRET,BUILDING_KILL
0.0,TOWER_BUILDING,1140397,7587543849,4.0,BOT_LANE,13327.0,8226.0,200.0,1135540,INNER_TURRET,BUILDING_KILL
0.0,TOWER_BUILDING,1140397,7587543849,6.0,TOP_LANE,981.0,10441.0,100.0,1138211,OUTER_TURRET,BUILDING_KILL
0.0,TOWER_BUILDING,1380474,7587543849,1.0,TOP_LANE,7943.0,13411.0,200.0,1358136,INNER_TURRET,BUILDING_KILL
0.0,TOWER_BUILDING,1380474,7587543849,4.0,MID_LANE,9767.0,10113.0,200.0,1360719,INNER_TURRET,BUILDING_KILL
0.0,TOWER_BUILDING,1671104,7587543849,4.0,MID_LANE,11134.0,11207.0,200.0,1631102,BASE_TURRET,BUILDING_KILL
0.0,INHIBITOR_BUILDING,1671104,7587543849,1.0,MID_LANE,11593.0,11669.0,200.0,1637057,,BUILDING_KILL
0.0,TOWER_BUILDING,1671104,7587543849,2.0,MID_LANE,13052.0,12612.0,200.0,1648161,NEXUS_TURRET,BUILDING_KILL
0.0,TOWER_BUILDING,1671104,7587543849,2.0,MID_LANE,12611.0,13084.0,200.0,1655908,NEXUS_TURRET,BUILDING_KILL
0.0,TOWER_BUILDING,900318,7587519080,5.0,BOT_LANE,13866.0,4505.0,200.0,841075,OUTER_TURRET,BUILDING_KILL
0.0,TOWER_BUILDING,900318,7587519080,6.0,TOP_LANE,981.0,10441.0,100.0,867733,OUTER_TURRET,BUILDING_KILL
0.0,TOWER_BUILDING,900318,7587519080,3.0,MID_LANE,8955.0,8510.0,200.0,879438,OUTER_TURRET,BUILDING_KILL
0.0,TOWER_BUILDING,960325,7587519080,8.0,BOT_LANE,10504.0,1029.0,100.0,930664,OUTER_TURRET,BUILDING_KILL
0.0,TOWER_BUILDING,960325,7587519080,1.0,TOP_LANE,4318.0,13875.0,200.0,937115,OUTER_TURRET,BUILDING_KILL
0.0,TOWER_BUILDING,1200366,7587519080,4.0,MID_LANE,9767.0,10113.0,200.0,1150040,INNER_TURRET,BUILDING_KILL
0.0,TOWER_BUILDING,1200366,7587519080,2.0,BOT_LANE,13327.0,8226.0,200.0,1156579,INNER_TURRET,BUILDING_KILL
0.0,TOWER_BUILDING,1200366,7587519080,4.0,BOT_LANE,13624.0,10572.0,200.0,1167541,BASE_TURRET,BUILDING_KILL
0.0,INHIBITOR_BUILDING,1200366,7587519080,4.0,BOT_LANE,13594.0,11319.0,200.0,1172672,,BUILDING_KILL
0.0,TOWER_BUILDING,1200366,7587519080,5.0,MID_LANE,13052.0,12612.0,200.0,1179518,NEXUS_TURRET,BUILDING_KILL
0.0,TOWER_BUILDING,1200366,7587519080,4.0,MID_LANE,12611.0,13084.0,200.0,1192018,NEXUS_TURRET,BUILDING_KILL
0.0,TOWER_BUILDING,1560457,7587519080,3.0,TOP_LANE,7943.0,13411.0,200.0,1555181,INNER_TURRET,BUILDING_KILL
0.0,TOWER_BUILDING,1560457,7587519080,4.0,MID_LANE,11134.0,11207.0,200.0,1558387,BASE_TURRET,BUILDING_KILL
0.0,INHIBITOR_BUILDING,1620476,7587519080,4.0,MID_LANE,11593.0,11669.0,200.0,1562728,,BUILDING_KILL
0.0,TOWER_BUILDING,1620476,7587519080,4.0,TOP_LANE,10481.0,13650.0,200.0,1567116,BASE_TURRET,BUILDING_KILL
0.0,INHIBITOR_BUILDING,1620476,7587519080,4.0,TOP_LANE,11275.0,13663.0,200.0,1572525,,BUILDING_KILL
0.0,INHIBITOR_BUILDING,1620476,7587519080,2.0,BOT_LANE,13594.0,11319.0,200.0,1603773,,BUILDING_KILL
0.0,TOWER_BUILDING,1658417,7587519080,1.0,MID_LANE,12611.0,13084.0,200.0,1623883,NEXUS_TURRET,BUILDING_KILL
0.0,TOWER_BUILDING,1658417,7587519080,1.0,MID_LANE,13052.0,12612.0,200.0,1643658,NEXUS_TURRET,BUILDING_KILL
0.0,TOWER_BUILDING,780325,7587465244,5.0,TOP_LANE,4318.0,13875.0,200.0,753261,OUTER_TURRET,BUILDING_KILL
0.0,TOWER_BUILDING,900386,7587465244,1.0,BOT_LANE,13866.0,4505.0,200.0,890074,OUTER_TURRET,BUILDING_KILL
0.0,TOWER_BUILDING,960400,7587465244,4.0,MID_LANE,8955.0,8510.0,200.0,946294,OUTER_TURRET,BUILDING_KILL
0.0,TOWER_BUILDING,960400,7587465244,3.0,TOP_LANE,7943.0,13411.0,200.0,947630,INNER_TURRET,BUILDING_KILL
0.0,TOWER_BUILDING,960400,7587465244,9.0,BOT_LANE,10504.0,1029.0,100.0,947630,OUTER_TURRET,BUILDING_KILL
0.0,TOWER_BUILDING,1080450,7587465244,1.0,BOT_LANE,13327.0,8226.0,200.0,1070794,INNER_TURRET,BUILDING_KILL
0.0,TOWER_BUILDING,1140468,7587465244,7.0,MID_LANE,5846.0,6396.0,100.0,1081539,OUTER_TURRET,BUILDING_KILL
0.0,TOWER_BUILDING,1140468,7587465244,6.0,MID_LANE,5048.0,4812.0,100.0,1091493,INNER_TURRET,BUILDING_KILL
0.0,TOWER_BUILDING,1140468,7587465244,10.0,MID_LANE,3651.0,3696.0,100.0,1102361,BASE_TURRET,BUILDING_KILL
0.0,TOWER_BUILDING,1740584,7587465244,9.0,TOP_LANE,981.0,10441.0,100.0,1729266,OUTER_TURRET,BUILDING_KILL
0.0,TOWER_BUILDING,1800611,7587465244,7.0,TOP_LANE,1512.0,6699.0,100.0,1744292,INNER_TURRET,BUILDING_KILL
0.0,TOWER_BUILDING,1800611,7587465244,1.0,BOT_LANE,13624.0,10572.0,200.0,1770918,BASE_TURRET,BUILDING_KILL
0.0,TOWER_BUILDING,1980649,7587465244,4.0,MID_LANE,9767.0,10113.0,200.0,1928898,INNER_TURRET,BUILDING_KILL
0.0,TOWER_BUILDING,1980649,7587465244,3.0,MID_LANE,11134.0,11207.0,200.0,1933926,BASE_TURRET,BUILDING_KILL
0.0,INHIBITOR_BUILDING,1980649,7587465244,4.0,MID_LANE,11593.0,11669.0,200.0,1937099,,BUILDING_KILL
0.0,INHIBITOR_BUILDING,2040672,7587465244,2.0,BOT_LANE,13594.0,11319.0,200.0,2018910,,BUILDING_KILL
0.0,INHIBITOR_BUILDING,2280755,7587465244,9.0,MID_LANE,3210.0,3217.0,100.0,2274009,,BUILDING_KILL
0.0,TOWER_BUILDING,2340776,7587465244,0.0,MID_LANE,13052.0,12612.0,200.0,2318100,NEXUS_TURRET,BUILDING_KILL
0.0,INHIBITOR_BUILDING,2460826,7587465244,5.0,MID_LANE,11593.0,11669.0,200.0,2411730,,BUILDING_KILL
0.0,INHIBITOR_BUILDING,2460826,7587465244,1.0,BOT_LANE,13594.0,11319.0,200.0,2422007,,BUILDING_KILL
0.0,TOWER_BUILDING,2520851,7587465244,2.0,MID_LANE,12611.0,13084.0,200.0,2510966,NEXUS_TURRET,BUILDING_KILL
0.0,TOWER_BUILDING,2520851,7587465244,1.0,MID_LANE,13052.0,12612.0,200.0,2513504,NEXUS_TURRET,BUILDING_KILL
0.0,TOWER_BUILDING,1020383,7585891806,8.0,MID_LANE,5846.0,6396.0,100.0,977647,OUTER_TURRET,BUILDING_KILL
0.0,TOWER_BUILDING,1020383,7585891806,1.0,TOP_LANE,4318.0,13875.0,200.0,989404,OUTER_TURRET,BUILDING_KILL
0.0,TOWER_BUILDING,1020383,7585891806,8.0,BOT_LANE,10504.0,1029.0,100.0,1012899,OUTER_TURRET,BUILDING_KILL
0.0,TOWER_BUILDING,1080415,7585891806,4.0,MID_LANE,8955.0,8510.0,200.0,1063406,OUTER_TURRET,BUILDING_KILL
0.0,TOWER_BUILDING,1080415,7585891806,1.0,BOT_LANE,13866.0,4505.0,200.0,1076775,OUTER_TURRET,BUILDING_KILL
0.0,TOWER_BUILDING,1200424,7585891806,8.0,TOP_LANE,981.0,10441.0,100.0,1191340,OUTER_TURRET,BUILDING_KILL
0.0,TOWER_BUILDING,1320441,7585891806,2.0,MID_LANE,9767.0,10113.0,200.0,1286156,INNER_TURRET,BUILDING_KILL
0.0,TOWER_BUILDING,1440497,7585891806,8.0,MID_LANE,5048.0,4812.0,100.0,1430003,INNER_TURRET,BUILDING_KILL
0.0,TOWER_BUILDING,1680570,7585891806,6.0,BOT_LANE,6919.0,1483.0,100.0,1668914,INNER_TURRET,BUILDING_KILL
0.0,TOWER_BUILDING,1740574,7585891806,6.0,BOT_LANE,4281.0,1253.0,100.0,1715492,BASE_TURRET,BUILDING_KILL
0.0,INHIBITOR_BUILDING,1800599,7585891806,6.0,BOT_LANE,3468.0,1230.0,100.0,1777333,,BUILDING_KILL
0.0,TOWER_BUILDING,1800599,7585891806,9.0,MID_LANE,3651.0,3696.0,100.0,1778468,BASE_TURRET,BUILDING_KILL
0.0,INHIBITOR_BUILDING,1800599,7585891806,9.0,MID_LANE,3210.0,3217.0,100.0,1795856,,BUILDING_KILL
0.0,TOWER_BUILDING,1915640,7585891806,6.0,MID_LANE,1748.0,2270.0,100.0,1894979,NEXUS_TURRET,BUILDING_KILL
0.0,TOWER_BUILDING,1915640,7585891806,6.0,MID_LANE,2177.0,1807.0,100.0,1895581,NEXUS_TURRET,BUILDING_KILL
0.0,TOWER_BUILDING,840286,7585729966,10.0,BOT_LANE,10504.0,1029.0,100.0,839384,OUTER_TURRET,BUILDING_KILL
0.0,TOWER_BUILDING,900300,7585729966,1.0,TOP_LANE,4318.0,13875.0,200.0,840992,OUTER_TURRET,BUILDING_KILL
0.0,TOWER_BUILDING,900300,7585729966,4.0,MID_LANE,8955.0,8510.0,200.0,846350,OUTER_TURRET,BUILDING_KILL
0.0,TOWER_BUILDING,1380422,7585729966,7.0,TOP_LANE,981.0,10441.0,100.0,1369228,OUTER_TURRET,BUILDING_KILL
0.0,TOWER_BUILDING,1440426,7585729966,4.0,BOT_LANE,13866.0,4505.0,200.0,1394132,OUTER_TURRET,BUILDING_KILL
0.0,TOWER_BUILDING,1440426,7585729966,9.0,MID_LANE,5846.0,6396.0,100.0,1409881,OUTER_TURRET,BUILDING_KILL
0.0,TOWER_BUILDING,1680483,7585729966,6.0,TOP_LANE,1512.0,6699.0,100.0,1640013,INNER_TURRET,BUILDING_KILL
0.0,TOWER_BUILDING,1680483,7585729966,8.0,BOT_LANE,6919.0,1483.0,100.0,1649540,INNER_TURRET,BUILDING_KILL
0.0,TOWER_BUILDING,1740503,7585729966,5.0,MID_LANE,9767.0,10113.0,200.0,1691161,INNER_TURRET,BUILDING_KILL
0.0,TOWER_BUILDING,1800513,7585729966,6.0,MID_LANE,5048.0,4812.0,100.0,1777949,INNER_TURRET,BUILDING_KILL
0.0,TOWER_BUILDING,1800513,7585729966,9.0,MID_LANE,3651.0,3696.0,100.0,1785873,BASE_TURRET,BUILDING_KILL
0.0,INHIBITOR_BUILDING,1800513,7585729966,8.0,MID_LANE,3210.0,3217.0,100.0,1789364,,BUILDING_KILL
0.0,TOWER_BUILDING,1815525,7585729966,7.0,MID_LANE,2177.0,1807.0,100.0,1801318,NEXUS_TURRET,BUILDING_KILL
0.0,TOWER_BUILDING,1815525,7585729966,9.0,MID_LANE,1748.0,2270.0,100.0,1802187,NEXUS_TURRET,BUILDING_KILL
0.0,TOWER_BUILDING,720295,7587539185,9.0,BOT_LANE,10504.0,1029.0,100.0,687260,OUTER_TURRET,BUILDING_KILL
0.0,TOWER_BUILDING,900344,7587539185,8.0,TOP_LANE,981.0,10441.0,100.0,851041,OUTER_TURRET,BUILDING_KILL
0.0,TOWER_BUILDING,960346,7587539185,9.0,MID_LANE,5846.0,6396.0,100.0,904118,OUTER_TURRET,BUILDING_KILL
0.0,TOWER_BUILDING,1020362,7587539185,3.0,TOP_LANE,4318.0,13875.0,200.0,960526,OUTER_TURRET,BUILDING_KILL
0.0,TOWER_BUILDING,1020362,7587539185,1.0,BOT_LANE,13866.0,4505.0,200.0,994808,OUTER_TURRET,BUILDING_KILL
0.0,TOWER_BUILDING,1140405,7587539185,7.0,MID_LANE,5048.0,4812.0,100.0,1083125,INNER_TURRET,BUILDING_KILL
0.0,TOWER_BUILDING,1500499,7587539185,4.0,MID_LANE,8955.0,8510.0,200.0,1472467,OUTER_TURRET,BUILDING_KILL
0.0,TOWER_BUILDING,1740590,7587539185,6.0,BOT_LANE,6919.0,1483.0,100.0,1718666,INNER_TURRET,BUILDING_KILL
0.0,TOWER_BUILDING,1800609,7587539185,4.0,MID_LANE,9767.0,10113.0,200.0,1779639,INNER_TURRET,BUILDING_KILL
0.0,TOWER_BUILDING,1920657,7587539185,5.0,BOT_LANE,13327.0,8226.0,200.0,1890726,INNER_TURRET,BUILDING_KILL
0.0,TOWER_BUILDING,780331,7587437967,3.0,MID_LANE,8955.0,8510.0,200.0,776291,OUTER_TURRET,BUILDING_KILL
0.0,TOWER_BUILDING,900358,7587437967,2.0,TOP_LANE,4318.0,13875.0,200.0,841960,OUTER_TURRET,BUILDING_KILL
0.0,TOWER_BUILDING,900358,7587437967,3.0,BOT_LANE,13866.0,4505.0,200.0,863182,OUTER_TURRET,BUILDING_KILL
0.0,TOWER_BUILDING,1020382,7587437967,1.0,TOP_LANE,7943.0,13411.0,200.0,970212,INNER_TURRET,BUILDING_KILL
150.0,TOWER_BUILDING,1080388,7587437967,6.0,BOT_LANE,10504.0,1029.0,100.0,1059446,OUTER_TURRET,BUILDING_KILL
0.0,TOWER_BUILDING,1200444,7587437967,3.0,MID_LANE,9767.0,10113.0,200.0,1169903,INNER_TURRET,BUILDING_KILL
0.0,TOWER_BUILDING,1260460,7587437967,5.0,MID_LANE,11134.0,11207.0,200.0,1220807,BASE_TURRET,BUILDING_KILL
0.0,INHIBITOR_BUILDING,1260460,7587437967,4.0,MID_LANE,11593.0,11669.0,200.0,1235739,,BUILDING_KILL
0.0,TOWER_BUILDING,1260460,7587437967,1.0,TOP_LANE,10481.0,13650.0,200.0,1245248,BASE_TURRET,BUILDING_KILL
0.0,TOWER_BUILDING,840337,7586295525,9.0,BOT_LANE,10504.0,1029.0,100.0,797304,OUTER_TURRET,BUILDING_KILL
0.0,TOWER_BUILDING,900345,7586295525,9.0,MID_LANE,5846.0,6396.0,100.0,847737,OUTER_TURRET,BUILDING_KILL
0.0,TOWER_BUILDING,900345,7586295525,8.0,TOP_LANE,981.0,10441.0,100.0,889393,OUTER_TURRET,BUILDING_KILL
0.0,TOWER_BUILDING,660274,7586446625,4.0,BOT_LANE,13866.0,4505.0,200.0,634556,OUTER_TURRET,BUILDING_KILL
0.0,TOWER_BUILDING,900330,7586446625,4.0,MID_LANE,8955.0,8510.0,200.0,874098,OUTER_TURRET,BUILDING_KILL
0.0,TOWER_BUILDING,928029,7586446625,3.0,TOP_LANE,4318.0,13875.0,200.0,922218,OUTER_TURRET,BUILDING_KILL
0.0,TOWER_BUILDING,900313,7587554513,9.0,BOT_LANE,10504.0,1029.0,100.0,853716,OUTER_TURRET,BUILDING_KILL
0.0,TOWER_BUILDING,900313,7587554513,8.0,MID_LANE,5846.0,6396.0,100.0,859427,OUTER_TURRET,BUILDING_KILL
0.0,TOWER_BUILDING,960318,7587554513,1.0,TOP_LANE,4318.0,13875.0,200.0,934333,OUTER_TURRET,BUILDING_KILL
0.0,TOWER_BUILDING,1080342,7587554513,9.0,MID_LANE,5048.0,4812.0,100.0,1077304,INNER_TURRET,BUILDING_KILL
0.0,TOWER_BUILDING,1260418,7587554513,8.0,BOT_LANE,6919.0,1483.0,100.0,1255963,INNER_TURRET,BUILDING_KILL
300.0,TOWER_BUILDING,1320448,7587554513,1.0,BOT_LANE,13866.0,4505.0,200.0,1307257,OUTER_TURRET,BUILDING_KILL
0.0,TOWER_BUILDING,1320448,7587554513,8.0,TOP_LANE,981.0,10441.0,100.0,1316775,OUTER_TURRET,BUILDING_KILL
0.0,TOWER_BUILDING,1440493,7587554513,6.0,TOP_LANE,1512.0,6699.0,100.0,1431871,INNER_TURRET,BUILDING_KILL
0.0,TOWER_BUILDING,1500521,7587554513,9.0,MID_LANE,3651.0,3696.0,100.0,1478069,BASE_TURRET,BUILDING_KILL
0.0,INHIBITOR_BUILDING,1500521,7587554513,9.0,MID_LANE,3210.0,3217.0,100.0,1486266,,BUILDING_KILL
0.0,TOWER_BUILDING,1500521,7587554513,9.0,MID_LANE,1748.0,2270.0,100.0,1496967,NEXUS_TURRET,BUILDING_KILL
0.0,TOWER_BUILDING,1500521,7587554513,6.0,MID_LANE,2177.0,1807.0,100.0,1498069,NEXUS_TURRET,BUILDING_KILL
0.0,TOWER_BUILDING,900260,7587265197,8.0,TOP_LANE,981.0,10441.0,100.0,861369,OUTER_TURRET,BUILDING_KILL
0.0,TOWER_BUILDING,900260,7587265197,4.0,BOT_LANE,13866.0,4505.0,200.0,879151,OUTER_TURRET,BUILDING_KILL
0.0,TOWER_BUILDING,1080308,7587265197,3.0,MID_LANE,8955.0,8510.0,200.0,1034507,OUTER_TURRET,BUILDING_KILL
0.0,TOWER_BUILDING,1140329,7587265197,6.0,MID_LANE,5846.0,6396.0,100.0,1130422,OUTER_TURRET,BUILDING_KILL
0.0,TOWER_BUILDING,1260350,7587265197,1.0,MID_LANE,9767.0,10113.0,200.0,1213680,INNER_TURRET,BUILDING_KILL
0.0,TOWER_BUILDING,1260350,7587265197,4.0,MID_LANE,11134.0,11207.0,200.0,1223646,BASE_TURRET,BUILDING_KILL
0.0,INHIBITOR_BUILDING,1260350,7587265197,2.0,MID_LANE,11593.0,11669.0,200.0,1229858,,BUILDING_KILL
0.0,TOWER_BUILDING,1320370,7587265197,1.0,BOT_LANE,13327.0,8226.0,200.0,1303671,INNER_TURRET,BUILDING_KILL
0.0,TOWER_BUILDING,1380373,7587265197,4.0,BOT_LANE,13624.0,10572.0,200.0,1321204,BASE_TURRET,BUILDING_KILL
0.0,INHIBITOR_BUILDING,1380373,7587265197,4.0,BOT_LANE,13594.0,11319.0,200.0,1325792,,BUILDING_KILL
0.0,TOWER_BUILDING,1440404,7587265197,4.0,TOP_LANE,4318.0,13875.0,200.0,1396683,OUTER_TURRET,BUILDING_KILL
0.0,TOWER_BUILDING,1500427,7587265197,1.0,MID_LANE,13052.0,12612.0,200.0,1468127,NEXUS_TURRET,BUILDING_KILL
0.0,TOWER_BUILDING,1527716,7587265197,3.0,MID_LANE,12611.0,13084.0,200.0,1502898,NEXUS_TURRET,BUILDING_KILL
0.0,TOWER_BUILDING,660220,7586011960,4.0,BOT_LANE,13866.0,4505.0,200.0,624414,OUTER_TURRET,BUILDING_KILL
0.0,TOWER_BUILDING,840285,7586011960,4.0,TOP_LANE,4318.0,13875.0,200.0,781132,OUTER_TURRET,BUILDING_KILL
0.0,TOWER_BUILDING,840285,7586011960,5.0,MID_LANE,8955.0,8510.0,200.0,818878,OUTER_TURRET,BUILDING_KILL
0.0,TOWER_BUILDING,900304,7586011960,5.0,MID_LANE,9767.0,10113.0,200.0,846447,INNER_TURRET,BUILDING_KILL
0.0,TOWER_BUILDING,900304,7586011960,4.0,MID_LANE,11134.0,11207.0,200.0,885998,BASE_TURRET,BUILDING_KILL
0.0,TOWER_BUILDING,919714,7586011960,4.0,TOP_LANE,7943.0,13411.0,200.0,910492,INNER_TURRET,BUILDING_KILL
0.0,TOWER_BUILDING,900324,7586853075,1.0,TOP_LANE,4318.0,13875.0,200.0,840689,OUTER_TURRET,BUILDING_KILL
0.0,TOWER_BUILDING,1080386,7586853075,1.0,BOT_LANE,13866.0,4505.0,200.0,1060368,OUTER_TURRET,BUILDING_KILL
0.0,TOWER_BUILDING,1140391,7586853075,9.0,BOT_LANE,10504.0,1029.0,100.0,1102355,OUTER_TURRET,BUILDING_KILL
0.0,TOWER_BUILDING,1140391,7586853075,2.0,MID_LANE,8955.0,8510.0,200.0,1114819,OUTER_TURRET,BUILDING_KILL
0.0,TOWER_BUILDING,1260418,7586853075,9.0,TOP_LANE,981.0,10441.0,100.0,1223101,OUTER_TURRET,BUILDING_KILL
0.0,TOWER_BUILDING,1380467,7586853075,4.0,MID_LANE,9767.0,10113.0,200.0,1361452,INNER_TURRET,BUILDING_KILL
0.0,TOWER_BUILDING,1500518,7586853075,3.0,BOT_LANE,13327.0,8226.0,200.0,1477188,INNER_TURRET,BUILDING_KILL
0.0,TOWER_BUILDING,1560536,7586853075,9.0,MID_LANE,5846.0,6396.0,100.0,1513712,OUTER_TURRET,BUILDING_KILL
0.0,TOWER_BUILDING,1620559,7586853075,1.0,MID_LANE,11134.0,11207.0,200.0,1584015,BASE_TURRET,BUILDING_KILL
0.0,INHIBITOR_BUILDING,1620559,7586853075,3.0,MID_LANE,11593.0,11669.0,200.0,1589025,,BUILDING_KILL
0.0,TOWER_BUILDING,1620559,7586853075,1.0,MID_LANE,13052.0,12612.0,200.0,1598528,NEXUS_TURRET,BUILDING_KILL
0.0,TOWER_BUILDING,2040700,7586853075,0.0,BOT_LANE,13624.0,10572.0,200.0,2014037,BASE_TURRET,BUILDING_KILL
0.0,INHIBITOR_BUILDING,2040700,7586853075,3.0,BOT_LANE,13594.0,11319.0,200.0,2025210,,BUILDING_KILL
0.0,TOWER_BUILDING,2100717,7586853075,4.0,MID_LANE,13052.0,12612.0,200.0,2048427,NEXUS_TURRET,BUILDING_KILL
0.0,INHIBITOR_BUILDING,2100717,7586853075,4.0,MID_LANE,11593.0,11669.0,200.0,2052692,,BUILDING_KILL
0.0,TOWER_BUILDING,2108333,7586853075,4.0,MID_LANE,12611.0,13084.0,200.0,2104325,NEXUS_TURRET,BUILDING_KILL
0.0,TOWER_BUILDING,900298,7585880823,1.0,TOP_LANE,4318.0,13875.0,200.0,873921,OUTER_TURRET,BUILDING_KILL
0.0,TOWER_BUILDING,1020335,7585880823,8.0,BOT_LANE,10504.0,1029.0,100.0,982540,OUTER_TURRET,BUILDING_KILL
0.0,TOWER_BUILDING,1080359,7585880823,4.0,MID_LANE,8955.0,8510.0,200.0,1062478,OUTER_TURRET,BUILDING_KILL
0.0,TOWER_BUILDING,1200395,7585880823,3.0,MID_LANE,9767.0,10113.0,200.0,1185528,INNER_TURRET,BUILDING_KILL
0.0,TOWER_BUILDING,1200395,7585880823,4.0,MID_LANE,11134.0,11207.0,200.0,1200095,BASE_TURRET,BUILDING_KILL
0.0,TOWER_BUILDING,1380416,7585880823,9.0,MID_LANE,5846.0,6396.0,100.0,1329602,OUTER_TURRET,BUILDING_KILL
0.0,TOWER_BUILDING,1560428,7585880823,1.0,TOP_LANE,7943.0,13411.0,200.0,1524569,INNER_TURRET,BUILDING_KILL
0.0,TOWER_BUILDING,1620457,7585880823,0.0,TOP_LANE,981.0,10441.0,100.0,1608396,OUTER_TURRET,BUILDING_KILL
0.0,TOWER_BUILDING,1680483,7585880823,8.0,BOT_LANE,6919.0,1483.0,100.0,1666428,INNER_TURRET,BUILDING_KILL
0.0,TOWER_BUILDING,1740495,7585880823,8.0,BOT_LANE,4281.0,1253.0,100.0,1690923,BASE_TURRET,BUILDING_KILL
0.0,INHIBITOR_BUILDING,1740495,7585880823,4.0,MID_LANE,11593.0,11669.0,200.0,1736330,,BUILDING_KILL
0.0,TOWER_BUILDING,1740495,7585880823,1.0,TOP_LANE,10481.0,13650.0,200.0,1739102,BASE_TURRET,BUILDING_KILL
0.0,INHIBITOR_BUILDING,1800519,7585880823,1.0,TOP_LANE,11275.0,13663.0,200.0,1744938,,BUILDING_KILL
0.0,TOWER_BUILDING,1800519,7585880823,1.0,MID_LANE,12611.0,13084.0,200.0,1772782,NEXUS_TURRET,BUILDING_KILL
0.0,TOWER_BUILDING,1860541,7585880823,1.0,BOT_LANE,13866.0,4505.0,200.0,1856333,OUTER_TURRET,BUILDING_KILL
0.0,TOWER_BUILDING,1920548,7585880823,1.0,BOT_LANE,13327.0,8226.0,200.0,1880185,INNER_TURRET,BUILDING_KILL
0.0,TOWER_BUILDING,2040581,7585880823,0.0,MID_LANE,5048.0,4812.0,100.0,1998694,INNER_TURRET,BUILDING_KILL
0.0,TOWER_BUILDING,2087578,7585880823,8.0,MID_LANE,3651.0,3696.0,100.0,2083103,BASE_TURRET,BUILDING_KILL
0.0,TOWER_BUILDING,720296,7586392142,1.0,TOP_LANE,4318.0,13875.0,200.0,706433,OUTER_TURRET,BUILDING_KILL
0.0,TOWER_BUILDING,900370,7586392142,6.0,BOT_LANE,10504.0,1029.0,100.0,854308,OUTER_TURRET,BUILDING_KILL
0.0,TOWER_BUILDING,1080396,7586392142,9.0,MID_LANE,5846.0,6396.0,100.0,1036459,OUTER_TURRET,BUILDING_KILL
0.0,TOWER_BUILDING,1080396,7586392142,6.0,BOT_LANE,6919.0,1483.0,100.0,1054155,INNER_TURRET,BUILDING_KILL
0.0,TOWER_BUILDING,1080396,7586392142,9.0,MID_LANE,5048.0,4812.0,100.0,1064331,INNER_TURRET,BUILDING_KILL
0.0,TOWER_BUILDING,1260421,7586392142,8.0,TOP_LANE,981.0,10441.0,100.0,1205254,OUTER_TURRET,BUILDING_KILL
250.0,TOWER_BUILDING,1260421,7586392142,4.0,MID_LANE,8955.0,8510.0,200.0,1214903,OUTER_TURRET,BUILDING_KILL
0.0,TOWER_BUILDING,1320449,7586392142,9.0,MID_LANE,3651.0,3696.0,100.0,1268371,BASE_TURRET,BUILDING_KILL
0.0,INHIBITOR_BUILDING,1380466,7586392142,9.0,MID_LANE,3210.0,3217.0,100.0,1354988,,BUILDING_KILL
0.0,TOWER_BUILDING,1380466,7586392142,9.0,MID_LANE,2177.0,1807.0,100.0,1377670,NEXUS_TURRET,BUILDING_KILL
0.0,TOWER_BUILDING,1440491,7586392142,8.0,BOT_LANE,4281.0,1253.0,100.0,1390492,BASE_TURRET,BUILDING_KILL
0.0,INHIBITOR_BUILDING,1440491,7586392142,10.0,BOT_LANE,3468.0,1230.0,100.0,1407700,,BUILDING_KILL
0.0,TOWER_BUILDING,1440491,7586392142,8.0,MID_LANE,1748.0,2270.0,100.0,1416114,NEXUS_TURRET,BUILDING_KILL
0.0,TOWER_BUILDING,960335,7587626641,6.0,MID_LANE,5846.0,6396.0,100.0,920394,OUTER_TURRET,BUILDING_KILL
0.0,TOWER_BUILDING,1020351,7587626641,6.0,TOP_LANE,981.0,10441.0,100.0,961938,OUTER_TURRET,BUILDING_KILL
0.0,TOWER_BUILDING,1080384,7587626641,1.0,BOT_LANE,13866.0,4505.0,200.0,1036659,OUTER_TURRET,BUILDING_KILL
0.0,TOWER_BUILDING,1140408,7587626641,6.0,BOT_LANE,10504.0,1029.0,100.0,1138352,OUTER_TURRET,BUILDING_KILL
0.0,TOWER_BUILDING,1200437,7587626641,2.0,MID_LANE,8955.0,8510.0,200.0,1176502,OUTER_TURRET,BUILDING_KILL
0.0,TOWER_BUILDING,1260461,7587626641,3.0,TOP_LANE,4318.0,13875.0,200.0,1200511,OUTER_TURRET,BUILDING_KILL
0.0,TOWER_BUILDING,1320472,7587626641,9.0,MID_LANE,5048.0,4812.0,100.0,1296835,INNER_TURRET,BUILDING_KILL
0.0,TOWER_BUILDING,1320472,7587626641,3.0,BOT_LANE,13327.0,8226.0,200.0,1298170,INNER_TURRET,BUILDING_KILL
0.0,TOWER_BUILDING,1500499,7587626641,3.0,MID_LANE,9767.0,10113.0,200.0,1480430,INNER_TURRET,BUILDING_KILL
0.0,TOWER_BUILDING,1500499,7587626641,4.0,MID_LANE,11134.0,11207.0,200.0,1490027,BASE_TURRET,BUILDING_KILL
0.0,INHIBITOR_BUILDING,1500499,7587626641,3.0,MID_LANE,11593.0,11669.0,200.0,1493567,,BUILDING_KILL
0.0,TOWER_BUILDING,1513056,7587626641,4.0,MID_LANE,13052.0,12612.0,200.0,1500733,NEXUS_TURRET,BUILDING_KILL
0.0,TOWER_BUILDING,1513056,7587626641,3.0,MID_LANE,12611.0,13084.0,200.0,1504640,NEXUS_TURRET,BUILDING_KILL
0.0,TOWER_BUILDING,840295,7586182014,1.0,TOP_LANE,4318.0,13875.0,200.0,801333,OUTER_TURRET,BUILDING_KILL
0.0,TOWER_BUILDING,900305,7586182014,4.0,MID_LANE,8955.0,8510.0,200.0,883101,OUTER_TURRET,BUILDING_KILL
0.0,TOWER_BUILDING,1080358,7586182014,6.0,BOT_LANE,10504.0,1029.0,100.0,1024859,OUTER_TURRET,BUILDING_KILL
0.0,TOWER_BUILDING,1140361,7586182014,2.0,MID_LANE,9767.0,10113.0,200.0,1115531,INNER_TURRET,BUILDING_KILL
0.0,TOWER_BUILDING,1200374,7586182014,3.0,TOP_LANE,7943.0,13411.0,200.0,1152624,INNER_TURRET,BUILDING_KILL
0.0,TOWER_BUILDING,1200374,7586182014,10.0,MID_LANE,5846.0,6396.0,100.0,1161542,OUTER_TURRET,BUILDING_KILL
0.0,TOWER_BUILDING,1260407,7586182014,1.0,BOT_LANE,13866.0,4505.0,200.0,1223834,OUTER_TURRET,BUILDING_KILL
0.0,TOWER_BUILDING,1380441,7586182014,4.0,BOT_LANE,13327.0,8226.0,200.0,1346138,INNER_TURRET,BUILDING_KILL
0.0,TOWER_BUILDING,1380441,7586182014,4.0,BOT_LANE,13624.0,10572.0,200.0,1358701,BASE_TURRET,BUILDING_KILL
0.0,INHIBITOR_BUILDING,1380441,7586182014,4.0,BOT_LANE,13594.0,11319.0,200.0,1365098,,BUILDING_KILL
0.0,TOWER_BUILDING,1500483,7586182014,1.0,MID_LANE,13052.0,12612.0,200.0,1496539,NEXUS_TURRET,BUILDING_KILL
0.0,TOWER_BUILDING,1511072,7586182014,1.0,MID_LANE,12611.0,13084.0,200.0,1502153,NEXUS_TURRET,BUILDING_KILL
0.0,TOWER_BUILDING,840321,7587437774,3.0,MID_LANE,8955.0,8510.0,200.0,803506,OUTER_TURRET,BUILDING_KILL
0.0,TOWER_BUILDING,840321,7587437774,9.0,BOT_LANE,10504.0,1029.0,100.0,812623,OUTER_TURRET,BUILDING_KILL
0.0,TOWER_BUILDING,900334,7587437774,3.0,BOT_LANE,13866.0,4505.0,200.0,891967,OUTER_TURRET,BUILDING_KILL
0.0,TOWER_BUILDING,960343,7587437774,3.0,BOT_LANE,13327.0,8226.0,200.0,920455,INNER_TURRET,BUILDING_KILL
0.0,TOWER_BUILDING,960343,7587437774,10.0,TOP_LANE,981.0,10441.0,100.0,922158,OUTER_TURRET,BUILDING_KILL
0.0,TOWER_BUILDING,1020362,7587437774,1.0,TOP_LANE,4318.0,13875.0,200.0,994602,OUTER_TURRET,BUILDING_KILL
0.0,TOWER_BUILDING,780349,7587435488,8.0,MID_LANE,5846.0,6396.0,100.0,769117,OUTER_TURRET,BUILDING_KILL
0.0,TOWER_BUILDING,960389,7587435488,8.0,BOT_LANE,10504.0,1029.0,100.0,923555,OUTER_TURRET,BUILDING_KILL
0.0,TOWER_BUILDING,1080413,7587435488,3.0,BOT_LANE,13866.0,4505.0,200.0,1027744,OUTER_TURRET,BUILDING_KILL
0.0,TOWER_BUILDING,1080413,7587435488,8.0,TOP_LANE,981.0,10441.0,100.0,1045250,OUTER_TURRET,BUILDING_KILL
0.0,TOWER_BUILDING,1080413,7587435488,3.0,BOT_LANE,13327.0,8226.0,200.0,1065211,INNER_TURRET,BUILDING_KILL
0.0,TOWER_BUILDING,1320468,7587435488,2.0,MID_LANE,8955.0,8510.0,200.0,1284578,OUTER_TURRET,BUILDING_KILL
0.0,TOWER_BUILDING,1440485,7587435488,9.0,TOP_LANE,1512.0,6699.0,100.0,1382144,INNER_TURRET,BUILDING_KILL
0.0,TOWER_BUILDING,1440485,7587435488,6.0,TOP_LANE,1169.0,4287.0,100.0,1394671,BASE_TURRET,BUILDING_KILL
0.0,INHIBITOR_BUILDING,1500506,7587435488,7.0,TOP_LANE,1172.0,3583.0,100.0,1445528,,BUILDING_KILL
0.0,TOWER_BUILDING,1500506,7587435488,8.0,MID_LANE,1748.0,2270.0,100.0,1456719,NEXUS_TURRET,BUILDING_KILL
0.0,TOWER_BUILDING,1620541,7587435488,2.0,MID_LANE,9767.0,10113.0,200.0,1578650,INNER_TURRET,BUILDING_KILL
0.0,TOWER_BUILDING,1680564,7587435488,10.0,MID_LANE,5048.0,4812.0,100.0,1654620,INNER_TURRET,BUILDING_KILL
0.0,TOWER_BUILDING,1740581,7587435488,4.0,MID_LANE,11134.0,11207.0,200.0,1714924,BASE_TURRET,BUILDING_KILL
0.0,INHIBITOR_BUILDING,1740581,7587435488,5.0,MID_LANE,11593.0,11669.0,200.0,1720669,,BUILDING_KILL
0.0,TOWER_BUILDING,1740581,7587435488,1.0,MID_LANE,13052.0,12612.0,200.0,1729441,NEXUS_TURRET,BUILDING_KILL
0.0,TOWER_BUILDING,1860622,7587435488,8.0,MID_LANE,3651.0,3696.0,100.0,1841427,BASE_TURRET,BUILDING_KILL
0.0,INHIBITOR_BUILDING,1860622,7587435488,9.0,MID_LANE,3210.0,3217.0,100.0,1847479,,BUILDING_KILL
0.0,TOWER_BUILDING,1886627,7587435488,1.0,MID_LANE,12611.0,13084.0,200.0,1860756,NEXUS_TURRET,BUILDING_KILL
0.0,TOWER_BUILDING,1886627,7587435488,9.0,MID_LANE,2177.0,1807.0,100.0,1882419,NEXUS_TURRET,BUILDING_KILL
0.0,TOWER_BUILDING,840361,7586236271,4.0,TOP_LANE,4318.0,13875.0,200.0,801446,OUTER_TURRET,BUILDING_KILL
0.0,TOWER_BUILDING,960419,7586236271,6.0,TOP_LANE,981.0,10441.0,100.0,922139,OUTER_TURRET,BUILDING_KILL
0.0,TOWER_BUILDING,1020424,7586236271,3.0,BOT_LANE,13866.0,4505.0,200.0,975262,OUTER_TURRET,BUILDING_KILL
0.0,TOWER_BUILDING,1020424,7586236271,3.0,BOT_LANE,13327.0,8226.0,200.0,1008522,INNER_TURRET,BUILDING_KILL
0.0,TOWER_BUILDING,1140455,7586236271,1.0,MID_LANE,8955.0,8510.0,200.0,1087105,OUTER_TURRET,BUILDING_KILL
0.0,TOWER_BUILDING,1260467,7586236271,6.0,MID_LANE,5846.0,6396.0,100.0,1216778,OUTER_TURRET,BUILDING_KILL
0.0,TOWER_BUILDING,1320478,7586236271,2.0,MID_LANE,9767.0,10113.0,200.0,1281679,INNER_TURRET,BUILDING_KILL
0.0,TOWER_BUILDING,1320478,7586236271,2.0,MID_LANE,11134.0,11207.0,200.0,1304868,BASE_TURRET,BUILDING_KILL
0.0,TOWER_BUILDING,1320478,7586236271,1.0,BOT_LANE,13624.0,10572.0,200.0,1309143,BASE_TURRET,BUILDING_KILL
0.0,INHIBITOR_BUILDING,1320478,7586236271,4.0,MID_LANE,11593.0,11669.0,200.0,1318340,,BUILDING_KILL
0.0,INHIBITOR_BUILDING,1380479,7586236271,1.0,BOT_LANE,13594.0,11319.0,200.0,1321680,,BUILDING_KILL
0.0,TOWER_BUILDING,1500502,7586236271,6.0,TOP_LANE,1512.0,6699.0,100.0,1447276,INNER_TURRET,BUILDING_KILL
0.0,TOWER_BUILDING,1500502,7586236271,9.0,MID_LANE,5048.0,4812.0,100.0,1458272,INNER_TURRET,BUILDING_KILL
0.0,TOWER_BUILDING,1560509,7586236271,1.0,TOP_LANE,7943.0,13411.0,200.0,1539992,INNER_TURRET,BUILDING_KILL
0.0,TOWER_BUILDING,720289,7585736416,1.0,TOP_LANE,4318.0,13875.0,200.0,685961,OUTER_TURRET,BUILDING_KILL
0.0,TOWER_BUILDING,900353,7585736416,1.0,TOP_LANE,7943.0,13411.0,200.0,849144,INNER_TURRET,BUILDING_KILL
150.0,TOWER_BUILDING,900353,7585736416,9.0,MID_LANE,5846.0,6396.0,100.0,894167,OUTER_TURRET,BUILDING_KILL
0.0,TOWER_BUILDING,960360,7585736416,3.0,BOT_LANE,13866.0,4505.0,200.0,917894,OUTER_TURRET,BUILDING_KILL
0.0,TOWER_BUILDING,1020361,7585736416,4.0,MID_LANE,8955.0,8510.0,200.0,997814,OUTER_TURRET,BUILDING_KILL
250.0,TOWER_BUILDING,1080370,7585736416,8.0,BOT_LANE,10504.0,1029.0,100.0,1043060,OUTER_TURRET,BUILDING_KILL
0.0,TOWER_BUILDING,1140378,7585736416,4.0,MID_LANE,9767.0,10113.0,200.0,1123075,INNER_TURRET,BUILDING_KILL
0.0,TOWER_BUILDING,1200384,7585736416,4.0,MID_LANE,11134.0,11207.0,200.0,1158826,BASE_TURRET,BUILDING_KILL
0.0,INHIBITOR_BUILDING,1200384,7585736416,4.0,MID_LANE,11593.0,11669.0,200.0,1178104,,BUILDING_KILL
0.0,TOWER_BUILDING,1200384,7585736416,1.0,TOP_LANE,10481.0,13650.0,200.0,1185986,BASE_TURRET,BUILDING_KILL
0.0,INHIBITOR_BUILDING,1260401,7585736416,1.0,TOP_LANE,11275.0,13663.0,200.0,1205828,,BUILDING_KILL
0.0,TOWER_BUILDING,1260401,7585736416,3.0,BOT_LANE,13327.0,8226.0,200.0,1208233,INNER_TURRET,BUILDING_KILL
0.0,TOWER_BUILDING,1363737,7585736416,3.0,MID_LANE,13052.0,12612.0,200.0,1352057,NEXUS_TURRET,BUILDING_KILL
0.0,TOWER_BUILDING,1363737,7585736416,3.0,MID_LANE,12611.0,13084.0,200.0,1353928,NEXUS_TURRET,BUILDING_KILL
0.0,TOWER_BUILDING,840288,7586326367,3.0,TOP_LANE,4318.0,13875.0,200.0,814519,OUTER_TURRET,BUILDING_KILL
0.0,TOWER_BUILDING,960327,7586326367,9.0,MID_LANE,5846.0,6396.0,100.0,947972,OUTER_TURRET,BUILDING_KILL
0.0,TOWER_BUILDING,1080352,7586326367,8.0,TOP_LANE,981.0,10441.0,100.0,1041926,OUTER_TURRET,BUILDING_KILL
0.0,TOWER_BUILDING,1080352,7586326367,1.0,BOT_LANE,13866.0,4505.0,200.0,1043028,OUTER_TURRET,BUILDING_KILL
0.0,TOWER_BUILDING,1140364,7586326367,6.0,BOT_LANE,10504.0,1029.0,100.0,1105273,OUTER_TURRET,BUILDING_KILL
0.0,TOWER_BUILDING,1260387,7586326367,8.0,MID_LANE,5048.0,4812.0,100.0,1219340,INNER_TURRET,BUILDING_KILL
0.0,TOWER_BUILDING,1440407,7586326367,6.0,MID_LANE,3651.0,3696.0,100.0,1421275,BASE_TURRET,BUILDING_KILL
0.0,INHIBITOR_BUILDING,1440407,7586326367,10.0,MID_LANE,3210.0,3217.0,100.0,1430469,,BUILDING_KILL
0.0,TOWER_BUILDING,1620485,7586326367,6.0,BOT_LANE,6919.0,1483.0,100.0,1573728,INNER_TURRET,BUILDING_KILL
0.0,TOWER_BUILDING,1680503,7586326367,8.0,TOP_LANE,1512.0,6699.0,100.0,1657146,INNER_TURRET,BUILDING_KILL
0.0,TOWER_BUILDING,1740534,7586326367,8.0,TOP_LANE,1169.0,4287.0,100.0,1706386,BASE_TURRET,BUILDING_KILL
0.0,INHIBITOR_BUILDING,1740534,7586326367,8.0,TOP_LANE,1172.0,3583.0,100.0,1713602,,BUILDING_KILL
0.0,TOWER_BUILDING,1860557,7586326367,0.0,MID_LANE,1748.0,2270.0,100.0,1853328,NEXUS_TURRET,BUILDING_KILL
0.0,INHIBITOR_BUILDING,1920587,7586326367,9.0,MID_LANE,3210.0,3217.0,100.0,1918617,,BUILDING_KILL
0.0,TOWER_BUILDING,1930701,7586326367,6.0,MID_LANE,2177.0,1807.0,100.0,1923163,NEXUS_TURRET,BUILDING_KILL
0.0,TOWER_BUILDING,900337,7586571016,6.0,TOP_LANE,981.0,10441.0,100.0,861623,OUTER_TURRET,BUILDING_KILL
0.0,TOWER_BUILDING,960346,7586571016,8.0,MID_LANE,5846.0,6396.0,100.0,943926,OUTER_TURRET,BUILDING_KILL
0.0,TOWER_BUILDING,1020361,7586571016,7.0,BOT_LANE,10504.0,1029.0,100.0,1013436,OUTER_TURRET,BUILDING_KILL
0.0,TOWER_BUILDING,1080392,7586571016,6.0,BOT_LANE,6919.0,1483.0,100.0,1048647,INNER_TURRET,BUILDING_KILL
0.0,TOWER_BUILDING,1080392,7586571016,2.0,MID_LANE,8955.0,8510.0,200.0,1058617,OUTER_TURRET,BUILDING_KILL
0.0,TOWER_BUILDING,1080392,7586571016,4.0,MID_LANE,9767.0,10113.0,200.0,1069206,INNER_TURRET,BUILDING_KILL
0.0,TOWER_BUILDING,1200429,7586571016,1.0,TOP_LANE,4318.0,13875.0,200.0,1198191,OUTER_TURRET,BUILDING_KILL
0.0,TOWER_BUILDING,1260451,7586571016,8.0,BOT_LANE,4281.0,1253.0,100.0,1205668,BASE_TURRET,BUILDING_KILL
0.0,INHIBITOR_BUILDING,1260451,7586571016,8.0,BOT_LANE,3468.0,1230.0,100.0,1216649,,BUILDING_KILL
0.0,TOWER_BUILDING,1380505,7586571016,1.0,BOT_LANE,13866.0,4505.0,200.0,1336188,OUTER_TURRET,BUILDING_KILL
0.0,TOWER_BUILDING,1380505,7586571016,6.0,TOP_LANE,1512.0,6699.0,100.0,1369290,INNER_TURRET,BUILDING_KILL
0.0,TOWER_BUILDING,1500522,7586571016,8.0,MID_LANE,5048.0,4812.0,100.0,1458198,INNER_TURRET,BUILDING_KILL
0.0,INHIBITOR_BUILDING,1740603,7586571016,6.0,BOT_LANE,3468.0,1230.0,100.0,1706869,,BUILDING_KILL
0.0,TOWER_BUILDING,1860627,7586571016,7.0,TOP_LANE,1169.0,4287.0,100.0,1801683,BASE_TURRET,BUILDING_KILL
0.0,INHIBITOR_BUILDING,1860627,7586571016,7.0,TOP_LANE,1172.0,3583.0,100.0,1811773,,BUILDING_KILL
0.0,TOWER_BUILDING,1980667,7586571016,4.0,MID_LANE,11134.0,11207.0,200.0,1969851,BASE_TURRET,BUILDING_KILL
0.0,INHIBITOR_BUILDING,1980667,7586571016,2.0,MID_LANE,11593.0,11669.0,200.0,1973940,,BUILDING_KILL
0.0,TOWER_BUILDING,2040669,7586571016,1.0,BOT_LANE,13327.0,8226.0,200.0,1987082,INNER_TURRET,BUILDING_KILL
0.0,TOWER_BUILDING,2084195,7586571016,7.0,MID_LANE,1748.0,2270.0,100.0,2071307,NEXUS_TURRET,BUILDING_KILL
0.0,TOWER_BUILDING,2084195,7586571016,0.0,MID_LANE,2177.0,1807.0,100.0,2075947,NEXUS_TURRET,BUILDING_KILL
0.0,TOWER_BUILDING,780284,7587600106,9.0,BOT_LANE,10504.0,1029.0,100.0,743903,OUTER_TURRET,BUILDING_KILL
0.0,TOWER_BUILDING,780284,7587600106,1.0,TOP_LANE,4318.0,13875.0,200.0,744270,OUTER_TURRET,BUILDING_KILL
0.0,TOWER_BUILDING,900308,7587600106,9.0,TOP_LANE,981.0,10441.0,100.0,848519,OUTER_TURRET,BUILDING_KILL
0.0,TOWER_BUILDING,900308,7587600106,1.0,BOT_LANE,13866.0,4505.0,200.0,877051,OUTER_TURRET,BUILDING_KILL
0.0,TOWER_BUILDING,900308,7587600106,9.0,MID_LANE,5846.0,6396.0,100.0,882294,OUTER_TURRET,BUILDING_KILL
0.0,TOWER_BUILDING,1200387,7587600106,6.0,MID_LANE,5048.0,4812.0,100.0,1157719,INNER_TURRET,BUILDING_KILL
0.0,TOWER_BUILDING,1200387,7587600106,8.0,BOT_LANE,6919.0,1483.0,100.0,1161893,INNER_TURRET,BUILDING_KILL
150.0,TOWER_BUILDING,1260401,7587600106,4.0,MID_LANE,8955.0,8510.0,200.0,1237754,OUTER_TURRET,BUILDING_KILL
0.0,TOWER_BUILDING,1380433,7587600106,6.0,BOT_LANE,4281.0,1253.0,100.0,1368209,BASE_TURRET,BUILDING_KILL
0.0,TOWER_BUILDING,1440455,7587600106,9.0,TOP_LANE,1512.0,6699.0,100.0,1416609,INNER_TURRET,BUILDING_KILL
0.0,INHIBITOR_BUILDING,1611727,7587600106,9.0,BOT_LANE,3468.0,1230.0,100.0,1591985,,BUILDING_KILL
0.0,TOWER_BUILDING,1611727,7587600106,6.0,MID_LANE,2177.0,1807.0,100.0,1597562,NEXUS_TURRET,BUILDING_KILL
0.0,TOWER_BUILDING,1611727,7587600106,9.0,MID_LANE,1748.0,2270.0,100.0,1603306,NEXUS_TURRET,BUILDING_KILL
0.0,TOWER_BUILDING,900388,7587485203,6.0,BOT_LANE,10504.0,1029.0,100.0,896775,OUTER_TURRET,BUILDING_KILL
0.0,TOWER_BUILDING,960408,7587485203,1.0,TOP_LANE,4318.0,13875.0,200.0,927503,OUTER_TURRET,BUILDING_KILL
0.0,TOWER_BUILDING,960408,7587485203,3.0,MID_LANE,8955.0,8510.0,200.0,956635,OUTER_TURRET,BUILDING_KILL
0.0,TOWER_BUILDING,1020429,7587485203,6.0,TOP_LANE,981.0,10441.0,100.0,1006797,OUTER_TURRET,BUILDING_KILL
0.0,TOWER_BUILDING,1020429,7587485203,2.0,MID_LANE,9767.0,10113.0,200.0,1014452,INNER_TURRET,BUILDING_KILL
0.0,TOWER_BUILDING,1320513,7587485203,4.0,BOT_LANE,13866.0,4505.0,200.0,1306764,OUTER_TURRET,BUILDING_KILL
0.0,TOWER_BUILDING,1320513,7587485203,1.0,TOP_LANE,7943.0,13411.0,200.0,1313916,INNER_TURRET,BUILDING_KILL
0.0,TOWER_BUILDING,1380541,7587485203,4.0,BOT_LANE,13327.0,8226.0,200.0,1341545,INNER_TURRET,BUILDING_KILL
0.0,TOWER_BUILDING,780304,7586652467,1.0,TOP_LANE,4318.0,13875.0,200.0,757491,OUTER_TURRET,BUILDING_KILL
0.0,TOWER_BUILDING,900331,7586652467,8.0,BOT_LANE,10504.0,1029.0,100.0,856392,OUTER_TURRET,BUILDING_KILL
0.0,TOWER_BUILDING,1020375,7586652467,8.0,MID_LANE,5846.0,6396.0,100.0,1006448,OUTER_TURRET,BUILDING_KILL
0.0,TOWER_BUILDING,1080394,7586652467,3.0,BOT_LANE,13866.0,4505.0,200.0,1066446,OUTER_TURRET,BUILDING_KILL
0.0,TOWER_BUILDING,720255,7585940196,1.0,TOP_LANE,4318.0,13875.0,200.0,693958,OUTER_TURRET,BUILDING_KILL
0.0,TOWER_BUILDING,840272,7585940196,1.0,TOP_LANE,7943.0,13411.0,200.0,822978,INNER_TURRET,BUILDING_KILL
0.0,TOWER_BUILDING,900280,7585940196,4.0,BOT_LANE,13866.0,4505.0,200.0,863433,OUTER_TURRET,BUILDING_KILL
0.0,TOWER_BUILDING,780261,7587371936,7.0,TOP_LANE,981.0,10441.0,100.0,773659,OUTER_TURRET,BUILDING_KILL
0.0,TOWER_BUILDING,840294,7587371936,6.0,TOP_LANE,1512.0,6699.0,100.0,805346,INNER_TURRET,BUILDING_KILL
0.0,TOWER_BUILDING,900327,7587371936,8.0,BOT_LANE,10504.0,1029.0,100.0,862091,OUTER_TURRET,BUILDING_KILL
0.0,TOWER_BUILDING,960347,7587371936,10.0,MID_LANE,5846.0,6396.0,100.0,911432,OUTER_TURRET,BUILDING_KILL
300.0,TOWER_BUILDING,960347,7587371936,1.0,TOP_LANE,4318.0,13875.0,200.0,918747,OUTER_TURRET,BUILDING_KILL
0.0,TOWER_BUILDING,960347,7587371936,10.0,MID_LANE,5048.0,4812.0,100.0,930152,INNER_TURRET,BUILDING_KILL
0.0,TOWER_BUILDING,1080390,7587371936,6.0,BOT_LANE,6919.0,1483.0,100.0,1023581,INNER_TURRET,BUILDING_KILL
0.0,TOWER_BUILDING,1260459,7587371936,10.0,MID_LANE,3651.0,3696.0,100.0,1236299,BASE_TURRET,BUILDING_KILL
300.0,TOWER_BUILDING,1440522,7587371936,1.0,BOT_LANE,13866.0,4505.0,200.0,1437282,OUTER_TURRET,BUILDING_KILL
0.0,INHIBITOR_BUILDING,1620557,7587371936,9.0,MID_LANE,3210.0,3217.0,100.0,1583575,,BUILDING_KILL
0.0,TOWER_BUILDING,1680572,7587371936,6.0,TOP_LANE,1169.0,4287.0,100.0,1661806,BASE_TURRET,BUILDING_KILL
0.0,INHIBITOR_BUILDING,1680572,7587371936,6.0,TOP_LANE,1172.0,3583.0,100.0,1680472,,BUILDING_KILL
0.0,TOWER_BUILDING,1703615,7587371936,6.0,MID_LANE,1748.0,2270.0,100.0,1689190,NEXUS_TURRET,BUILDING_KILL
0.0,TOWER_BUILDING,1703615,7587371936,8.0,MID_LANE,2177.0,1807.0,100.0,1696648,NEXUS_TURRET,BUILDING_KILL
0.0,TOWER_BUILDING,660220,7586898283,10.0,BOT_LANE,10504.0,1029.0,100.0,633261,OUTER_TURRET,BUILDING_KILL
0.0,TOWER_BUILDING,660220,7586898283,2.0,TOP_LANE,4318.0,13875.0,200.0,636386,OUTER_TURRET,BUILDING_KILL
0.0,TOWER_BUILDING,780267,7586898283,6.0,TOP_LANE,981.0,10441.0,100.0,772808,OUTER_TURRET,BUILDING_KILL
0.0,TOWER_BUILDING,960304,7586898283,9.0,MID_LANE,5846.0,6396.0,100.0,908022,OUTER_TURRET,BUILDING_KILL
0.0,TOWER_BUILDING,1140366,7586898283,6.0,MID_LANE,5048.0,4812.0,100.0,1121194,INNER_TURRET,BUILDING_KILL
0.0,TOWER_BUILDING,1260404,7586898283,4.0,MID_LANE,8955.0,8510.0,200.0,1212086,OUTER_TURRET,BUILDING_KILL
0.0,TOWER_BUILDING,1260404,7586898283,8.0,BOT_LANE,6919.0,1483.0,100.0,1255797,INNER_TURRET,BUILDING_KILL
0.0,TOWER_BUILDING,1310150,7586898283,10.0,MID_LANE,3651.0,3696.0,100.0,1275751,BASE_TURRET,BUILDING_KILL
0.0,TOWER_BUILDING,1310150,7586898283,6.0,BOT_LANE,4281.0,1253.0,100.0,1304940,BASE_TURRET,BUILDING_KILL
0.0,TOWER_BUILDING,840268,7586419762,2.0,BOT_LANE,13866.0,4505.0,200.0,803354,OUTER_TURRET,BUILDING_KILL
0.0,TOWER_BUILDING,900292,7586419762,0.0,TOP_LANE,4318.0,13875.0,200.0,893237,OUTER_TURRET,BUILDING_KILL
0.0,TOWER_BUILDING,900305,7586102805,9.0,MID_LANE,5846.0,6396.0,100.0,880917,OUTER_TURRET,BUILDING_KILL
0.0,TOWER_BUILDING,960309,7586102805,8.0,BOT_LANE,10504.0,1029.0,100.0,954965,OUTER_TURRET,BUILDING_KILL
0.0,TOWER_BUILDING,1020336,7586102805,1.0,BOT_LANE,13866.0,4505.0,200.0,1011171,OUTER_TURRET,BUILDING_KILL
0.0,TOWER_BUILDING,1080352,7586102805,0.0,TOP_LANE,981.0,10441.0,100.0,1039242,OUTER_TURRET,BUILDING_KILL
0.0,TOWER_BUILDING,1200385,7586102805,7.0,MID_LANE,5048.0,4812.0,100.0,1182215,INNER_TURRET,BUILDING_KILL
0.0,TOWER_BUILDING,1200385,7586102805,1.0,TOP_LANE,4318.0,13875.0,200.0,1184887,OUTER_TURRET,BUILDING_KILL
0.0,TOWER_BUILDING,1260410,7586102805,7.0,BOT_LANE,6919.0,1483.0,100.0,1207766,INNER_TURRET,BUILDING_KILL
0.0,TOWER_BUILDING,1560481,7586102805,3.0,MID_LANE,8955.0,8510.0,200.0,1505845,OUTER_TURRET,BUILDING_KILL
0.0,TOWER_BUILDING,1680518,7586102805,1.0,TOP_LANE,7943.0,13411.0,200.0,1645170,INNER_TURRET,BUILDING_KILL
0.0,TOWER_BUILDING,2040588,7586102805,9.0,MID_LANE,3651.0,3696.0,100.0,2037983,BASE_TURRET,BUILDING_KILL
0.0,INHIBITOR_BUILDING,2100593,7586102805,8.0,MID_LANE,3210.0,3217.0,100.0,2044808,,BUILDING_KILL
0.0,TOWER_BUILDING,2100593,7586102805,8.0,MID_LANE,1748.0,2270.0,100.0,2057858,NEXUS_TURRET,BUILDING_KILL
0.0,TOWER_BUILDING,780338,7587455739,1.0,TOP_LANE,4318.0,13875.0,200.0,760507,OUTER_TURRET,BUILDING_KILL
0.0,TOWER_BUILDING,840360,7587455739,9.0,BOT_LANE,10504.0,1029.0,100.0,829638,OUTER_TURRET,BUILDING_KILL
0.0,TOWER_BUILDING,1020412,7587455739,8.0,TOP_LANE,981.0,10441.0,100.0,1018928,OUTER_TURRET,BUILDING_KILL
0.0,TOWER_BUILDING,1080436,7587455739,1.0,BOT_LANE,13866.0,4505.0,200.0,1041339,OUTER_TURRET,BUILDING_KILL
0.0,TOWER_BUILDING,1140450,7587455739,9.0,MID_LANE,5846.0,6396.0,100.0,1105469,OUTER_TURRET,BUILDING_KILL
0.0,TOWER_BUILDING,1200482,7587455739,9.0,MID_LANE,5048.0,4812.0,100.0,1180173,INNER_TURRET,BUILDING_KILL
0.0,TOWER_BUILDING,1320496,7587455739,8.0,BOT_LANE,6919.0,1483.0,100.0,1296415,INNER_TURRET,BUILDING_KILL
0.0,TOWER_BUILDING,1380520,7587455739,2.0,TOP_LANE,7943.0,13411.0,200.0,1343652,INNER_TURRET,BUILDING_KILL
0.0,TOWER_BUILDING,1380520,7587455739,4.0,MID_LANE,8955.0,8510.0,200.0,1358597,OUTER_TURRET,BUILDING_KILL
0.0,TOWER_BUILDING,1440545,7587455739,8.0,TOP_LANE,1512.0,6699.0,100.0,1411546,INNER_TURRET,BUILDING_KILL
0.0,TOWER_BUILDING,1440545,7587455739,8.0,TOP_LANE,1169.0,4287.0,100.0,1425113,BASE_TURRET,BUILDING_KILL
0.0,TOWER_BUILDING,1440545,7587455739,5.0,BOT_LANE,13327.0,8226.0,200.0,1435536,INNER_TURRET,BUILDING_KILL
0.0,TOWER_BUILDING,1440545,7587455739,9.0,MID_LANE,3651.0,3696.0,100.0,1438074,BASE_TURRET,BUILDING_KILL
0.0,TOWER_BUILDING,1800623,7587455739,0.0,BOT_LANE,4281.0,1253.0,100.0,1796949,BASE_TURRET,BUILDING_KILL
0.0,INHIBITOR_BUILDING,1827876,7587455739,8.0,BOT_LANE,3468.0,1230.0,100.0,1811792,,BUILDING_KILL
0.0,TOWER_BUILDING,1827876,7587455739,8.0,MID_LANE,2177.0,1807.0,100.0,1818323,NEXUS_TURRET,BUILDING_KILL
0.0,TOWER_BUILDING,1827876,7587455739,7.0,MID_LANE,1748.0,2270.0,100.0,1820995,NEXUS_TURRET,BUILDING_KILL
0.0,TOWER_BUILDING,900381,7586254738,3.0,TOP_LANE,4318.0,13875.0,200.0,850326,OUTER_TURRET,BUILDING_KILL
0.0,TOWER_BUILDING,1080421,7586254738,1.0,TOP_LANE,7943.0,13411.0,200.0,1074642,INNER_TURRET,BUILDING_KILL
0.0,TOWER_BUILDING,1200453,7586254738,3.0,BOT_LANE,13866.0,4505.0,200.0,1161797,OUTER_TURRET,BUILDING_KILL
0.0,TOWER_BUILDING,1320484,7586254738,4.0,MID_LANE,8955.0,8510.0,200.0,1305338,OUTER_TURRET,BUILDING_KILL
0.0,TOWER_BUILDING,1440537,7586254738,9.0,MID_LANE,5846.0,6396.0,100.0,1386924,OUTER_TURRET,BUILDING_KILL
0.0,TOWER_BUILDING,1500549,7586254738,6.0,BOT_LANE,10504.0,1029.0,100.0,1472562,OUTER_TURRET,BUILDING_KILL
0.0,TOWER_BUILDING,1620587,7586254738,0.0,MID_LANE,9767.0,10113.0,200.0,1602658,INNER_TURRET,BUILDING_KILL
0.0,TOWER_BUILDING,1740630,7586254738,6.0,TOP_LANE,981.0,10441.0,100.0,1729845,OUTER_TURRET,BUILDING_KILL
0.0,TOWER_BUILDING,1800652,7586254738,4.0,BOT_LANE,13327.0,8226.0,200.0,1772689,INNER_TURRET,BUILDING_KILL
0.0,TOWER_BUILDING,1800652,7586254738,3.0,TOP_LANE,10481.0,13650.0,200.0,1780473,BASE_TURRET,BUILDING_KILL
0.0,TOWER_BUILDING,1800652,7586254738,4.0,BOT_LANE,13624.0,10572.0,200.0,1780606,BASE_TURRET,BUILDING_KILL
0.0,INHIBITOR_BUILDING,1800652,7586254738,3.0,TOP_LANE,11275.0,13663.0,200.0,1786403,,BUILDING_KILL
0.0,INHIBITOR_BUILDING,1800652,7586254738,2.0,BOT_LANE,13594.0,11319.0,200.0,1786604,,BUILDING_KILL
0.0,TOWER_BUILDING,1800652,7586254738,4.0,MID_LANE,13052.0,12612.0,200.0,1792916,NEXUS_TURRET,BUILDING_KILL
0.0,TOWER_BUILDING,1800652,7586254738,3.0,MID_LANE,12611.0,13084.0,200.0,1799843,NEXUS_TURRET,BUILDING_KILL
0.0,TOWER_BUILDING,900365,7586112009,2.0,TOP_LANE,4318.0,13875.0,200.0,847247,OUTER_TURRET,BUILDING_KILL
0.0,TOWER_BUILDING,960378,7586112009,9.0,BOT_LANE,10504.0,1029.0,100.0,951722,OUTER_TURRET,BUILDING_KILL
0.0,TOWER_BUILDING,1080432,7586112009,1.0,BOT_LANE,13866.0,4505.0,200.0,1065468,OUTER_TURRET,BUILDING_KILL
0.0,TOWER_BUILDING,1140452,7586112009,8.0,MID_LANE,5846.0,6396.0,100.0,1091961,OUTER_TURRET,BUILDING_KILL
0.0,TOWER_BUILDING,1140452,7586112009,6.0,TOP_LANE,981.0,10441.0,100.0,1106880,OUTER_TURRET,BUILDING_KILL
0.0,TOWER_BUILDING,1260496,7586112009,4.0,MID_LANE,8955.0,8510.0,200.0,1233631,OUTER_TURRET,BUILDING_KILL
0.0,TOWER_BUILDING,900326,7586869210,8.0,BOT_LANE,10504.0,1029.0,100.0,884800,OUTER_TURRET,BUILDING_KILL
0.0,TOWER_BUILDING,960343,7586869210,0.0,MID_LANE,5846.0,6396.0,100.0,920705,OUTER_TURRET,BUILDING_KILL
0.0,TOWER_BUILDING,960343,7586869210,9.0,TOP_LANE,981.0,10441.0,100.0,929239,OUTER_TURRET,BUILDING_KILL
0.0,TOWER_BUILDING,1140413,7586869210,8.0,TOP_LANE,1512.0,6699.0,100.0,1110391,INNER_TURRET,BUILDING_KILL
0.0,TOWER_BUILDING,1200414,7586869210,6.0,MID_LANE,5048.0,4812.0,100.0,1183625,INNER_TURRET,BUILDING_KILL
0.0,TOWER_BUILDING,900352,7586463619,1.0,TOP_LANE,4318.0,13875.0,200.0,844127,OUTER_TURRET,BUILDING_KILL
200.0,TOWER_BUILDING,960369,7586463619,6.0,MID_LANE,5846.0,6396.0,100.0,905429,OUTER_TURRET,BUILDING_KILL
150.0,TOWER_BUILDING,960369,7586463619,9.0,BOT_LANE,10504.0,1029.0,100.0,922904,OUTER_TURRET,BUILDING_KILL
0.0,TOWER_BUILDING,1020375,7586463619,3.0,BOT_LANE,13866.0,4505.0,200.0,996525,OUTER_TURRET,BUILDING_KILL
0.0,TOWER_BUILDING,1200396,7586463619,2.0,MID_LANE,8955.0,8510.0,200.0,1150779,OUTER_TURRET,BUILDING_KILL
0.0,TOWER_BUILDING,1320434,7586463619,1.0,BOT_LANE,13327.0,8226.0,200.0,1311449,INNER_TURRET,BUILDING_KILL
0.0,TOWER_BUILDING,1380457,7586463619,7.0,TOP_LANE,981.0,10441.0,100.0,1322991,OUTER_TURRET,BUILDING_KILL
0.0,TOWER_BUILDING,1550033,7586463619,6.0,MID_LANE,5048.0,4812.0,100.0,1521789,INNER_TURRET,BUILDING_KILL
0.0,TOWER_BUILDING,1550033,7586463619,6.0,MID_LANE,3651.0,3696.0,100.0,1528714,BASE_TURRET,BUILDING_KILL
0.0,INHIBITOR_BUILDING,1550033,7586463619,6.0,MID_LANE,3210.0,3217.0,100.0,1531954,,BUILDING_KILL
0.0,TOWER_BUILDING,1550033,7586463619,7.0,MID_LANE,1748.0,2270.0,100.0,1538866,NEXUS_TURRET,BUILDING_KILL
0.0,TOWER_BUILDING,1550033,7586463619,10.0,MID_LANE,2177.0,1807.0,100.0,1540836,NEXUS_TURRET,BUILDING_KILL
0.0,TOWER_BUILDING,840253,7586201471,6.0,TOP_LANE,981.0,10441.0,100.0,799513,OUTER_TURRET,BUILDING_KILL
0.0,TOWER_BUILDING,840253,7586201471,4.0,BOT_LANE,13866.0,4505.0,200.0,838016,OUTER_TURRET,BUILDING_KILL
0.0,TOWER_BUILDING,960293,7586201471,4.0,TOP_LANE,4318.0,13875.0,200.0,936075,OUTER_TURRET,BUILDING_KILL
0.0,TOWER_BUILDING,960293,7586201471,9.0,MID_LANE,5846.0,6396.0,100.0,951690,OUTER_TURRET,BUILDING_KILL
0.0,TOWER_BUILDING,1020308,7586201471,4.0,TOP_LANE,7943.0,13411.0,200.0,962097,INNER_TURRET,BUILDING_KILL
0.0,TOWER_BUILDING,1140350,7586201471,0.0,BOT_LANE,10504.0,1029.0,100.0,1133332,OUTER_TURRET,BUILDING_KILL
0.0,TOWER_BUILDING,1320403,7586201471,4.0,MID_LANE,8955.0,8510.0,200.0,1304826,OUTER_TURRET,BUILDING_KILL
0.0,TOWER_BUILDING,1320403,7586201471,3.0,MID_LANE,9767.0,10113.0,200.0,1318532,INNER_TURRET,BUILDING_KILL
0.0,TOWER_BUILDING,1500440,7586201471,3.0,BOT_LANE,13327.0,8226.0,200.0,1467337,INNER_TURRET,BUILDING_KILL
0.0,TOWER_BUILDING,1606560,7586201471,4.0,MID_LANE,11134.0,11207.0,200.0,1572303,BASE_TURRET,BUILDING_KILL
0.0,INHIBITOR_BUILDING,1606560,7586201471,4.0,MID_LANE,11593.0,11669.0,200.0,1583659,,BUILDING_KILL
0.0,TOWER_BUILDING,1606560,7586201471,2.0,MID_LANE,12611.0,13084.0,200.0,1593679,NEXUS_TURRET,BUILDING_KILL
0.0,TOWER_BUILDING,1606560,7586201471,3.0,MID_LANE,13052.0,12612.0,200.0,1593746,NEXUS_TURRET,BUILDING_KILL
480.0,TOWER_BUILDING,1606560,7586201471,8.0,TOP_LANE,1512.0,6699.0,100.0,1598949,INNER_TURRET,BUILDING_KILL
0.0,TOWER_BUILDING,660289,7586705396,9.0,BOT_LANE,10504.0,1029.0,100.0,658725,OUTER_TURRET,BUILDING_KILL
0.0,TOWER_BUILDING,720296,7586705396,1.0,TOP_LANE,4318.0,13875.0,200.0,717683,OUTER_TURRET,BUILDING_KILL
0.0,TOWER_BUILDING,840319,7586705396,2.0,BOT_LANE,13866.0,4505.0,200.0,831101,OUTER_TURRET,BUILDING_KILL
0.0,TOWER_BUILDING,960351,7586705396,1.0,TOP_LANE,7943.0,13411.0,200.0,935264,INNER_TURRET,BUILDING_KILL
0.0,TOWER_BUILDING,1140399,7586705396,7.0,MID_LANE,5846.0,6396.0,100.0,1119220,OUTER_TURRET,BUILDING_KILL
0.0,TOWER_BUILDING,1260436,7586705396,8.0,TOP_LANE,981.0,10441.0,100.0,1251774,OUTER_TURRET,BUILDING_KILL
0.0,TOWER_BUILDING,1380467,7586705396,3.0,MID_LANE,8955.0,8510.0,200.0,1325822,OUTER_TURRET,BUILDING_KILL
0.0,TOWER_BUILDING,1500520,7586705396,1.0,BOT_LANE,13327.0,8226.0,200.0,1450034,INNER_TURRET,BUILDING_KILL
0.0,TOWER_BUILDING,600124,7586888664,4.0,BOT_LANE,13866.0,4505.0,200.0,567137,OUTER_TURRET,BUILDING_KILL
0.0,TOWER_BUILDING,780314,7586888664,2.0,MID_LANE,8955.0,8510.0,200.0,740210,OUTER_TURRET,BUILDING_KILL
0.0,TOWER_BUILDING,780314,7586888664,4.0,MID_LANE,9767.0,10113.0,200.0,752872,INNER_TURRET,BUILDING_KILL
0.0,TOWER_BUILDING,900336,7586888664,3.0,TOP_LANE,4318.0,13875.0,200.0,892873,OUTER_TURRET,BUILDING_KILL
0.0,TOWER_BUILDING,1020365,7586888664,1.0,BOT_LANE,13327.0,8226.0,200.0,974802,INNER_TURRET,BUILDING_KILL
0.0,TOWER_BUILDING,1200403,7586888664,1.0,BOT_LANE,13624.0,10572.0,200.0,1178540,BASE_TURRET,BUILDING_KILL
350.0,TOWER_BUILDING,1260421,7586888664,8.0,TOP_LANE,981.0,10441.0,100.0,1258777,OUTER_TURRET,BUILDING_KILL
0.0,INHIBITOR_BUILDING,1303285,7586888664,1.0,BOT_LANE,13594.0,11319.0,200.0,1276591,,BUILDING_KILL
0.0,TOWER_BUILDING,1303285,7586888664,1.0,MID_LANE,13052.0,12612.0,200.0,1288546,NEXUS_TURRET,BUILDING_KILL
0.0,TOWER_BUILDING,1303285,7586888664,5.0,MID_LANE,12611.0,13084.0,200.0,1295132,NEXUS_TURRET,BUILDING_KILL
0.0,TOWER_BUILDING,960356,7586905563,8.0,MID_LANE,5846.0,6396.0,100.0,906372,OUTER_TURRET,BUILDING_KILL
0.0,TOWER_BUILDING,1020358,7586905563,8.0,BOT_LANE,10504.0,1029.0,100.0,1007410,OUTER_TURRET,BUILDING_KILL
0.0,TOWER_BUILDING,1320439,7586905563,7.0,TOP_LANE,981.0,10441.0,100.0,1304841,OUTER_TURRET,BUILDING_KILL
0.0,TOWER_BUILDING,1440473,7586905563,9.0,TOP_LANE,1512.0,6699.0,100.0,1421124,INNER_TURRET,BUILDING_KILL
0.0,TOWER_BUILDING,1500488,7586905563,8.0,MID_LANE,5048.0,4812.0,100.0,1445824,INNER_TURRET,BUILDING_KILL
250.0,TOWER_BUILDING,1560496,7586905563,1.0,TOP_LANE,4318.0,13875.0,200.0,1514101,OUTER_TURRET,BUILDING_KILL
0.0,TOWER_BUILDING,1620527,7586905563,8.0,MID_LANE,3651.0,3696.0,100.0,1576769,BASE_TURRET,BUILDING_KILL
0.0,TOWER_BUILDING,1620527,7586905563,8.0,BOT_LANE,6919.0,1483.0,100.0,1601275,INNER_TURRET,BUILDING_KILL
0.0,TOWER_BUILDING,1680544,7586905563,6.0,TOP_LANE,1169.0,4287.0,100.0,1660418,BASE_TURRET,BUILDING_KILL
0.0,INHIBITOR_BUILDING,1680544,7586905563,6.0,TOP_LANE,1172.0,3583.0,100.0,1679283,,BUILDING_KILL
0.0,INHIBITOR_BUILDING,1701493,7586905563,8.0,MID_LANE,3210.0,3217.0,100.0,1690702,,BUILDING_KILL
0.0,TOWER_BUILDING,720288,7585783479,10.0,BOT_LANE,10504.0,1029.0,100.0,660654,OUTER_TURRET,BUILDING_KILL
0.0,TOWER_BUILDING,900313,7585783479,0.0,TOP_LANE,981.0,10441.0,100.0,859664,OUTER_TURRET,BUILDING_KILL
0.0,TOWER_BUILDING,960339,7585783479,9.0,MID_LANE,5846.0,6396.0,100.0,912936,OUTER_TURRET,BUILDING_KILL
250.0,TOWER_BUILDING,1140396,7585783479,1.0,BOT_LANE,13866.0,4505.0,200.0,1094569,OUTER_TURRET,BUILDING_KILL
200.0,TOWER_BUILDING,1200417,7585783479,1.0,MID_LANE,8955.0,8510.0,200.0,1176547,OUTER_TURRET,BUILDING_KILL
0.0,TOWER_BUILDING,1200417,7585783479,8.0,BOT_LANE,6919.0,1483.0,100.0,1179419,INNER_TURRET,BUILDING_KILL
0.0,TOWER_BUILDING,1320455,7585783479,7.0,MID_LANE,5048.0,4812.0,100.0,1284824,INNER_TURRET,BUILDING_KILL
0.0,TOWER_BUILDING,1320455,7585783479,1.0,TOP_LANE,4318.0,13875.0,200.0,1309567,OUTER_TURRET,BUILDING_KILL
0.0,TOWER_BUILDING,1440466,7585783479,6.0,TOP_LANE,1512.0,6699.0,100.0,1404955,INNER_TURRET,BUILDING_KILL
0.0,TOWER_BUILDING,1440466,7585783479,1.0,MID_LANE,9767.0,10113.0,200.0,1420967,INNER_TURRET,BUILDING_KILL
0.0,TOWER_BUILDING,1440466,7585783479,6.0,TOP_LANE,1169.0,4287.0,100.0,1427426,BASE_TURRET,BUILDING_KILL
0.0,TOWER_BUILDING,1620494,7585783479,6.0,MID_LANE,3651.0,3696.0,100.0,1574272,BASE_TURRET,BUILDING_KILL
0.0,INHIBITOR_BUILDING,1620494,7585783479,6.0,MID_LANE,3210.0,3217.0,100.0,1588474,,BUILDING_KILL
0.0,INHIBITOR_BUILDING,1717919,7585783479,7.0,TOP_LANE,1172.0,3583.0,100.0,1682496,,BUILDING_KILL
0.0,TOWER_BUILDING,1717919,7585783479,7.0,MID_LANE,1748.0,2270.0,100.0,1697294,NEXUS_TURRET,BUILDING_KILL
0.0,TOWER_BUILDING,1717919,7585783479,7.0,MID_LANE,2177.0,1807.0,100.0,1699801,NEXUS_TURRET,BUILDING_KILL
0.0,TOWER_BUILDING,840364,7587560354,3.0,BOT_LANE,13866.0,4505.0,200.0,805561,OUTER_TURRET,BUILDING_KILL
0.0,TOWER_BUILDING,960397,7587560354,8.0,TOP_LANE,981.0,10441.0,100.0,919042,OUTER_TURRET,BUILDING_KILL
0.0,TOWER_BUILDING,1020416,7587560354,8.0,BOT_LANE,10504.0,1029.0,100.0,995882,OUTER_TURRET,BUILDING_KILL
0.0,TOWER_BUILDING,1020416,7587560354,1.0,TOP_LANE,4318.0,13875.0,200.0,1012821,OUTER_TURRET,BUILDING_KILL
0.0,TOWER_BUILDING,1260471,7587560354,1.0,MID_LANE,8955.0,8510.0,200.0,1210632,OUTER_TURRET,BUILDING_KILL
0.0,TOWER_BUILDING,1440553,7587560354,3.0,TOP_LANE,7943.0,13411.0,200.0,1384730,INNER_TURRET,BUILDING_KILL
0.0,TOWER_BUILDING,1440553,7587560354,8.0,BOT_LANE,6919.0,1483.0,100.0,1401663,INNER_TURRET,BUILDING_KILL
0.0,TOWER_BUILDING,1440553,7587560354,2.0,TOP_LANE,10481.0,13650.0,200.0,1413459,BASE_TURRET,BUILDING_KILL
0.0,TOWER_BUILDING,1680583,7587560354,2.0,BOT_LANE,13327.0,8226.0,200.0,1642147,INNER_TURRET,BUILDING_KILL
0.0,TOWER_BUILDING,1680583,7587560354,6.0,TOP_LANE,1512.0,6699.0,100.0,1654884,INNER_TURRET,BUILDING_KILL
0.0,TOWER_BUILDING,1680583,7587560354,4.0,MID_LANE,9767.0,10113.0,200.0,1657456,INNER_TURRET,BUILDING_KILL
0.0,TOWER_BUILDING,1800614,7587560354,3.0,BOT_LANE,13624.0,10572.0,200.0,1770563,BASE_TURRET,BUILDING_KILL
0.0,TOWER_BUILDING,1800614,7587560354,4.0,MID_LANE,11134.0,11207.0,200.0,1779914,BASE_TURRET,BUILDING_KILL
0.0,INHIBITOR_BUILDING,1800614,7587560354,5.0,BOT_LANE,13594.0,11319.0,200.0,1780581,,BUILDING_KILL
0.0,INHIBITOR_BUILDING,1800614,7587560354,4.0,MID_LANE,11593.0,11669.0,200.0,1786739,,BUILDING_KILL
0.0,TOWER_BUILDING,1889579,7587560354,3.0,MID_LANE,13052.0,12612.0,200.0,1869400,NEXUS_TURRET,BUILDING_KILL
0.0,TOWER_BUILDING,1889579,7587560354,3.0,MID_LANE,12611.0,13084.0,200.0,1872289,NEXUS_TURRET,BUILDING_KILL
0.0,TOWER_BUILDING,780313,7586297272,6.0,TOP_LANE,981.0,10441.0,100.0,740746,OUTER_TURRET,BUILDING_KILL
0.0,TOWER_BUILDING,840320,7586297272,8.0,BOT_LANE,10504.0,1029.0,100.0,833428,OUTER_TURRET,BUILDING_KILL
0.0,TOWER_BUILDING,960327,7586297272,6.0,TOP_LANE,1512.0,6699.0,100.0,915007,INNER_TURRET,BUILDING_KILL
250.0,TOWER_BUILDING,960327,7586297272,1.0,MID_LANE,8955.0,8510.0,200.0,922479,OUTER_TURRET,BUILDING_KILL
0.0,TOWER_BUILDING,1020350,7586297272,9.0,MID_LANE,5846.0,6396.0,100.0,967838,OUTER_TURRET,BUILDING_KILL
0.0,TOWER_BUILDING,1080354,7586297272,7.0,MID_LANE,5048.0,4812.0,100.0,1035462,INNER_TURRET,BUILDING_KILL
150.0,TOWER_BUILDING,1080354,7586297272,1.0,TOP_LANE,4318.0,13875.0,200.0,1054736,OUTER_TURRET,BUILDING_KILL
0.0,TOWER_BUILDING,1260418,7586297272,8.0,BOT_LANE,6919.0,1483.0,100.0,1244940,INNER_TURRET,BUILDING_KILL
0.0,TOWER_BUILDING,1500493,7586297272,6.0,MID_LANE,3651.0,3696.0,100.0,1457387,BASE_TURRET,BUILDING_KILL
150.0,TOWER_BUILDING,1620564,7586297272,1.0,BOT_LANE,13866.0,4505.0,200.0,1573053,OUTER_TURRET,BUILDING_KILL
0.0,TOWER_BUILDING,1620564,7586297272,1.0,BOT_LANE,13327.0,8226.0,200.0,1599802,INNER_TURRET,BUILDING_KILL
0.0,INHIBITOR_BUILDING,1680589,7586297272,0.0,MID_LANE,3210.0,3217.0,100.0,1629506,,BUILDING_KILL
0.0,TOWER_BUILDING,1800612,7586297272,8.0,BOT_LANE,4281.0,1253.0,100.0,1740650,BASE_TURRET,BUILDING_KILL
0.0,INHIBITOR_BUILDING,1800612,7586297272,9.0,BOT_LANE,3468.0,1230.0,100.0,1743423,,BUILDING_KILL
0.0,TOWER_BUILDING,1800612,7586297272,9.0,MID_LANE,2177.0,1807.0,100.0,1778123,NEXUS_TURRET,BUILDING_KILL
0.0,TOWER_BUILDING,1800612,7586297272,9.0,MID_LANE,1748.0,2270.0,100.0,1794935,NEXUS_TURRET,BUILDING_KILL
0.0,TOWER_BUILDING,960280,7586474206,2.0,BOT_LANE,13866.0,4505.0,200.0,901068,OUTER_TURRET,BUILDING_KILL
0.0,TOWER_BUILDING,960280,7586474206,6.0,TOP_LANE,981.0,10441.0,100.0,923717,OUTER_TURRET,BUILDING_KILL
0.0,TOWER_BUILDING,1080318,7586474206,8.0,MID_LANE,5846.0,6396.0,100.0,1061092,OUTER_TURRET,BUILDING_KILL
0.0,TOWER_BUILDING,1140333,7586474206,5.0,MID_LANE,8955.0,8510.0,200.0,1094744,OUTER_TURRET,BUILDING_KILL
0.0,TOWER_BUILDING,1140333,7586474206,2.0,TOP_LANE,4318.0,13875.0,200.0,1108329,OUTER_TURRET,BUILDING_KILL
0.0,TOWER_BUILDING,1140333,7586474206,6.0,BOT_LANE,10504.0,1029.0,100.0,1124492,OUTER_TURRET,BUILDING_KILL
0.0,TOWER_BUILDING,1380409,7586474206,4.0,MID_LANE,9767.0,10113.0,200.0,1349036,INNER_TURRET,BUILDING_KILL
0.0,TOWER_BUILDING,1620511,7586474206,4.0,BOT_LANE,13327.0,8226.0,200.0,1608958,INNER_TURRET,BUILDING_KILL
0.0,TOWER_BUILDING,1680517,7586474206,4.0,BOT_LANE,13624.0,10572.0,200.0,1645479,BASE_TURRET,BUILDING_KILL
0.0,TOWER_BUILDING,1680517,7586474206,3.0,TOP_LANE,7943.0,13411.0,200.0,1655744,INNER_TURRET,BUILDING_KILL
0.0,INHIBITOR_BUILDING,1740527,7586474206,2.0,BOT_LANE,13594.0,11319.0,200.0,1689326,,BUILDING_KILL
0.0,TOWER_BUILDING,1740527,7586474206,1.0,MID_LANE,11134.0,11207.0,200.0,1704954,BASE_TURRET,BUILDING_KILL
0.0,INHIBITOR_BUILDING,1800535,7586474206,3.0,MID_LANE,11593.0,11669.0,200.0,1795751,,BUILDING_KILL
0.0,TOWER_BUILDING,1824848,7586474206,2.0,MID_LANE,13052.0,12612.0,200.0,1807803,NEXUS_TURRET,BUILDING_KILL
0.0,TOWER_BUILDING,1824848,7586474206,2.0,MID_LANE,12611.0,13084.0,200.0,1813991,NEXUS_TURRET,BUILDING_KILL
0.0,TOWER_BUILDING,780303,7587205285,4.0,BOT_LANE,13866.0,4505.0,200.0,757492,OUTER_TURRET,BUILDING_KILL
0.0,TOWER_BUILDING,1080368,7587205285,9.0,MID_LANE,5846.0,6396.0,100.0,1058366,OUTER_TURRET,BUILDING_KILL
0.0,TOWER_BUILDING,1080368,7587205285,6.0,TOP_LANE,981.0,10441.0,100.0,1068330,OUTER_TURRET,BUILDING_KILL
0.0,TOWER_BUILDING,1140377,7587205285,0.0,MID_LANE,8955.0,8510.0,200.0,1094402,OUTER_TURRET,BUILDING_KILL
0.0,TOWER_BUILDING,1320408,7587205285,9.0,MID_LANE,5048.0,4812.0,100.0,1306700,INNER_TURRET,BUILDING_KILL
0.0,TOWER_BUILDING,1320408,7587205285,8.0,TOP_LANE,1512.0,6699.0,100.0,1314496,INNER_TURRET,BUILDING_KILL
0.0,TOWER_BUILDING,1380424,7587205285,6.0,BOT_LANE,10504.0,1029.0,100.0,1362931,OUTER_TURRET,BUILDING_KILL
0.0,TOWER_BUILDING,1440437,7587205285,7.0,BOT_LANE,6919.0,1483.0,100.0,1390990,INNER_TURRET,BUILDING_KILL
0.0,TOWER_BUILDING,1440437,7587205285,2.0,MID_LANE,9767.0,10113.0,200.0,1395532,INNER_TURRET,BUILDING_KILL
0.0,TOWER_BUILDING,1440437,7587205285,3.0,TOP_LANE,4318.0,13875.0,200.0,1404406,OUTER_TURRET,BUILDING_KILL
0.0,TOWER_BUILDING,1608633,7587205285,6.0,MID_LANE,3651.0,3696.0,100.0,1601408,BASE_TURRET,BUILDING_KILL
0.0,TOWER_BUILDING,900317,7587534324,6.0,TOP_LANE,981.0,10441.0,100.0,886701,OUTER_TURRET,BUILDING_KILL
0.0,TOWER_BUILDING,960345,7587534324,4.0,BOT_LANE,13866.0,4505.0,200.0,938015,OUTER_TURRET,BUILDING_KILL
0.0,TOWER_BUILDING,1140409,7587534324,1.0,TOP_LANE,4318.0,13875.0,200.0,1116436,OUTER_TURRET,BUILDING_KILL
0.0,TOWER_BUILDING,1200411,7587534324,0.0,BOT_LANE,10504.0,1029.0,100.0,1169149,OUTER_TURRET,BUILDING_KILL
0.0,TOWER_BUILDING,1200411,7587534324,1.0,TOP_LANE,7943.0,13411.0,200.0,1172890,INNER_TURRET,BUILDING_KILL
0.0,TOWER_BUILDING,1320438,7587534324,0.0,MID_LANE,5846.0,6396.0,100.0,1270583,OUTER_TURRET,BUILDING_KILL
0.0,TOWER_BUILDING,1440494,7587534324,4.0,MID_LANE,8955.0,8510.0,200.0,1384369,OUTER_TURRET,BUILDING_KILL
0.0,TOWER_BUILDING,1500517,7587534324,4.0,MID_LANE,9767.0,10113.0,200.0,1488290,INNER_TURRET,BUILDING_KILL
0.0,TOWER_BUILDING,1620530,7587534324,2.0,TOP_LANE,10481.0,13650.0,200.0,1586524,BASE_TURRET,BUILDING_KILL
0.0,INHIBITOR_BUILDING,1620530,7587534324,4.0,TOP_LANE,11275.0,13663.0,200.0,1590970,,BUILDING_KILL
480.0,TOWER_BUILDING,1620530,7587534324,6.0,BOT_LANE,6919.0,1483.0,100.0,1596931,INNER_TURRET,BUILDING_KILL
0.0,TOWER_BUILDING,1620530,7587534324,4.0,MID_LANE,11134.0,11207.0,200.0,1601072,BASE_TURRET,BUILDING_KILL
0.0,INHIBITOR_BUILDING,1620530,7587534324,5.0,MID_LANE,11593.0,11669.0,200.0,1605187,,BUILDING_KILL
0.0,TOWER_BUILDING,1680538,7587534324,1.0,BOT_LANE,13327.0,8226.0,200.0,1668129,INNER_TURRET,BUILDING_KILL
0.0,TOWER_BUILDING,1680538,7587534324,1.0,BOT_LANE,13624.0,10572.0,200.0,1679536,BASE_TURRET,BUILDING_KILL
0.0,INHIBITOR_BUILDING,1707298,7587534324,2.0,BOT_LANE,13594.0,11319.0,200.0,1682516,,BUILDING_KILL
0.0,TOWER_BUILDING,1707298,7587534324,4.0,MID_LANE,13052.0,12612.0,200.0,1686757,NEXUS_TURRET,BUILDING_KILL
0.0,TOWER_BUILDING,1707298,7587534324,4.0,MID_LANE,12611.0,13084.0,200.0,1699719,NEXUS_TURRET,BUILDING_KILL
0.0,TOWER_BUILDING,900313,7586700561,9.0,BOT_LANE,10504.0,1029.0,100.0,889560,OUTER_TURRET,BUILDING_KILL
0.0,TOWER_BUILDING,960334,7586700561,1.0,TOP_LANE,4318.0,13875.0,200.0,940392,OUTER_TURRET,BUILDING_KILL
0.0,TOWER_BUILDING,1020363,7586700561,9.0,MID_LANE,5846.0,6396.0,100.0,1000828,OUTER_TURRET,BUILDING_KILL
0.0,TOWER_BUILDING,1260422,7586700561,6.0,MID_LANE,5048.0,4812.0,100.0,1215920,INNER_TURRET,BUILDING_KILL
0.0,TOWER_BUILDING,1260422,7586700561,1.0,TOP_LANE,7943.0,13411.0,200.0,1238298,INNER_TURRET,BUILDING_KILL
0.0,TOWER_BUILDING,1320434,7586700561,0.0,TOP_LANE,981.0,10441.0,100.0,1306132,OUTER_TURRET,BUILDING_KILL
0.0,TOWER_BUILDING,1380436,7586700561,6.0,TOP_LANE,1512.0,6699.0,100.0,1349027,INNER_TURRET,BUILDING_KILL
0.0,TOWER_BUILDING,1440442,7586700561,1.0,BOT_LANE,13866.0,4505.0,200.0,1409655,OUTER_TURRET,BUILDING_KILL
0.0,TOWER_BUILDING,1620499,7586700561,0.0,MID_LANE,3651.0,3696.0,100.0,1601478,BASE_TURRET,BUILDING_KILL
0.0,INHIBITOR_BUILDING,1860601,7586700561,6.0,MID_LANE,3210.0,3217.0,100.0,1840949,,BUILDING_KILL
0.0,TOWER_BUILDING,1860601,7586700561,6.0,MID_LANE,1748.0,2270.0,100.0,1851633,NEXUS_TURRET,BUILDING_KILL
0.0,TOWER_BUILDING,1860601,7586700561,6.0,MID_LANE,2177.0,1807.0,100.0,1853909,NEXUS_TURRET,BUILDING_KILL
0.0,TOWER_BUILDING,780278,7587453757,1.0,TOP_LANE,4318.0,13875.0,200.0,765980,OUTER_TURRET,BUILDING_KILL
0.0,TOWER_BUILDING,960322,7587453757,8.0,BOT_LANE,10504.0,1029.0,100.0,939756,OUTER_TURRET,BUILDING_KILL
0.0,TOWER_BUILDING,1020330,7587453757,1.0,TOP_LANE,7943.0,13411.0,200.0,971522,INNER_TURRET,BUILDING_KILL
0.0,TOWER_BUILDING,1080335,7587453757,8.0,MID_LANE,5846.0,6396.0,100.0,1032507,OUTER_TURRET,BUILDING_KILL
0.0,TOWER_BUILDING,1140367,7587453757,1.0,MID_LANE,8955.0,8510.0,200.0,1095546,OUTER_TURRET,BUILDING_KILL
0.0,TOWER_BUILDING,1140367,7587453757,8.0,TOP_LANE,981.0,10441.0,100.0,1100522,OUTER_TURRET,BUILDING_KILL
0.0,TOWER_BUILDING,1140367,7587453757,1.0,MID_LANE,9767.0,10113.0,200.0,1109139,INNER_TURRET,BUILDING_KILL
0.0,TOWER_BUILDING,1140367,7587453757,4.0,BOT_LANE,13866.0,4505.0,200.0,1128785,OUTER_TURRET,BUILDING_KILL
0.0,TOWER_BUILDING,1140367,7587453757,8.0,TOP_LANE,1512.0,6699.0,100.0,1131423,INNER_TURRET,BUILDING_KILL
0.0,TOWER_BUILDING,1920552,7587453757,1.0,BOT_LANE,13327.0,8226.0,200.0,1904376,INNER_TURRET,BUILDING_KILL
0.0,TOWER_BUILDING,1920552,7587453757,3.0,MID_LANE,11134.0,11207.0,200.0,1907883,BASE_TURRET,BUILDING_KILL
0.0,INHIBITOR_BUILDING,1920552,7587453757,1.0,MID_LANE,11593.0,11669.0,200.0,1912526,,BUILDING_KILL
0.0,TOWER_BUILDING,1940267,7587453757,3.0,MID_LANE,13052.0,12612.0,200.0,1921630,NEXUS_TURRET,BUILDING_KILL
0.0,TOWER_BUILDING,1940267,7587453757,2.0,MID_LANE,12611.0,13084.0,200.0,1929497,NEXUS_TURRET,BUILDING_KILL
0.0,TOWER_BUILDING,720258,7586256799,8.0,BOT_LANE,10504.0,1029.0,100.0,708025,OUTER_TURRET,BUILDING_KILL
0.0,TOWER_BUILDING,840295,7586256799,6.0,TOP_LANE,981.0,10441.0,100.0,807220,OUTER_TURRET,BUILDING_KILL
0.0,TOWER_BUILDING,900314,7586256799,9.0,MID_LANE,5846.0,6396.0,100.0,852754,OUTER_TURRET,BUILDING_KILL
0.0,TOWER_BUILDING,960346,7586256799,8.0,BOT_LANE,6919.0,1483.0,100.0,952857,INNER_TURRET,BUILDING_KILL
0.0,TOWER_BUILDING,720175,7587151815,5.0,BOT_LANE,13866.0,4505.0,200.0,693738,OUTER_TURRET,BUILDING_KILL
0.0,TOWER_BUILDING,960303,7587151815,2.0,MID_LANE,8955.0,8510.0,200.0,916118,OUTER_TURRET,BUILDING_KILL
0.0,TOWER_BUILDING,1020363,7587151815,6.0,TOP_LANE,981.0,10441.0,100.0,985921,OUTER_TURRET,BUILDING_KILL
0.0,TOWER_BUILDING,1140419,7587151815,3.0,TOP_LANE,4318.0,13875.0,200.0,1134131,OUTER_TURRET,BUILDING_KILL
0.0,TOWER_BUILDING,780282,7587499713,10.0,MID_LANE,5846.0,6396.0,100.0,745647,OUTER_TURRET,BUILDING_KILL
0.0,TOWER_BUILDING,840286,7587499713,9.0,BOT_LANE,10504.0,1029.0,100.0,803768,OUTER_TURRET,BUILDING_KILL
0.0,TOWER_BUILDING,900301,7587499713,3.0,BOT_LANE,13866.0,4505.0,200.0,860414,OUTER_TURRET,BUILDING_KILL
0.0,TOWER_BUILDING,960318,7587499713,1.0,TOP_LANE,4318.0,13875.0,200.0,924058,OUTER_TURRET,BUILDING_KILL
0.0,TOWER_BUILDING,1020337,7587499713,7.0,MID_LANE,5048.0,4812.0,100.0,1003291,INNER_TURRET,BUILDING_KILL
0.0,TOWER_BUILDING,1020337,7587499713,6.0,BOT_LANE,6919.0,1483.0,100.0,1011634,INNER_TURRET,BUILDING_KILL
0.0,TOWER_BUILDING,1140388,7587499713,1.0,TOP_LANE,7943.0,13411.0,200.0,1114743,INNER_TURRET,BUILDING_KILL
0.0,TOWER_BUILDING,1200411,7587499713,6.0,TOP_LANE,981.0,10441.0,100.0,1188183,OUTER_TURRET,BUILDING_KILL
0.0,TOWER_BUILDING,1380436,7587499713,6.0,TOP_LANE,1512.0,6699.0,100.0,1353361,INNER_TURRET,BUILDING_KILL
0.0,TOWER_BUILDING,1380436,7587499713,6.0,TOP_LANE,1169.0,4287.0,100.0,1366820,BASE_TURRET,BUILDING_KILL
0.0,TOWER_BUILDING,1440462,7587499713,5.0,MID_LANE,8955.0,8510.0,200.0,1425381,OUTER_TURRET,BUILDING_KILL
0.0,TOWER_BUILDING,1500495,7587499713,3.0,MID_LANE,9767.0,10113.0,200.0,1463813,INNER_TURRET,BUILDING_KILL
0.0,TOWER_BUILDING,840319,7587299826,3.0,TOP_LANE,4318.0,13875.0,200.0,796189,OUTER_TURRET,BUILDING_KILL
0.0,TOWER_BUILDING,840319,7587299826,1.0,TOP_LANE,7943.0,13411.0,200.0,839684,INNER_TURRET,BUILDING_KILL
200.0,TOWER_BUILDING,960324,7587299826,9.0,BOT_LANE,10504.0,1029.0,100.0,930169,OUTER_TURRET,BUILDING_KILL
0.0,TOWER_BUILDING,1020350,7587299826,1.0,MID_LANE,8955.0,8510.0,200.0,974608,OUTER_TURRET,BUILDING_KILL
0.0,TOWER_BUILDING,1020350,7587299826,4.0,BOT_LANE,13866.0,4505.0,200.0,985539,OUTER_TURRET,BUILDING_KILL
0.0,TOWER_BUILDING,1020350,7587299826,6.0,TOP_LANE,981.0,10441.0,100.0,992201,OUTER_TURRET,BUILDING_KILL
0.0,TOWER_BUILDING,1140395,7587299826,3.0,BOT_LANE,13327.0,8226.0,200.0,1133375,INNER_TURRET,BUILDING_KILL
0.0,TOWER_BUILDING,1200420,7587299826,2.0,BOT_LANE,13624.0,10572.0,200.0,1144875,BASE_TURRET,BUILDING_KILL
0.0,INHIBITOR_BUILDING,1200420,7587299826,3.0,BOT_LANE,13594.0,11319.0,200.0,1158093,,BUILDING_KILL
0.0,TOWER_BUILDING,1320461,7587299826,4.0,MID_LANE,9767.0,10113.0,200.0,1291304,INNER_TURRET,BUILDING_KILL
0.0,TOWER_BUILDING,1320461,7587299826,4.0,MID_LANE,11134.0,11207.0,200.0,1305666,BASE_TURRET,BUILDING_KILL
480.0,TOWER_BUILDING,1380468,7587299826,6.0,TOP_LANE,1512.0,6699.0,100.0,1374946,INNER_TURRET,BUILDING_KILL
250.0,TOWER_BUILDING,1440501,7587299826,8.0,MID_LANE,5846.0,6396.0,100.0,1394489,OUTER_TURRET,BUILDING_KILL
0.0,INHIBITOR_BUILDING,1560534,7587299826,1.0,MID_LANE,11593.0,11669.0,200.0,1553754,,BUILDING_KILL
0.0,INHIBITOR_BUILDING,1577162,7587299826,1.0,BOT_LANE,13594.0,11319.0,200.0,1560768,,BUILDING_KILL
0.0,TOWER_BUILDING,1577162,7587299826,1.0,MID_LANE,13052.0,12612.0,200.0,1565950,NEXUS_TURRET,BUILDING_KILL
0.0,TOWER_BUILDING,1577162,7587299826,2.0,MID_LANE,12611.0,13084.0,200.0,1568288,NEXUS_TURRET,BUILDING_KILL
0.0,TOWER_BUILDING,960316,7586459748,6.0,TOP_LANE,981.0,10441.0,100.0,926175,OUTER_TURRET,BUILDING_KILL
0.0,TOWER_BUILDING,1020322,7586459748,4.0,BOT_LANE,13866.0,4505.0,200.0,967053,OUTER_TURRET,BUILDING_KILL
0.0,TOWER_BUILDING,1080326,7586459748,4.0,TOP_LANE,4318.0,13875.0,200.0,1069718,OUTER_TURRET,BUILDING_KILL
0.0,TOWER_BUILDING,1140353,7586459748,5.0,MID_LANE,8955.0,8510.0,200.0,1116327,OUTER_TURRET,BUILDING_KILL
0.0,TOWER_BUILDING,1200363,7586459748,2.0,MID_LANE,9767.0,10113.0,200.0,1149070,INNER_TURRET,BUILDING_KILL
0.0,TOWER_BUILDING,1500447,7586459748,1.0,BOT_LANE,13327.0,8226.0,200.0,1493439,INNER_TURRET,BUILDING_KILL
0.0,TOWER_BUILDING,1500447,7586459748,4.0,MID_LANE,11134.0,11207.0,200.0,1494975,BASE_TURRET,BUILDING_KILL
0.0,INHIBITOR_BUILDING,1503820,7586459748,5.0,MID_LANE,11593.0,11669.0,200.0,1500780,,BUILDING_KILL
0.0,TOWER_BUILDING,780322,7586928961,4.0,MID_LANE,8955.0,8510.0,200.0,735964,OUTER_TURRET,BUILDING_KILL
0.0,TOWER_BUILDING,840346,7586928961,2.0,TOP_LANE,4318.0,13875.0,200.0,815279,OUTER_TURRET,BUILDING_KILL
0.0,TOWER_BUILDING,900372,7586928961,9.0,BOT_LANE,10504.0,1029.0,100.0,850073,OUTER_TURRET,BUILDING_KILL
0.0,TOWER_BUILDING,900372,7586928961,6.0,TOP_LANE,981.0,10441.0,100.0,867259,OUTER_TURRET,BUILDING_KILL
0.0,TOWER_BUILDING,960384,7586928961,3.0,BOT_LANE,13866.0,4505.0,200.0,907687,OUTER_TURRET,BUILDING_KILL
0.0,TOWER_BUILDING,1080400,7586928961,3.0,MID_LANE,9767.0,10113.0,200.0,1053561,INNER_TURRET,BUILDING_KILL
0.0,TOWER_BUILDING,1080400,7586928961,5.0,TOP_LANE,7943.0,13411.0,200.0,1066578,INNER_TURRET,BUILDING_KILL
0.0,TOWER_BUILDING,1200436,7586928961,4.0,MID_LANE,11134.0,11207.0,200.0,1180770,BASE_TURRET,BUILDING_KILL
0.0,INHIBITOR_BUILDING,1200436,7586928961,1.0,MID_LANE,11593.0,11669.0,200.0,1186515,,BUILDING_KILL
0.0,TOWER_BUILDING,1200436,7586928961,4.0,MID_LANE,13052.0,12612.0,200.0,1192874,NEXUS_TURRET,BUILDING_KILL
0.0,TOWER_BUILDING,1200436,7586928961,3.0,MID_LANE,12611.0,13084.0,200.0,1196949,NEXUS_TURRET,BUILDING_KILL
0.0,TOWER_BUILDING,840330,7586756794,1.0,TOP_LANE,4318.0,13875.0,200.0,831129,OUTER_TURRET,BUILDING_KILL
0.0,TOWER_BUILDING,840330,7586756794,7.0,BOT_LANE,10504.0,1029.0,100.0,832732,OUTER_TURRET,BUILDING_KILL
0.0,TOWER_BUILDING,1020386,7586756794,5.0,BOT_LANE,13866.0,4505.0,200.0,961514,OUTER_TURRET,BUILDING_KILL
0.0,TOWER_BUILDING,1020386,7586756794,4.0,MID_LANE,8955.0,8510.0,200.0,975011,OUTER_TURRET,BUILDING_KILL
0.0,TOWER_BUILDING,1140442,7586756794,3.0,TOP_LANE,7943.0,13411.0,200.0,1133357,INNER_TURRET,BUILDING_KILL
0.0,TOWER_BUILDING,1320472,7586756794,2.0,MID_LANE,9767.0,10113.0,200.0,1287232,INNER_TURRET,BUILDING_KILL
0.0,TOWER_BUILDING,1320472,7586756794,2.0,MID_LANE,11134.0,11207.0,200.0,1316731,BASE_TURRET,BUILDING_KILL
0.0,TOWER_BUILDING,1320472,7586756794,4.0,TOP_LANE,10481.0,13650.0,200.0,1319904,BASE_TURRET,BUILDING_KILL
0.0,INHIBITOR_BUILDING,1380489,7586756794,5.0,TOP_LANE,11275.0,13663.0,200.0,1327461,,BUILDING_KILL
0.0,TOWER_BUILDING,1440520,7586756794,3.0,BOT_LANE,13327.0,8226.0,200.0,1406940,INNER_TURRET,BUILDING_KILL
0.0,INHIBITOR_BUILDING,1500553,7586756794,5.0,MID_LANE,11593.0,11669.0,200.0,1485827,,BUILDING_KILL
0.0,TOWER_BUILDING,900378,7587427554,6.0,TOP_LANE,981.0,10441.0,100.0,872837,OUTER_TURRET,BUILDING_KILL
0.0,TOWER_BUILDING,1020426,7587427554,8.0,BOT_LANE,10504.0,1029.0,100.0,981111,OUTER_TURRET,BUILDING_KILL
0.0,TOWER_BUILDING,1080436,7587427554,2.0,TOP_LANE,4318.0,13875.0,200.0,1020793,OUTER_TURRET,BUILDING_KILL
0.0,TOWER_BUILDING,1140444,7587427554,4.0,MID_LANE,8955.0,8510.0,200.0,1125172,OUTER_TURRET,BUILDING_KILL
0.0,TOWER_BUILDING,1260475,7587427554,0.0,BOT_LANE,13866.0,4505.0,200.0,1229858,OUTER_TURRET,BUILDING_KILL
0.0,TOWER_BUILDING,1380512,7587427554,6.0,MID_LANE,5846.0,6396.0,100.0,1354201,OUTER_TURRET,BUILDING_KILL
0.0,TOWER_BUILDING,1560561,7587427554,8.0,BOT_LANE,6919.0,1483.0,100.0,1543509,INNER_TURRET,BUILDING_KILL
0.0,TOWER_BUILDING,1560561,7587427554,10.0,MID_LANE,5048.0,4812.0,100.0,1546314,INNER_TURRET,BUILDING_KILL
0.0,TOWER_BUILDING,1620581,7587427554,6.0,MID_LANE,3651.0,3696.0,100.0,1577585,BASE_TURRET,BUILDING_KILL
0.0,INHIBITOR_BUILDING,1620581,7587427554,6.0,MID_LANE,3210.0,3217.0,100.0,1583638,,BUILDING_KILL
0.0,TOWER_BUILDING,1740623,7587427554,6.0,BOT_LANE,4281.0,1253.0,100.0,1718968,BASE_TURRET,BUILDING_KILL
0.0,TOWER_BUILDING,1800633,7587427554,8.0,TOP_LANE,1512.0,6699.0,100.0,1784345,INNER_TURRET,BUILDING_KILL
0.0,INHIBITOR_BUILDING,1920647,7587427554,6.0,BOT_LANE,3468.0,1230.0,100.0,1895339,,BUILDING_KILL
0.0,INHIBITOR_BUILDING,1920647,7587427554,6.0,MID_LANE,3210.0,3217.0,100.0,1910193,,BUILDING_KILL
0.0,TOWER_BUILDING,2081689,7587427554,2.0,MID_LANE,9767.0,10113.0,200.0,2052950,INNER_TURRET,BUILDING_KILL
0.0,TOWER_BUILDING,2081689,7587427554,2.0,MID_LANE,11134.0,11207.0,200.0,2061533,BASE_TURRET,BUILDING_KILL
0.0,INHIBITOR_BUILDING,2081689,7587427554,2.0,MID_LANE,11593.0,11669.0,200.0,2064484,,BUILDING_KILL
0.0,TOWER_BUILDING,2081689,7587427554,4.0,MID_LANE,13052.0,12612.0,200.0,2070963,NEXUS_TURRET,BUILDING_KILL
0.0,TOWER_BUILDING,2081689,7587427554,3.0,MID_LANE,12611.0,13084.0,200.0,2073768,NEXUS_TURRET,BUILDING_KILL
0.0,TOWER_BUILDING,840287,7587270092,1.0,TOP_LANE,4318.0,13875.0,200.0,831819,OUTER_TURRET,BUILDING_KILL
0.0,TOWER_BUILDING,960299,7587270092,6.0,BOT_LANE,10504.0,1029.0,100.0,951982,OUTER_TURRET,BUILDING_KILL
0.0,TOWER_BUILDING,1080319,7587270092,10.0,MID_LANE,5846.0,6396.0,100.0,1027528,OUTER_TURRET,BUILDING_KILL
0.0,TOWER_BUILDING,1080319,7587270092,1.0,BOT_LANE,13866.0,4505.0,200.0,1047393,OUTER_TURRET,BUILDING_KILL
0.0,TOWER_BUILDING,1080319,7587270092,7.0,TOP_LANE,981.0,10441.0,100.0,1072619,OUTER_TURRET,BUILDING_KILL
0.0,TOWER_BUILDING,1140346,7587270092,3.0,MID_LANE,8955.0,8510.0,200.0,1088630,OUTER_TURRET,BUILDING_KILL
0.0,TOWER_BUILDING,1140346,7587270092,8.0,TOP_LANE,1512.0,6699.0,100.0,1090768,INNER_TURRET,BUILDING_KILL
0.0,TOWER_BUILDING,1380406,7587270092,9.0,MID_LANE,5048.0,4812.0,100.0,1368251,INNER_TURRET,BUILDING_KILL
0.0,TOWER_BUILDING,1500442,7587270092,9.0,BOT_LANE,6919.0,1483.0,100.0,1494142,INNER_TURRET,BUILDING_KILL
0.0,TOWER_BUILDING,1552636,7587270092,6.0,BOT_LANE,4281.0,1253.0,100.0,1507723,BASE_TURRET,BUILDING_KILL
0.0,INHIBITOR_BUILDING,1552636,7587270092,9.0,BOT_LANE,3468.0,1230.0,100.0,1530597,,BUILDING_KILL
0.0,TOWER_BUILDING,1552636,7587270092,6.0,MID_LANE,2177.0,1807.0,100.0,1536055,NEXUS_TURRET,BUILDING_KILL
0.0,TOWER_BUILDING,1552636,7587270092,9.0,MID_LANE,1748.0,2270.0,100.0,1541499,NEXUS_TURRET,BUILDING_KILL
0.0,TOWER_BUILDING,900364,7585818754,1.0,TOP_LANE,4318.0,13875.0,200.0,858819,OUTER_TURRET,BUILDING_KILL
0.0,TOWER_BUILDING,900364,7585818754,5.0,BOT_LANE,13866.0,4505.0,200.0,862226,OUTER_TURRET,BUILDING_KILL
0.0,TOWER_BUILDING,960376,7585818754,4.0,MID_LANE,8955.0,8510.0,200.0,924567,OUTER_TURRET,BUILDING_KILL
0.0,TOWER_BUILDING,960376,7585818754,1.0,TOP_LANE,7943.0,13411.0,200.0,958005,INNER_TURRET,BUILDING_KILL
0.0,TOWER_BUILDING,1320508,7585818754,4.0,BOT_LANE,13327.0,8226.0,200.0,1262364,INNER_TURRET,BUILDING_KILL
0.0,TOWER_BUILDING,1380533,7585818754,1.0,MID_LANE,9767.0,10113.0,200.0,1359944,INNER_TURRET,BUILDING_KILL
0.0,TOWER_BUILDING,1380533,7585818754,1.0,MID_LANE,11134.0,11207.0,200.0,1370764,BASE_TURRET,BUILDING_KILL
0.0,TOWER_BUILDING,1500564,7585818754,6.0,TOP_LANE,981.0,10441.0,100.0,1489317,OUTER_TURRET,BUILDING_KILL
0.0,TOWER_BUILDING,1620599,7585818754,6.0,BOT_LANE,10504.0,1029.0,100.0,1581825,OUTER_TURRET,BUILDING_KILL
0.0,TOWER_BUILDING,1740639,7585818754,6.0,BOT_LANE,6919.0,1483.0,100.0,1718276,INNER_TURRET,BUILDING_KILL
0.0,TOWER_BUILDING,1740639,7585818754,9.0,MID_LANE,5846.0,6396.0,100.0,1728211,OUTER_TURRET,BUILDING_KILL
0.0,TOWER_BUILDING,1800640,7585818754,8.0,MID_LANE,5048.0,4812.0,100.0,1752963,INNER_TURRET,BUILDING_KILL
0.0,TOWER_BUILDING,900306,7587327156,7.0,MID_LANE,5846.0,6396.0,100.0,846044,OUTER_TURRET,BUILDING_KILL
0.0,TOWER_BUILDING,900306,7587327156,10.0,BOT_LANE,10504.0,1029.0,100.0,865179,OUTER_TURRET,BUILDING_KILL
0.0,TOWER_BUILDING,900306,7587327156,2.0,TOP_LANE,4318.0,13875.0,200.0,865713,OUTER_TURRET,BUILDING_KILL
0.0,TOWER_BUILDING,900306,7587327156,6.0,TOP_LANE,981.0,10441.0,100.0,891716,OUTER_TURRET,BUILDING_KILL
0.0,TOWER_BUILDING,1140415,7587327156,9.0,MID_LANE,5048.0,4812.0,100.0,1121775,INNER_TURRET,BUILDING_KILL
0.0,TOWER_BUILDING,1320447,7587327156,2.0,TOP_LANE,7943.0,13411.0,200.0,1263414,INNER_TURRET,BUILDING_KILL
0.0,TOWER_BUILDING,1320447,7587327156,6.0,BOT_LANE,6919.0,1483.0,100.0,1301954,INNER_TURRET,BUILDING_KILL
0.0,TOWER_BUILDING,1440472,7587327156,6.0,TOP_LANE,1512.0,6699.0,100.0,1411949,INNER_TURRET,BUILDING_KILL
0.0,TOWER_BUILDING,1440472,7587327156,6.0,TOP_LANE,1169.0,4287.0,100.0,1425707,BASE_TURRET,BUILDING_KILL
0.0,TOWER_BUILDING,1620535,7587327156,3.0,MID_LANE,8955.0,8510.0,200.0,1581701,OUTER_TURRET,BUILDING_KILL
0.0,TOWER_BUILDING,1620535,7587327156,1.0,MID_LANE,9767.0,10113.0,200.0,1594591,INNER_TURRET,BUILDING_KILL
0.0,TOWER_BUILDING,1740562,7587327156,2.0,BOT_LANE,13866.0,4505.0,200.0,1721319,OUTER_TURRET,BUILDING_KILL
0.0,TOWER_BUILDING,1772863,7587327156,6.0,MID_LANE,3651.0,3696.0,100.0,1747240,BASE_TURRET,BUILDING_KILL
0.0,INHIBITOR_BUILDING,1772863,7587327156,6.0,MID_LANE,3210.0,3217.0,100.0,1752785,,BUILDING_KILL
0.0,TOWER_BUILDING,1772863,7587327156,6.0,MID_LANE,2177.0,1807.0,100.0,1763771,NEXUS_TURRET,BUILDING_KILL
0.0,TOWER_BUILDING,1772863,7587327156,7.0,MID_LANE,1748.0,2270.0,100.0,1765174,NEXUS_TURRET,BUILDING_KILL
0.0,TOWER_BUILDING,960306,7586951969,9.0,BOT_LANE,10504.0,1029.0,100.0,923133,OUTER_TURRET,BUILDING_KILL
0.0,TOWER_BUILDING,1020332,7586951969,1.0,BOT_LANE,13866.0,4505.0,200.0,986604,OUTER_TURRET,BUILDING_KILL
0.0,TOWER_BUILDING,1020332,7586951969,8.0,TOP_LANE,981.0,10441.0,100.0,988466,OUTER_TURRET,BUILDING_KILL
0.0,TOWER_BUILDING,1020332,7586951969,8.0,TOP_LANE,1512.0,6699.0,100.0,1018600,INNER_TURRET,BUILDING_KILL
0.0,TOWER_BUILDING,1140368,7586951969,8.0,MID_LANE,5846.0,6396.0,100.0,1092282,OUTER_TURRET,BUILDING_KILL
0.0,TOWER_BUILDING,1140368,7586951969,10.0,MID_LANE,5048.0,4812.0,100.0,1112242,INNER_TURRET,BUILDING_KILL
0.0,TOWER_BUILDING,900308,7586982395,9.0,BOT_LANE,10504.0,1029.0,100.0,848525,OUTER_TURRET,BUILDING_KILL
0.0,TOWER_BUILDING,900308,7586982395,4.0,MID_LANE,8955.0,8510.0,200.0,854787,OUTER_TURRET,BUILDING_KILL
0.0,TOWER_BUILDING,1020343,7586982395,6.0,TOP_LANE,981.0,10441.0,100.0,996408,OUTER_TURRET,BUILDING_KILL
0.0,TOWER_BUILDING,1080349,7586982395,3.0,BOT_LANE,13866.0,4505.0,200.0,1072376,OUTER_TURRET,BUILDING_KILL
0.0,TOWER_BUILDING,1260384,7586982395,1.0,TOP_LANE,4318.0,13875.0,200.0,1251252,OUTER_TURRET,BUILDING_KILL
0.0,TOWER_BUILDING,1500462,7586982395,1.0,MID_LANE,9767.0,10113.0,200.0,1451532,INNER_TURRET,BUILDING_KILL
0.0,TOWER_BUILDING,1500462,7586982395,6.0,MID_LANE,5846.0,6396.0,100.0,1479085,OUTER_TURRET,BUILDING_KILL
0.0,TOWER_BUILDING,1500462,7586982395,9.0,BOT_LANE,6919.0,1483.0,100.0,1480922,INNER_TURRET,BUILDING_KILL
0.0,TOWER_BUILDING,1560492,7586982395,8.0,MID_LANE,5048.0,4812.0,100.0,1506608,INNER_TURRET,BUILDING_KILL
0.0,TOWER_BUILDING,1680532,7586982395,9.0,MID_LANE,3651.0,3696.0,100.0,1620601,BASE_TURRET,BUILDING_KILL
0.0,INHIBITOR_BUILDING,1680532,7586982395,6.0,MID_LANE,3210.0,3217.0,100.0,1628885,,BUILDING_KILL
0.0,TOWER_BUILDING,1680532,7586982395,9.0,BOT_LANE,4281.0,1253.0,100.0,1633429,BASE_TURRET,BUILDING_KILL
0.0,INHIBITOR_BUILDING,1680532,7586982395,9.0,BOT_LANE,3468.0,1230.0,100.0,1641679,,BUILDING_KILL
0.0,TOWER_BUILDING,1715375,7586982395,8.0,MID_LANE,1748.0,2270.0,100.0,1701114,NEXUS_TURRET,BUILDING_KILL
0.0,TOWER_BUILDING,1715375,7586982395,8.0,MID_LANE,2177.0,1807.0,100.0,1702816,NEXUS_TURRET,BUILDING_KILL
0.0,TOWER_BUILDING,900334,7586160483,4.0,BOT_LANE,13866.0,4505.0,200.0,886064,OUTER_TURRET,BUILDING_KILL
0.0,TOWER_BUILDING,900334,7586160483,3.0,MID_LANE,8955.0,8510.0,200.0,889894,OUTER_TURRET,BUILDING_KILL
0.0,TOWER_BUILDING,900334,7586160483,1.0,TOP_LANE,4318.0,13875.0,200.0,893502,OUTER_TURRET,BUILDING_KILL
0.0,TOWER_BUILDING,900264,7586547443,6.0,TOP_LANE,981.0,10441.0,100.0,866440,OUTER_TURRET,BUILDING_KILL
0.0,TOWER_BUILDING,1020355,7586209246,6.0,TOP_LANE,981.0,10441.0,100.0,995706,OUTER_TURRET,BUILDING_KILL
0.0,TOWER_BUILDING,1020355,7586209246,10.0,MID_LANE,5846.0,6396.0,100.0,995973,OUTER_TURRET,BUILDING_KILL
0.0,TOWER_BUILDING,1020355,7586209246,3.0,BOT_LANE,13866.0,4505.0,200.0,998613,OUTER_TURRET,BUILDING_KILL
0.0,TOWER_BUILDING,1020355,7586209246,7.0,MID_LANE,5048.0,4812.0,100.0,1011742,INNER_TURRET,BUILDING_KILL
0.0,TOWER_BUILDING,1200398,7586209246,9.0,BOT_LANE,10504.0,1029.0,100.0,1164214,OUTER_TURRET,BUILDING_KILL
200.0,TOWER_BUILDING,1200398,7586209246,1.0,TOP_LANE,4318.0,13875.0,200.0,1167787,OUTER_TURRET,BUILDING_KILL
0.0,TOWER_BUILDING,1560516,7586209246,1.0,MID_LANE,8955.0,8510.0,200.0,1546276,OUTER_TURRET,BUILDING_KILL
0.0,TOWER_BUILDING,1620542,7586209246,6.0,TOP_LANE,1512.0,6699.0,100.0,1578457,INNER_TURRET,BUILDING_KILL
0.0,TOWER_BUILDING,1620542,7586209246,7.0,BOT_LANE,6919.0,1483.0,100.0,1608293,INNER_TURRET,BUILDING_KILL
0.0,TOWER_BUILDING,1800583,7586209246,6.0,MID_LANE,3651.0,3696.0,100.0,1797908,BASE_TURRET,BUILDING_KILL
0.0,TOWER_BUILDING,1860166,7586209246,7.0,BOT_LANE,4281.0,1253.0,100.0,1807400,BASE_TURRET,BUILDING_KILL
0.0,INHIBITOR_BUILDING,1860166,7586209246,10.0,MID_LANE,3210.0,3217.0,100.0,1810640,,BUILDING_KILL
0.0,INHIBITOR_BUILDING,1860166,7586209246,7.0,BOT_LANE,3468.0,1230.0,100.0,1816550,,BUILDING_KILL
0.0,TOWER_BUILDING,1860166,7586209246,6.0,MID_LANE,2177.0,1807.0,100.0,1842958,NEXUS_TURRET,BUILDING_KILL
0.0,TOWER_BUILDING,1860166,7586209246,7.0,MID_LANE,1748.0,2270.0,100.0,1848403,NEXUS_TURRET,BUILDING_KILL
0.0,TOWER_BUILDING,780330,7585886794,1.0,TOP_LANE,4318.0,13875.0,200.0,765056,OUTER_TURRET,BUILDING_KILL
0.0,TOWER_BUILDING,840344,7585886794,4.0,BOT_LANE,13866.0,4505.0,200.0,836770,OUTER_TURRET,BUILDING_KILL
0.0,TOWER_BUILDING,900371,7585771102,8.0,BOT_LANE,10504.0,1029.0,100.0,892291,OUTER_TURRET,BUILDING_KILL
0.0,TOWER_BUILDING,900371,7585771102,1.0,TOP_LANE,4318.0,13875.0,200.0,897950,OUTER_TURRET,BUILDING_KILL
0.0,TOWER_BUILDING,1080409,7585771102,2.0,MID_LANE,8955.0,8510.0,200.0,1073915,OUTER_TURRET,BUILDING_KILL
0.0,TOWER_BUILDING,1200436,7585771102,7.0,MID_LANE,5846.0,6396.0,100.0,1153317,OUTER_TURRET,BUILDING_KILL
0.0,TOWER_BUILDING,1200436,7585771102,1.0,BOT_LANE,13866.0,4505.0,200.0,1158761,OUTER_TURRET,BUILDING_KILL
0.0,TOWER_BUILDING,1320464,7585771102,3.0,MID_LANE,9767.0,10113.0,200.0,1280951,INNER_TURRET,BUILDING_KILL
0.0,TOWER_BUILDING,1380497,7585771102,6.0,TOP_LANE,981.0,10441.0,100.0,1337523,OUTER_TURRET,BUILDING_KILL
0.0,TOWER_BUILDING,1380497,7585771102,6.0,TOP_LANE,1512.0,6699.0,100.0,1358052,INNER_TURRET,BUILDING_KILL
0.0,TOWER_BUILDING,1500541,7585771102,3.0,TOP_LANE,7943.0,13411.0,200.0,1496401,INNER_TURRET,BUILDING_KILL
0.0,TOWER_BUILDING,1620549,7585771102,1.0,BOT_LANE,13327.0,8226.0,200.0,1591604,INNER_TURRET,BUILDING_KILL
0.0,TOWER_BUILDING,1656484,7585771102,4.0,MID_LANE,11134.0,11207.0,200.0,1628667,BASE_TURRET,BUILDING_KILL
0.0,INHIBITOR_BUILDING,1656484,7585771102,1.0,MID_LANE,11593.0,11669.0,200.0,1634248,,BUILDING_KILL
0.0,TOWER_BUILDING,1656484,7585771102,1.0,MID_LANE,13052.0,12612.0,200.0,1640928,NEXUS_TURRET,BUILDING_KILL
0.0,TOWER_BUILDING,1656484,7585771102,1.0,MID_LANE,12611.0,13084.0,200.0,1645747,NEXUS_TURRET,BUILDING_KILL
0.0,TOWER_BUILDING,1020355,7587253721,10.0,BOT_LANE,10504.0,1029.0,100.0,1005931,OUTER_TURRET,BUILDING_KILL
0.0,TOWER_BUILDING,1020355,7587253721,8.0,MID_LANE,5846.0,6396.0,100.0,1010606,OUTER_TURRET,BUILDING_KILL
0.0,TOWER_BUILDING,1200394,7587253721,6.0,TOP_LANE,981.0,10441.0,100.0,1192145,OUTER_TURRET,BUILDING_KILL
0.0,TOWER_BUILDING,1260403,7587253721,10.0,MID_LANE,5048.0,4812.0,100.0,1241190,INNER_TURRET,BUILDING_KILL
0.0,TOWER_BUILDING,1320415,7587253721,8.0,BOT_LANE,6919.0,1483.0,100.0,1287405,INNER_TURRET,BUILDING_KILL
0.0,TOWER_BUILDING,1620513,7587253721,1.0,TOP_LANE,4318.0,13875.0,200.0,1584897,OUTER_TURRET,BUILDING_KILL
0.0,TOWER_BUILDING,1800558,7587253721,9.0,TOP_LANE,1512.0,6699.0,100.0,1761967,INNER_TURRET,BUILDING_KILL
0.0,TOWER_BUILDING,1800558,7587253721,9.0,TOP_LANE,1169.0,4287.0,100.0,1777306,BASE_TURRET,BUILDING_KILL
0.0,INHIBITOR_BUILDING,1800558,7587253721,10.0,TOP_LANE,1172.0,3583.0,100.0,1785539,,BUILDING_KILL
0.0,TOWER_BUILDING,1800558,7587253721,9.0,MID_LANE,1748.0,2270.0,100.0,1799623,NEXUS_TURRET,BUILDING_KILL
0.0,TOWER_BUILDING,1827048,7587253721,9.0,MID_LANE,2177.0,1807.0,100.0,1803998,NEXUS_TURRET,BUILDING_KILL
0.0,TOWER_BUILDING,780303,7586220423,5.0,TOP_LANE,4318.0,13875.0,200.0,751407,OUTER_TURRET,BUILDING_KILL
0.0,TOWER_BUILDING,960383,7586220423,3.0,BOT_LANE,13866.0,4505.0,200.0,938856,OUTER_TURRET,BUILDING_KILL
0.0,TOWER_BUILDING,1080415,7586220423,6.0,BOT_LANE,10504.0,1029.0,100.0,1022751,OUTER_TURRET,BUILDING_KILL
0.0,TOWER_BUILDING,1080415,7586220423,4.0,MID_LANE,8955.0,8510.0,200.0,1038520,OUTER_TURRET,BUILDING_KILL
0.0,TOWER_BUILDING,1320474,7586220423,9.0,MID_LANE,5846.0,6396.0,100.0,1295429,OUTER_TURRET,BUILDING_KILL
0.0,TOWER_BUILDING,1380500,7586220423,8.0,TOP_LANE,981.0,10441.0,100.0,1334890,OUTER_TURRET,BUILDING_KILL
0.0,TOWER_BUILDING,1560533,7586220423,0.0,MID_LANE,5048.0,4812.0,100.0,1525296,INNER_TURRET,BUILDING_KILL
0.0,TOWER_BUILDING,1680581,7586220423,2.0,BOT_LANE,13327.0,8226.0,200.0,1631614,INNER_TURRET,BUILDING_KILL
0.0,TOWER_BUILDING,1680581,7586220423,3.0,BOT_LANE,13624.0,10572.0,200.0,1641657,BASE_TURRET,BUILDING_KILL
0.0,INHIBITOR_BUILDING,1680581,7586220423,4.0,BOT_LANE,13594.0,11319.0,200.0,1651172,,BUILDING_KILL
0.0,TOWER_BUILDING,1680581,7586220423,5.0,MID_LANE,13052.0,12612.0,200.0,1661694,NEXUS_TURRET,BUILDING_KILL
0.0,TOWER_BUILDING,1680581,7586220423,0.0,MID_LANE,9767.0,10113.0,200.0,1680547,INNER_TURRET,BUILDING_KILL
0.0,TOWER_BUILDING,1860651,7586220423,9.0,MID_LANE,3651.0,3696.0,100.0,1800830,BASE_TURRET,BUILDING_KILL
0.0,INHIBITOR_BUILDING,1860651,7586220423,9.0,MID_LANE,3210.0,3217.0,100.0,1806408,,BUILDING_KILL
0.0,TOWER_BUILDING,1920601,7586220423,2.0,MID_LANE,11134.0,11207.0,200.0,1911182,BASE_TURRET,BUILDING_KILL
0.0,TOWER_BUILDING,840305,7586240685,7.0,BOT_LANE,10504.0,1029.0,100.0,803987,OUTER_TURRET,BUILDING_KILL
0.0,TOWER_BUILDING,960356,7586240685,4.0,BOT_LANE,13866.0,4505.0,200.0,953675,OUTER_TURRET,BUILDING_KILL
0.0,TOWER_BUILDING,1020378,7586240685,1.0,TOP_LANE,4318.0,13875.0,200.0,1012213,OUTER_TURRET,BUILDING_KILL
0.0,TOWER_BUILDING,1140396,7586240685,4.0,MID_LANE,8955.0,8510.0,200.0,1123144,OUTER_TURRET,BUILDING_KILL
0.0,TOWER_BUILDING,1200422,7586240685,3.0,TOP_LANE,7943.0,13411.0,200.0,1141774,INNER_TURRET,BUILDING_KILL
0.0,TOWER_BUILDING,1260430,7586240685,8.0,TOP_LANE,981.0,10441.0,100.0,1258022,OUTER_TURRET,BUILDING_KILL
0.0,TOWER_BUILDING,1320463,7586240685,4.0,MID_LANE,9767.0,10113.0,200.0,1266242,INNER_TURRET,BUILDING_KILL
0.0,TOWER_BUILDING,1320463,7586240685,4.0,MID_LANE,11134.0,11207.0,200.0,1286541,BASE_TURRET,BUILDING_KILL
0.0,TOWER_BUILDING,1320463,7586240685,8.0,TOP_LANE,1512.0,6699.0,100.0,1293319,INNER_TURRET,BUILDING_KILL
0.0,INHIBITOR_BUILDING,1320463,7586240685,3.0,MID_LANE,11593.0,11669.0,200.0,1295657,,BUILDING_KILL
0.0,TOWER_BUILDING,1320463,7586240685,1.0,BOT_LANE,13327.0,8226.0,200.0,1302644,INNER_TURRET,BUILDING_KILL
0.0,TOWER_BUILDING,1320463,7586240685,4.0,MID_LANE,13052.0,12612.0,200.0,1309925,NEXUS_TURRET,BUILDING_KILL
0.0,TOWER_BUILDING,1364690,7586240685,2.0,MID_LANE,12611.0,13084.0,200.0,1342695,NEXUS_TURRET,BUILDING_KILL
0.0,TOWER_BUILDING,1364690,7586240685,0.0,BOT_LANE,13624.0,10572.0,200.0,1360092,BASE_TURRET,BUILDING_KILL
0.0,TOWER_BUILDING,900315,7587260710,3.0,TOP_LANE,4318.0,13875.0,200.0,881423,OUTER_TURRET,BUILDING_KILL
0.0,TOWER_BUILDING,960343,7587260710,0.0,TOP_LANE,981.0,10441.0,100.0,955999,OUTER_TURRET,BUILDING_KILL
0.0,TOWER_BUILDING,1200430,7587260710,3.0,BOT_LANE,13866.0,4505.0,200.0,1191139,OUTER_TURRET,BUILDING_KILL
0.0,TOWER_BUILDING,1200430,7587260710,6.0,TOP_LANE,1512.0,6699.0,100.0,1199428,INNER_TURRET,BUILDING_KILL
0.0,TOWER_BUILDING,1320462,7587260710,8.0,MID_LANE,5846.0,6396.0,100.0,1308283,OUTER_TURRET,BUILDING_KILL
0.0,TOWER_BUILDING,1380475,7587260710,6.0,BOT_LANE,10504.0,1029.0,100.0,1364232,OUTER_TURRET,BUILDING_KILL
0.0,TOWER_BUILDING,1440480,7587260710,3.0,MID_LANE,8955.0,8510.0,200.0,1390984,OUTER_TURRET,BUILDING_KILL
0.0,TOWER_BUILDING,1740549,7587260710,4.0,BOT_LANE,13327.0,8226.0,200.0,1717698,INNER_TURRET,BUILDING_KILL
0.0,TOWER_BUILDING,1740549,7587260710,9.0,MID_LANE,5048.0,4812.0,100.0,1723371,INNER_TURRET,BUILDING_KILL
0.0,TOWER_BUILDING,1740549,7587260710,4.0,BOT_LANE,13624.0,10572.0,200.0,1733505,BASE_TURRET,BUILDING_KILL
0.0,INHIBITOR_BUILDING,1740549,7587260710,4.0,BOT_LANE,13594.0,11319.0,200.0,1737346,,BUILDING_KILL
0.0,TOWER_BUILDING,1800563,7587260710,3.0,MID_LANE,9767.0,10113.0,200.0,1754565,INNER_TURRET,BUILDING_KILL
0.0,TOWER_BUILDING,1800563,7587260710,3.0,MID_LANE,11134.0,11207.0,200.0,1779234,BASE_TURRET,BUILDING_KILL
0.0,INHIBITOR_BUILDING,1800563,7587260710,5.0,MID_LANE,11593.0,11669.0,200.0,1782774,,BUILDING_KILL
0.0,TOWER_BUILDING,1860587,7587260710,1.0,MID_LANE,13052.0,12612.0,200.0,1801886,NEXUS_TURRET,BUILDING_KILL
0.0,TOWER_BUILDING,1920616,7587260710,5.0,MID_LANE,12611.0,13084.0,200.0,1912591,NEXUS_TURRET,BUILDING_KILL
0.0,TOWER_BUILDING,660296,7587194383,1.0,TOP_LANE,4318.0,13875.0,200.0,657726,OUTER_TURRET,BUILDING_KILL
0.0,TOWER_BUILDING,720313,7587194383,9.0,BOT_LANE,10504.0,1029.0,100.0,694412,OUTER_TURRET,BUILDING_KILL
0.0,TOWER_BUILDING,1080438,7587194383,8.0,BOT_LANE,6919.0,1483.0,100.0,1026374,INNER_TURRET,BUILDING_KILL
0.0,TOWER_BUILDING,1260507,7587194383,8.0,TOP_LANE,981.0,10441.0,100.0,1245885,OUTER_TURRET,BUILDING_KILL
0.0,TOWER_BUILDING,1380539,7587194383,4.0,MID_LANE,8955.0,8510.0,200.0,1322260,OUTER_TURRET,BUILDING_KILL
0.0,TOWER_BUILDING,1620588,7587194383,4.0,BOT_LANE,13866.0,4505.0,200.0,1587544,OUTER_TURRET,BUILDING_KILL
0.0,TOWER_BUILDING,1620588,7587194383,3.0,BOT_LANE,13327.0,8226.0,200.0,1602517,INNER_TURRET,BUILDING_KILL
0.0,TOWER_BUILDING,1740629,7587194383,4.0,MID_LANE,9767.0,10113.0,200.0,1691176,INNER_TURRET,BUILDING_KILL
150.0,TOWER_BUILDING,1740629,7587194383,10.0,MID_LANE,5846.0,6396.0,100.0,1739900,OUTER_TURRET,BUILDING_KILL
0.0,TOWER_BUILDING,1800647,7587194383,10.0,MID_LANE,5048.0,4812.0,100.0,1750314,INNER_TURRET,BUILDING_KILL
0.0,TOWER_BUILDING,2400839,7587194383,3.0,MID_LANE,11134.0,11207.0,200.0,2388021,BASE_TURRET,BUILDING_KILL
0.0,INHIBITOR_BUILDING,2400839,7587194383,3.0,MID_LANE,11593.0,11669.0,200.0,2391094,,BUILDING_KILL
0.0,TOWER_BUILDING,2400839,7587194383,2.0,MID_LANE,13052.0,12612.0,200.0,2398141,NEXUS_TURRET,BUILDING_KILL
0.0,TOWER_BUILDING,2410023,7587194383,2.0,MID_LANE,12611.0,13084.0,200.0,2402275,NEXUS_TURRET,BUILDING_KILL
0.0,TOWER_BUILDING,960333,7587135522,4.0,BOT_LANE,13866.0,4505.0,200.0,957080,OUTER_TURRET,BUILDING_KILL
0.0,TOWER_BUILDING,1020358,7587135522,1.0,TOP_LANE,4318.0,13875.0,200.0,1008013,OUTER_TURRET,BUILDING_KILL
0.0,TOWER_BUILDING,1080360,7587135522,2.0,MID_LANE,8955.0,8510.0,200.0,1074548,OUTER_TURRET,BUILDING_KILL
0.0,TOWER_BUILDING,1140390,7587135522,4.0,MID_LANE,9767.0,10113.0,200.0,1097571,INNER_TURRET,BUILDING_KILL
0.0,TOWER_BUILDING,1200419,7587135522,3.0,TOP_LANE,7943.0,13411.0,200.0,1172371,INNER_TURRET,BUILDING_KILL
0.0,TOWER_BUILDING,1260445,7587135522,6.0,TOP_LANE,981.0,10441.0,100.0,1228337,OUTER_TURRET,BUILDING_KILL
0.0,TOWER_BUILDING,1380457,7587135522,4.0,BOT_LANE,13327.0,8226.0,200.0,1359442,INNER_TURRET,BUILDING_KILL
0.0,TOWER_BUILDING,1500465,7587135522,9.0,MID_LANE,5846.0,6396.0,100.0,1459502,OUTER_TURRET,BUILDING_KILL
0.0,TOWER_BUILDING,1680507,7587135522,4.0,MID_LANE,11134.0,11207.0,200.0,1635321,BASE_TURRET,BUILDING_KILL
0.0,TOWER_BUILDING,1680507,7587135522,3.0,TOP_LANE,10481.0,13650.0,200.0,1637625,BASE_TURRET,BUILDING_KILL
0.0,INHIBITOR_BUILDING,1680507,7587135522,2.0,MID_LANE,11593.0,11669.0,200.0,1639997,,BUILDING_KILL
0.0,INHIBITOR_BUILDING,1680507,7587135522,4.0,TOP_LANE,11275.0,13663.0,200.0,1644965,,BUILDING_KILL
0.0,TOWER_BUILDING,1680507,7587135522,4.0,MID_LANE,12611.0,13084.0,200.0,1649008,NEXUS_TURRET,BUILDING_KILL
0.0,TOWER_BUILDING,1680507,7587135522,4.0,MID_LANE,13052.0,12612.0,200.0,1655751,NEXUS_TURRET,BUILDING_KILL
0.0,TOWER_BUILDING,1800531,7587135522,2.0,BOT_LANE,13624.0,10572.0,200.0,1797822,BASE_TURRET,BUILDING_KILL
0.0,INHIBITOR_BUILDING,2024556,7587135522,1.0,MID_LANE,11593.0,11669.0,200.0,2000528,,BUILDING_KILL
0.0,TOWER_BUILDING,2024556,7587135522,3.0,MID_LANE,13052.0,12612.0,200.0,2010089,NEXUS_TURRET,BUILDING_KILL
0.0,TOWER_BUILDING,2024556,7587135522,4.0,MID_LANE,12611.0,13084.0,200.0,2012994,NEXUS_TURRET,BUILDING_KILL
0.0,TOWER_BUILDING,900207,7587497734,2.0,MID_LANE,8955.0,8510.0,200.0,844804,OUTER_TURRET,BUILDING_KILL
0.0,TOWER_BUILDING,900207,7587497734,3.0,BOT_LANE,13866.0,4505.0,200.0,871359,OUTER_TURRET,BUILDING_KILL
0.0,TOWER_BUILDING,960213,7587497734,7.0,TOP_LANE,981.0,10441.0,100.0,951662,OUTER_TURRET,BUILDING_KILL
0.0,TOWER_BUILDING,1140357,7587497734,2.0,TOP_LANE,4318.0,13875.0,200.0,1102905,OUTER_TURRET,BUILDING_KILL
0.0,TOWER_BUILDING,1140357,7587497734,6.0,BOT_LANE,10504.0,1029.0,100.0,1123903,OUTER_TURRET,BUILDING_KILL
0.0,TOWER_BUILDING,1200374,7587497734,4.0,MID_LANE,9767.0,10113.0,200.0,1148017,INNER_TURRET,BUILDING_KILL
0.0,TOWER_BUILDING,1200374,7587497734,3.0,MID_LANE,11134.0,11207.0,200.0,1161532,BASE_TURRET,BUILDING_KILL
0.0,TOWER_BUILDING,1200374,7587497734,2.0,TOP_LANE,7943.0,13411.0,200.0,1173697,INNER_TURRET,BUILDING_KILL
0.0,TOWER_BUILDING,780247,7586532386,8.0,BOT_LANE,10504.0,1029.0,100.0,744332,OUTER_TURRET,BUILDING_KILL
0.0,TOWER_BUILDING,840252,7586532386,1.0,TOP_LANE,4318.0,13875.0,200.0,814206,OUTER_TURRET,BUILDING_KILL
0.0,TOWER_BUILDING,1080351,7586532386,6.0,MID_LANE,5846.0,6396.0,100.0,1071826,OUTER_TURRET,BUILDING_KILL
0.0,TOWER_BUILDING,1140383,7586532386,4.0,MID_LANE,8955.0,8510.0,200.0,1104845,OUTER_TURRET,BUILDING_KILL
0.0,TOWER_BUILDING,1260425,7586532386,6.0,TOP_LANE,981.0,10441.0,100.0,1232640,OUTER_TURRET,BUILDING_KILL
0.0,TOWER_BUILDING,1440462,7586532386,1.0,MID_LANE,9767.0,10113.0,200.0,1391945,INNER_TURRET,BUILDING_KILL
0.0,TOWER_BUILDING,1620513,7586532386,2.0,TOP_LANE,7943.0,13411.0,200.0,1579298,INNER_TURRET,BUILDING_KILL
0.0,TOWER_BUILDING,1620513,7586532386,4.0,BOT_LANE,13866.0,4505.0,200.0,1602294,OUTER_TURRET,BUILDING_KILL
0.0,TOWER_BUILDING,1680545,7586532386,3.0,BOT_LANE,13327.0,8226.0,200.0,1663080,INNER_TURRET,BUILDING_KILL
0.0,TOWER_BUILDING,1680545,7586532386,2.0,BOT_LANE,13624.0,10572.0,200.0,1674417,BASE_TURRET,BUILDING_KILL
0.0,INHIBITOR_BUILDING,1680545,7586532386,1.0,BOT_LANE,13594.0,11319.0,200.0,1677723,,BUILDING_KILL
0.0,TOWER_BUILDING,1800587,7586532386,4.0,MID_LANE,11134.0,11207.0,200.0,1762818,BASE_TURRET,BUILDING_KILL
0.0,INHIBITOR_BUILDING,1800587,7586532386,4.0,MID_LANE,11593.0,11669.0,200.0,1771869,,BUILDING_KILL
0.0,TOWER_BUILDING,780392,7586478025,6.0,TOP_LANE,981.0,10441.0,100.0,731065,OUTER_TURRET,BUILDING_KILL
0.0,TOWER_BUILDING,840412,7586478025,8.0,MID_LANE,5846.0,6396.0,100.0,836904,OUTER_TURRET,BUILDING_KILL
0.0,TOWER_BUILDING,960436,7586478025,7.0,BOT_LANE,10504.0,1029.0,100.0,923853,OUTER_TURRET,BUILDING_KILL
0.0,TOWER_BUILDING,1200506,7586478025,7.0,BOT_LANE,6919.0,1483.0,100.0,1166086,INNER_TURRET,BUILDING_KILL
0.0,TOWER_BUILDING,1200506,7586478025,8.0,MID_LANE,5048.0,4812.0,100.0,1184623,INNER_TURRET,BUILDING_KILL
0.0,TOWER_BUILDING,1260534,7586478025,6.0,MID_LANE,3651.0,3696.0,100.0,1222699,BASE_TURRET,BUILDING_KILL
0.0,INHIBITOR_BUILDING,1260534,7586478025,9.0,MID_LANE,3210.0,3217.0,100.0,1228510,,BUILDING_KILL
0.0,TOWER_BUILDING,1380547,7586478025,10.0,BOT_LANE,4281.0,1253.0,100.0,1368012,BASE_TURRET,BUILDING_KILL
0.0,INHIBITOR_BUILDING,1380547,7586478025,6.0,BOT_LANE,3468.0,1230.0,100.0,1373203,,BUILDING_KILL
0.0,TOWER_BUILDING,1440578,7586478025,6.0,MID_LANE,2177.0,1807.0,100.0,1385156,NEXUS_TURRET,BUILDING_KILL
0.0,TOWER_BUILDING,1440578,7586478025,10.0,MID_LANE,1748.0,2270.0,100.0,1404925,NEXUS_TURRET,BUILDING_KILL
0.0,TOWER_BUILDING,720173,7587149451,10.0,BOT_LANE,10504.0,1029.0,100.0,690924,OUTER_TURRET,BUILDING_KILL
0.0,TOWER_BUILDING,1080347,7587149451,9.0,MID_LANE,5846.0,6396.0,100.0,1034085,OUTER_TURRET,BUILDING_KILL
0.0,TOWER_BUILDING,1140367,7587149451,8.0,TOP_LANE,981.0,10441.0,100.0,1099832,OUTER_TURRET,BUILDING_KILL
0.0,TOWER_BUILDING,1200370,7587149451,1.0,TOP_LANE,4318.0,13875.0,200.0,1141713,OUTER_TURRET,BUILDING_KILL
0.0,TOWER_BUILDING,1260389,7587149451,5.0,BOT_LANE,13866.0,4505.0,200.0,1217147,OUTER_TURRET,BUILDING_KILL
0.0,TOWER_BUILDING,1500464,7587149451,8.0,MID_LANE,5048.0,4812.0,100.0,1478893,INNER_TURRET,BUILDING_KILL
0.0,TOWER_BUILDING,1800531,7587149451,4.0,MID_LANE,8955.0,8510.0,200.0,1773513,OUTER_TURRET,BUILDING_KILL
0.0,TOWER_BUILDING,2040599,7587149451,2.0,MID_LANE,9767.0,10113.0,200.0,2002367,INNER_TURRET,BUILDING_KILL
0.0,TOWER_BUILDING,2160612,7587149451,3.0,MID_LANE,11134.0,11207.0,200.0,2111915,BASE_TURRET,BUILDING_KILL
0.0,INHIBITOR_BUILDING,2160612,7587149451,4.0,MID_LANE,11593.0,11669.0,200.0,2115455,,BUILDING_KILL
0.0,TOWER_BUILDING,2160612,7587149451,3.0,MID_LANE,13052.0,12612.0,200.0,2149283,NEXUS_TURRET,BUILDING_KILL
0.0,TOWER_BUILDING,2340643,7587149451,9.0,TOP_LANE,1512.0,6699.0,100.0,2326967,INNER_TURRET,BUILDING_KILL
0.0,TOWER_BUILDING,2340643,7587149451,9.0,TOP_LANE,1169.0,4287.0,100.0,2337699,BASE_TURRET,BUILDING_KILL
0.0,INHIBITOR_BUILDING,2360759,7587149451,10.0,TOP_LANE,1172.0,3583.0,100.0,2340783,,BUILDING_KILL
0.0,TOWER_BUILDING,2360759,7587149451,6.0,MID_LANE,1748.0,2270.0,100.0,2348172,NEXUS_TURRET,BUILDING_KILL
0.0,TOWER_BUILDING,2360759,7587149451,7.0,MID_LANE,2177.0,1807.0,100.0,2355777,NEXUS_TURRET,BUILDING_KILL
0.0,TOWER_BUILDING,780277,7587037668,6.0,TOP_LANE,981.0,10441.0,100.0,747825,OUTER_TURRET,BUILDING_KILL
0.0,TOWER_BUILDING,900290,7587037668,8.0,BOT_LANE,10504.0,1029.0,100.0,854836,OUTER_TURRET,BUILDING_KILL
0.0,TOWER_BUILDING,1020336,7587037668,1.0,TOP_LANE,4318.0,13875.0,200.0,1003101,OUTER_TURRET,BUILDING_KILL
0.0,TOWER_BUILDING,1140349,7587037668,4.0,BOT_LANE,13866.0,4505.0,200.0,1110629,OUTER_TURRET,BUILDING_KILL
0.0,TOWER_BUILDING,1200374,7587037668,9.0,MID_LANE,5846.0,6396.0,100.0,1159474,OUTER_TURRET,BUILDING_KILL
0.0,TOWER_BUILDING,1440427,7587037668,1.0,MID_LANE,8955.0,8510.0,200.0,1392223,OUTER_TURRET,BUILDING_KILL
0.0,TOWER_BUILDING,1440427,7587037668,6.0,TOP_LANE,1512.0,6699.0,100.0,1405238,INNER_TURRET,BUILDING_KILL
0.0,TOWER_BUILDING,1620467,7587037668,9.0,MID_LANE,5048.0,4812.0,100.0,1591295,INNER_TURRET,BUILDING_KILL
0.0,TOWER_BUILDING,1620467,7587037668,9.0,MID_LANE,3651.0,3696.0,100.0,1603138,BASE_TURRET,BUILDING_KILL
0.0,TOWER_BUILDING,1620467,7587037668,10.0,BOT_LANE,6919.0,1483.0,100.0,1620434,INNER_TURRET,BUILDING_KILL
0.0,INHIBITOR_BUILDING,1659679,7587037668,8.0,MID_LANE,3210.0,3217.0,100.0,1623248,,BUILDING_KILL
0.0,TOWER_BUILDING,1659679,7587037668,8.0,MID_LANE,1748.0,2270.0,100.0,1643680,NEXUS_TURRET,BUILDING_KILL
0.0,TOWER_BUILDING,1659679,7587037668,9.0,MID_LANE,2177.0,1807.0,100.0,1646152,NEXUS_TURRET,BUILDING_KILL
0.0,TOWER_BUILDING,780296,7587405973,8.0,TOP_LANE,981.0,10441.0,100.0,774614,OUTER_TURRET,BUILDING_KILL
0.0,TOWER_BUILDING,900336,7587405973,10.0,BOT_LANE,10504.0,1029.0,100.0,892457,OUTER_TURRET,BUILDING_KILL
0.0,TOWER_BUILDING,1200394,7587405973,6.0,MID_LANE,5846.0,6396.0,100.0,1174254,OUTER_TURRET,BUILDING_KILL
0.0,TOWER_BUILDING,1380457,7587405973,7.0,BOT_LANE,6919.0,1483.0,100.0,1363373,INNER_TURRET,BUILDING_KILL
0.0,TOWER_BUILDING,1440463,7587405973,6.0,MID_LANE,5048.0,4812.0,100.0,1390616,INNER_TURRET,BUILDING_KILL
0.0,TOWER_BUILDING,1440463,7587405973,6.0,MID_LANE,3651.0,3696.0,100.0,1404766,BASE_TURRET,BUILDING_KILL
0.0,TOWER_BUILDING,1440463,7587405973,7.0,BOT_LANE,4281.0,1253.0,100.0,1404933,BASE_TURRET,BUILDING_KILL
0.0,INHIBITOR_BUILDING,1440463,7587405973,9.0,MID_LANE,3210.0,3217.0,100.0,1412214,,BUILDING_KILL
0.0,INHIBITOR_BUILDING,1440463,7587405973,8.0,BOT_LANE,3468.0,1230.0,100.0,1413183,,BUILDING_KILL
0.0,TOWER_BUILDING,1542065,7587405973,6.0,TOP_LANE,1512.0,6699.0,100.0,1536753,INNER_TURRET,BUILDING_KILL
0.0,TOWER_BUILDING,840289,7586367750,4.0,BOT_LANE,13866.0,4505.0,200.0,810925,OUTER_TURRET,BUILDING_KILL
0.0,TOWER_BUILDING,960322,7586367750,8.0,TOP_LANE,981.0,10441.0,100.0,923763,OUTER_TURRET,BUILDING_KILL
0.0,TOWER_BUILDING,1080336,7586367750,6.0,BOT_LANE,10504.0,1029.0,100.0,1061188,OUTER_TURRET,BUILDING_KILL
0.0,TOWER_BUILDING,1140365,7586367750,9.0,MID_LANE,5846.0,6396.0,100.0,1115376,OUTER_TURRET,BUILDING_KILL
0.0,TOWER_BUILDING,1260397,7586367750,3.0,TOP_LANE,4318.0,13875.0,200.0,1246180,OUTER_TURRET,BUILDING_KILL
0.0,TOWER_BUILDING,1320428,7586367750,10.0,BOT_LANE,6919.0,1483.0,100.0,1268280,INNER_TURRET,BUILDING_KILL
0.0,TOWER_BUILDING,1380429,7586367750,10.0,MID_LANE,5048.0,4812.0,100.0,1328994,INNER_TURRET,BUILDING_KILL
0.0,TOWER_BUILDING,660238,7585920904,4.0,BOT_LANE,13866.0,4505.0,200.0,629880,OUTER_TURRET,BUILDING_KILL
0.0,TOWER_BUILDING,840280,7585920904,4.0,MID_LANE,8955.0,8510.0,200.0,828330,OUTER_TURRET,BUILDING_KILL
0.0,TOWER_BUILDING,840313,7586830524,4.0,BOT_LANE,13866.0,4505.0,200.0,829554,OUTER_TURRET,BUILDING_KILL
0.0,TOWER_BUILDING,960359,7586830524,1.0,TOP_LANE,4318.0,13875.0,200.0,947225,OUTER_TURRET,BUILDING_KILL
0.0,TOWER_BUILDING,1020390,7586830524,4.0,MID_LANE,8955.0,8510.0,200.0,1002738,OUTER_TURRET,BUILDING_KILL
0.0,TOWER_BUILDING,1080406,7586830524,8.0,TOP_LANE,981.0,10441.0,100.0,1077300,OUTER_TURRET,BUILDING_KILL
0.0,TOWER_BUILDING,1140413,7586830524,4.0,MID_LANE,9767.0,10113.0,200.0,1096710,INNER_TURRET,BUILDING_KILL
0.0,TOWER_BUILDING,1140413,7586830524,6.0,BOT_LANE,10504.0,1029.0,100.0,1106596,OUTER_TURRET,BUILDING_KILL
0.0,TOWER_BUILDING,1140413,7586830524,6.0,BOT_LANE,6919.0,1483.0,100.0,1135704,INNER_TURRET,BUILDING_KILL
0.0,TOWER_BUILDING,1320445,7586830524,1.0,TOP_LANE,7943.0,13411.0,200.0,1314666,INNER_TURRET,BUILDING_KILL
0.0,TOWER_BUILDING,1500500,7586830524,3.0,BOT_LANE,13327.0,8226.0,200.0,1470292,INNER_TURRET,BUILDING_KILL
0.0,TOWER_BUILDING,1680527,7586830524,3.0,TOP_LANE,10481.0,13650.0,200.0,1654574,BASE_TURRET,BUILDING_KILL
0.0,INHIBITOR_BUILDING,1680527,7586830524,4.0,TOP_LANE,11275.0,13663.0,200.0,1673825,,BUILDING_KILL
0.0,TOWER_BUILDING,1711265,7586830524,4.0,MID_LANE,12611.0,13084.0,200.0,1682430,NEXUS_TURRET,BUILDING_KILL
0.0,TOWER_BUILDING,1711265,7586830524,4.0,MID_LANE,13052.0,12612.0,200.0,1689078,NEXUS_TURRET,BUILDING_KILL
0.0,TOWER_BUILDING,900340,7586665650,1.0,TOP_LANE,4318.0,13875.0,200.0,876086,OUTER_TURRET,BUILDING_KILL
0.0,TOWER_BUILDING,1080388,7586665650,6.0,TOP_LANE,981.0,10441.0,100.0,1037751,OUTER_TURRET,BUILDING_KILL
0.0,TOWER_BUILDING,1080388,7586665650,8.0,BOT_LANE,10504.0,1029.0,100.0,1050662,OUTER_TURRET,BUILDING_KILL
0.0,TOWER_BUILDING,1200418,7586665650,6.0,MID_LANE,5846.0,6396.0,100.0,1189223,OUTER_TURRET,BUILDING_KILL
0.0,TOWER_BUILDING,1260435,7586665650,4.0,MID_LANE,8955.0,8510.0,200.0,1233656,OUTER_TURRET,BUILDING_KILL
0.0,TOWER_BUILDING,1260435,7586665650,1.0,BOT_LANE,13866.0,4505.0,200.0,1251377,OUTER_TURRET,BUILDING_KILL
0.0,TOWER_BUILDING,1320456,7586665650,9.0,MID_LANE,5048.0,4812.0,100.0,1270022,INNER_TURRET,BUILDING_KILL
0.0,TOWER_BUILDING,1320456,7586665650,9.0,TOP_LANE,1512.0,6699.0,100.0,1291342,INNER_TURRET,BUILDING_KILL
400.0,TOWER_BUILDING,1380476,7586665650,3.0,TOP_LANE,7943.0,13411.0,200.0,1373662,INNER_TURRET,BUILDING_KILL
0.0,TOWER_BUILDING,1620568,7586665650,6.0,BOT_LANE,6919.0,1483.0,100.0,1571365,INNER_TURRET,BUILDING_KILL
0.0,TOWER_BUILDING,1800635,7586665650,9.0,MID_LANE,3651.0,3696.0,100.0,1748758,BASE_TURRET,BUILDING_KILL
0.0,INHIBITOR_BUILDING,1800635,7586665650,8.0,MID_LANE,3210.0,3217.0,100.0,1779216,,BUILDING_KILL
0.0,TOWER_BUILDING,1800635,7586665650,6.0,BOT_LANE,4281.0,1253.0,100.0,1800435,BASE_TURRET,BUILDING_KILL
0.0,INHIBITOR_BUILDING,1828628,7586665650,10.0,BOT_LANE,3468.0,1230.0,100.0,1813951,,BUILDING_KILL
0.0,TOWER_BUILDING,900356,7586693955,6.0,TOP_LANE,981.0,10441.0,100.0,843462,OUTER_TURRET,BUILDING_KILL
0.0,TOWER_BUILDING,900356,7586693955,2.0,MID_LANE,8955.0,8510.0,200.0,850110,OUTER_TURRET,BUILDING_KILL
0.0,TOWER_BUILDING,900356,7586693955,4.0,BOT_LANE,13866.0,4505.0,200.0,896059,OUTER_TURRET,BUILDING_KILL
0.0,TOWER_BUILDING,720310,7587487421,4.0,BOT_LANE,13866.0,4505.0,200.0,677641,OUTER_TURRET,BUILDING_KILL
0.0,TOWER_BUILDING,900361,7587487421,3.0,MID_LANE,8955.0,8510.0,200.0,874962,OUTER_TURRET,BUILDING_KILL
0.0,TOWER_BUILDING,900361,7587487421,1.0,TOP_LANE,4318.0,13875.0,200.0,885162,OUTER_TURRET,BUILDING_KILL
0.0,TOWER_BUILDING,1080403,7587487421,4.0,TOP_LANE,7943.0,13411.0,200.0,1021658,INNER_TURRET,BUILDING_KILL
0.0,TOWER_BUILDING,1200449,7587487421,3.0,TOP_LANE,10481.0,13650.0,200.0,1177122,BASE_TURRET,BUILDING_KILL
0.0,TOWER_BUILDING,1200449,7587487421,4.0,MID_LANE,9767.0,10113.0,200.0,1191365,INNER_TURRET,BUILDING_KILL
0.0,TOWER_BUILDING,960310,7586669675,8.0,BOT_LANE,10504.0,1029.0,100.0,936947,OUTER_TURRET,BUILDING_KILL
0.0,TOWER_BUILDING,1080338,7586669675,7.0,MID_LANE,5846.0,6396.0,100.0,1061033,OUTER_TURRET,BUILDING_KILL
0.0,TOWER_BUILDING,1140349,7586669675,6.0,TOP_LANE,981.0,10441.0,100.0,1081474,OUTER_TURRET,BUILDING_KILL
0.0,TOWER_BUILDING,1200360,7586669675,6.0,TOP_LANE,1512.0,6699.0,100.0,1176678,INNER_TURRET,BUILDING_KILL
0.0,TOWER_BUILDING,1200360,7586669675,3.0,BOT_LANE,13866.0,4505.0,200.0,1189188,OUTER_TURRET,BUILDING_KILL
0.0,TOWER_BUILDING,1260371,7586669675,7.0,MID_LANE,5048.0,4812.0,100.0,1218401,INNER_TURRET,BUILDING_KILL
0.0,TOWER_BUILDING,1500478,7586669675,3.0,TOP_LANE,4318.0,13875.0,200.0,1456596,OUTER_TURRET,BUILDING_KILL
0.0,TOWER_BUILDING,1740566,7586669675,8.0,BOT_LANE,6919.0,1483.0,100.0,1687269,INNER_TURRET,BUILDING_KILL
0.0,TOWER_BUILDING,1740566,7586669675,4.0,MID_LANE,8955.0,8510.0,200.0,1729056,OUTER_TURRET,BUILDING_KILL
0.0,TOWER_BUILDING,2040420,7586669675,3.0,BOT_LANE,13327.0,8226.0,200.0,1999292,INNER_TURRET,BUILDING_KILL
0.0,TOWER_BUILDING,2040420,7586669675,6.0,MID_LANE,3651.0,3696.0,100.0,2006248,BASE_TURRET,BUILDING_KILL
0.0,INHIBITOR_BUILDING,2040420,7586669675,9.0,MID_LANE,3210.0,3217.0,100.0,2009488,,BUILDING_KILL
0.0,TOWER_BUILDING,2040420,7586669675,7.0,MID_LANE,2177.0,1807.0,100.0,2018847,NEXUS_TURRET,BUILDING_KILL
0.0,TOWER_BUILDING,2040420,7586669675,9.0,MID_LANE,1748.0,2270.0,100.0,2022940,NEXUS_TURRET,BUILDING_KILL
0.0,TOWER_BUILDING,780323,7587477048,1.0,BOT_LANE,13866.0,4505.0,200.0,741898,OUTER_TURRET,BUILDING_KILL
0.0,TOWER_BUILDING,840349,7587477048,1.0,TOP_LANE,4318.0,13875.0,200.0,813450,OUTER_TURRET,BUILDING_KILL
0.0,TOWER_BUILDING,900361,7587477048,1.0,TOP_LANE,7943.0,13411.0,200.0,845959,INNER_TURRET,BUILDING_KILL
0.0,TOWER_BUILDING,960386,7587477048,1.0,MID_LANE,8955.0,8510.0,200.0,947929,OUTER_TURRET,BUILDING_KILL
0.0,TOWER_BUILDING,1140440,7587477048,10.0,MID_LANE,5846.0,6396.0,100.0,1095044,OUTER_TURRET,BUILDING_KILL
0.0,TOWER_BUILDING,1140440,7587477048,1.0,MID_LANE,9767.0,10113.0,200.0,1121669,INNER_TURRET,BUILDING_KILL
0.0,TOWER_BUILDING,1189593,7587477048,4.0,MID_LANE,11134.0,11207.0,200.0,1168173,BASE_TURRET,BUILDING_KILL
0.0,TOWER_BUILDING,840365,7586291471,2.0,MID_LANE,8955.0,8510.0,200.0,836156,OUTER_TURRET,BUILDING_KILL
0.0,TOWER_BUILDING,900365,7586291471,6.0,TOP_LANE,981.0,10441.0,100.0,870953,OUTER_TURRET,BUILDING_KILL
0.0,TOWER_BUILDING,1020383,7586291471,1.0,BOT_LANE,13866.0,4505.0,200.0,1018988,OUTER_TURRET,BUILDING_KILL
0.0,TOWER_BUILDING,1080408,7586291471,1.0,BOT_LANE,13327.0,8226.0,200.0,1066842,INNER_TURRET,BUILDING_KILL
0.0,TOWER_BUILDING,1194154,7586291471,5.0,TOP_LANE,4318.0,13875.0,200.0,1187908,OUTER_TURRET,BUILDING_KILL
0.0,TOWER_BUILDING,900247,7587377295,6.0,TOP_LANE,981.0,10441.0,100.0,857794,OUTER_TURRET,BUILDING_KILL
0.0,TOWER_BUILDING,960251,7587377295,6.0,MID_LANE,5846.0,6396.0,100.0,951826,OUTER_TURRET,BUILDING_KILL
0.0,TOWER_BUILDING,1080304,7587377295,7.0,BOT_LANE,10504.0,1029.0,100.0,1044480,OUTER_TURRET,BUILDING_KILL
0.0,TOWER_BUILDING,1140328,7587377295,8.0,TOP_LANE,1512.0,6699.0,100.0,1085749,INNER_TURRET,BUILDING_KILL
0.0,TOWER_BUILDING,1140328,7587377295,1.0,TOP_LANE,4318.0,13875.0,200.0,1134496,OUTER_TURRET,BUILDING_KILL
0.0,TOWER_BUILDING,1260363,7587377295,3.0,MID_LANE,8955.0,8510.0,200.0,1237994,OUTER_TURRET,BUILDING_KILL
0.0,TOWER_BUILDING,1320376,7587377295,2.0,MID_LANE,9767.0,10113.0,200.0,1269915,INNER_TURRET,BUILDING_KILL
0.0,TOWER_BUILDING,1320376,7587377295,1.0,MID_LANE,11134.0,11207.0,200.0,1279300,BASE_TURRET,BUILDING_KILL
0.0,INHIBITOR_BUILDING,1320376,7587377295,5.0,MID_LANE,11593.0,11669.0,200.0,1284057,,BUILDING_KILL
0.0,TOWER_BUILDING,1320376,7587377295,6.0,BOT_LANE,6919.0,1483.0,100.0,1292274,INNER_TURRET,BUILDING_KILL
0.0,TOWER_BUILDING,1440385,7587377295,0.0,MID_LANE,13052.0,12612.0,200.0,1415381,NEXUS_TURRET,BUILDING_KILL
0.0,TOWER_BUILDING,1440385,7587377295,4.0,TOP_LANE,7943.0,13411.0,200.0,1418086,INNER_TURRET,BUILDING_KILL
0.0,TOWER_BUILDING,1620462,7587377295,6.0,BOT_LANE,4281.0,1253.0,100.0,1618407,BASE_TURRET,BUILDING_KILL
0.0,INHIBITOR_BUILDING,1678362,7587377295,6.0,BOT_LANE,3468.0,1230.0,100.0,1625171,,BUILDING_KILL
0.0,TOWER_BUILDING,1678362,7587377295,6.0,MID_LANE,2177.0,1807.0,100.0,1638908,NEXUS_TURRET,BUILDING_KILL
0.0,TOWER_BUILDING,1678362,7587377295,9.0,MID_LANE,1748.0,2270.0,100.0,1650979,NEXUS_TURRET,BUILDING_KILL
0.0,TOWER_BUILDING,1678362,7587377295,0.0,MID_LANE,5048.0,4812.0,100.0,1674421,INNER_TURRET,BUILDING_KILL
0.0,TOWER_BUILDING,1020402,7586558516,6.0,TOP_LANE,981.0,10441.0,100.0,978769,OUTER_TURRET,BUILDING_KILL
0.0,TOWER_BUILDING,1080409,7586558516,8.0,BOT_LANE,10504.0,1029.0,100.0,1039989,OUTER_TURRET,BUILDING_KILL
0.0,TOWER_BUILDING,1080409,7586558516,7.0,MID_LANE,5846.0,6396.0,100.0,1063852,OUTER_TURRET,BUILDING_KILL
0.0,TOWER_BUILDING,1080409,7586558516,1.0,TOP_LANE,4318.0,13875.0,200.0,1063852,OUTER_TURRET,BUILDING_KILL
0.0,TOWER_BUILDING,1200464,7586558516,2.0,MID_LANE,8955.0,8510.0,200.0,1151565,OUTER_TURRET,BUILDING_KILL
0.0,TOWER_BUILDING,1440549,7586558516,7.0,MID_LANE,5048.0,4812.0,100.0,1387242,INNER_TURRET,BUILDING_KILL
0.0,TOWER_BUILDING,1500579,7586558516,10.0,TOP_LANE,1512.0,6699.0,100.0,1498412,INNER_TURRET,BUILDING_KILL
0.0,TOWER_BUILDING,1560609,7586558516,7.0,MID_LANE,3651.0,3696.0,100.0,1514491,BASE_TURRET,BUILDING_KILL
0.0,INHIBITOR_BUILDING,1560609,7586558516,7.0,MID_LANE,3210.0,3217.0,100.0,1519568,,BUILDING_KILL
0.0,TOWER_BUILDING,1560609,7586558516,6.0,TOP_LANE,1169.0,4287.0,100.0,1528337,BASE_TURRET,BUILDING_KILL
0.0,TOWER_BUILDING,780252,7587624922,9.0,BOT_LANE,10504.0,1029.0,100.0,756640,OUTER_TURRET,BUILDING_KILL
0.0,TOWER_BUILDING,1080334,7587624922,1.0,TOP_LANE,4318.0,13875.0,200.0,1040813,OUTER_TURRET,BUILDING_KILL
0.0,TOWER_BUILDING,1140351,7587624922,9.0,MID_LANE,5846.0,6396.0,100.0,1130429,OUTER_TURRET,BUILDING_KILL
0.0,TOWER_BUILDING,1260385,7587624922,0.0,TOP_LANE,981.0,10441.0,100.0,1257609,OUTER_TURRET,BUILDING_KILL
0.0,TOWER_BUILDING,1380419,7587624922,1.0,BOT_LANE,13866.0,4505.0,200.0,1338304,OUTER_TURRET,BUILDING_KILL
0.0,TOWER_BUILDING,1440437,7587624922,7.0,MID_LANE,5048.0,4812.0,100.0,1413483,INNER_TURRET,BUILDING_KILL
0.0,TOWER_BUILDING,1680515,7587624922,6.0,TOP_LANE,1512.0,6699.0,100.0,1665780,INNER_TURRET,BUILDING_KILL
0.0,TOWER_BUILDING,1727859,7587624922,10.0,TOP_LANE,1169.0,4287.0,100.0,1683854,BASE_TURRET,BUILDING_KILL
0.0,INHIBITOR_BUILDING,1727859,7587624922,7.0,TOP_LANE,1172.0,3583.0,100.0,1687594,,BUILDING_KILL
0.0,TOWER_BUILDING,1727859,7587624922,10.0,MID_LANE,3651.0,3696.0,100.0,1690975,BASE_TURRET,BUILDING_KILL
0.0,INHIBITOR_BUILDING,1727859,7587624922,10.0,MID_LANE,3210.0,3217.0,100.0,1696218,,BUILDING_KILL
0.0,TOWER_BUILDING,1727859,7587624922,6.0,MID_LANE,1748.0,2270.0,100.0,1704046,NEXUS_TURRET,BUILDING_KILL
0.0,TOWER_BUILDING,1727859,7587624922,10.0,MID_LANE,2177.0,1807.0,100.0,1711229,NEXUS_TURRET,BUILDING_KILL
0.0,TOWER_BUILDING,720291,7587537332,9.0,BOT_LANE,10504.0,1029.0,100.0,667945,OUTER_TURRET,BUILDING_KILL
0.0,TOWER_BUILDING,780315,7587537332,10.0,MID_LANE,5846.0,6396.0,100.0,765229,OUTER_TURRET,BUILDING_KILL
0.0,TOWER_BUILDING,780315,7587537332,6.0,TOP_LANE,981.0,10441.0,100.0,770309,OUTER_TURRET,BUILDING_KILL
0.0,TOWER_BUILDING,840346,7587537332,1.0,BOT_LANE,13866.0,4505.0,200.0,807208,OUTER_TURRET,BUILDING_KILL
0.0,TOWER_BUILDING,960377,7587537332,7.0,MID_LANE,5048.0,4812.0,100.0,914792,INNER_TURRET,BUILDING_KILL
0.0,TOWER_BUILDING,960377,7587537332,8.0,TOP_LANE,1512.0,6699.0,100.0,936115,INNER_TURRET,BUILDING_KILL
0.0,TOWER_BUILDING,1200437,7587537332,7.0,MID_LANE,3651.0,3696.0,100.0,1149177,BASE_TURRET,BUILDING_KILL
0.0,INHIBITOR_BUILDING,1200437,7587537332,8.0,MID_LANE,3210.0,3217.0,100.0,1154132,,BUILDING_KILL
0.0,TOWER_BUILDING,1200437,7587537332,9.0,MID_LANE,1748.0,2270.0,100.0,1165112,NEXUS_TURRET,BUILDING_KILL
0.0,TOWER_BUILDING,1200437,7587537332,9.0,MID_LANE,2177.0,1807.0,100.0,1177487,NEXUS_TURRET,BUILDING_KILL
0.0,TOWER_BUILDING,900356,7587432249,7.0,TOP_LANE,981.0,10441.0,100.0,864965,OUTER_TURRET,BUILDING_KILL
0.0,TOWER_BUILDING,932410,7587432249,8.0,BOT_LANE,10504.0,1029.0,100.0,901758,OUTER_TURRET,BUILDING_KILL
0.0,TOWER_BUILDING,840346,7586806603,3.0,MID_LANE,8955.0,8510.0,200.0,790687,OUTER_TURRET,BUILDING_KILL
0.0,TOWER_BUILDING,900367,7586806603,1.0,BOT_LANE,13866.0,4505.0,200.0,869447,OUTER_TURRET,BUILDING_KILL
0.0,TOWER_BUILDING,960384,7586806603,4.0,TOP_LANE,4318.0,13875.0,200.0,958847,OUTER_TURRET,BUILDING_KILL
250.0,TOWER_BUILDING,1020384,7586806603,6.0,TOP_LANE,981.0,10441.0,100.0,1017643,OUTER_TURRET,BUILDING_KILL
0.0,TOWER_BUILDING,1140434,7586806603,4.0,TOP_LANE,7943.0,13411.0,200.0,1090792,INNER_TURRET,BUILDING_KILL
250.0,TOWER_BUILDING,1140434,7586806603,8.0,MID_LANE,5846.0,6396.0,100.0,1099077,OUTER_TURRET,BUILDING_KILL
0.0,TOWER_BUILDING,1140434,7586806603,4.0,TOP_LANE,10481.0,13650.0,200.0,1117610,BASE_TURRET,BUILDING_KILL
0.0,TOWER_BUILDING,840295,7586277962,6.0,TOP_LANE,981.0,10441.0,100.0,827533,OUTER_TURRET,BUILDING_KILL
0.0,TOWER_BUILDING,900297,7586277962,9.0,MID_LANE,5846.0,6396.0,100.0,852287,OUTER_TURRET,BUILDING_KILL
0.0,TOWER_BUILDING,900297,7586277962,8.0,BOT_LANE,10504.0,1029.0,100.0,890320,OUTER_TURRET,BUILDING_KILL
0.0,TOWER_BUILDING,1020315,7586277962,8.0,MID_LANE,5048.0,4812.0,100.0,975756,INNER_TURRET,BUILDING_KILL
0.0,TOWER_BUILDING,1140329,7586277962,7.0,TOP_LANE,1512.0,6699.0,100.0,1100884,INNER_TURRET,BUILDING_KILL
0.0,TOWER_BUILDING,1260386,7586277962,8.0,BOT_LANE,6919.0,1483.0,100.0,1240783,INNER_TURRET,BUILDING_KILL
0.0,TOWER_BUILDING,1320403,7586277962,7.0,BOT_LANE,4281.0,1253.0,100.0,1286860,BASE_TURRET,BUILDING_KILL
0.0,TOWER_BUILDING,1380419,7586277962,0.0,TOP_LANE,1169.0,4287.0,100.0,1334697,BASE_TURRET,BUILDING_KILL
250.0,TOWER_BUILDING,1500462,7586277962,4.0,MID_LANE,8955.0,8510.0,200.0,1478087,OUTER_TURRET,BUILDING_KILL
0.0,INHIBITOR_BUILDING,1620501,7586277962,8.0,BOT_LANE,3468.0,1230.0,100.0,1563653,,BUILDING_KILL
0.0,TOWER_BUILDING,1800538,7586277962,9.0,MID_LANE,3651.0,3696.0,100.0,1747493,BASE_TURRET,BUILDING_KILL
0.0,INHIBITOR_BUILDING,1800538,7586277962,9.0,MID_LANE,3210.0,3217.0,100.0,1751752,,BUILDING_KILL
0.0,INHIBITOR_BUILDING,1800538,7586277962,8.0,TOP_LANE,1172.0,3583.0,100.0,1757200,,BUILDING_KILL
0.0,TOWER_BUILDING,1800538,7586277962,6.0,MID_LANE,2177.0,1807.0,100.0,1782665,NEXUS_TURRET,BUILDING_KILL
0.0,TOWER_BUILDING,1800538,7586277962,6.0,MID_LANE,1748.0,2270.0,100.0,1787907,NEXUS_TURRET,BUILDING_KILL
0.0,TOWER_BUILDING,900326,7587029914,1.0,BOT_LANE,13866.0,4505.0,200.0,869679,OUTER_TURRET,BUILDING_KILL
0.0,TOWER_BUILDING,900326,7587029914,4.0,MID_LANE,8955.0,8510.0,200.0,883685,OUTER_TURRET,BUILDING_KILL
0.0,TOWER_BUILDING,900336,7586570832,8.0,TOP_LANE,981.0,10441.0,100.0,849346,OUTER_TURRET,BUILDING_KILL
0.0,TOWER_BUILDING,900336,7586570832,4.0,BOT_LANE,13866.0,4505.0,200.0,864124,OUTER_TURRET,BUILDING_KILL
0.0,TOWER_BUILDING,1080337,7586570832,7.0,BOT_LANE,10504.0,1029.0,100.0,1022040,OUTER_TURRET,BUILDING_KILL
0.0,TOWER_BUILDING,1080337,7586570832,10.0,BOT_LANE,6919.0,1483.0,100.0,1051015,INNER_TURRET,BUILDING_KILL
0.0,TOWER_BUILDING,1140347,7586570832,2.0,MID_LANE,8955.0,8510.0,200.0,1098844,OUTER_TURRET,BUILDING_KILL
0.0,TOWER_BUILDING,1140347,7586570832,6.0,TOP_LANE,1512.0,6699.0,100.0,1117537,INNER_TURRET,BUILDING_KILL
0.0,TOWER_BUILDING,1200378,7586570832,8.0,MID_LANE,5846.0,6396.0,100.0,1156025,OUTER_TURRET,BUILDING_KILL
0.0,TOWER_BUILDING,1440440,7586570832,7.0,MID_LANE,5048.0,4812.0,100.0,1418247,INNER_TURRET,BUILDING_KILL
0.0,TOWER_BUILDING,1440440,7586570832,7.0,MID_LANE,3651.0,3696.0,100.0,1426129,BASE_TURRET,BUILDING_KILL
0.0,INHIBITOR_BUILDING,1440440,7586570832,7.0,MID_LANE,3210.0,3217.0,100.0,1431138,,BUILDING_KILL
0.0,TOWER_BUILDING,1440440,7586570832,8.0,TOP_LANE,1169.0,4287.0,100.0,1440039,BASE_TURRET,BUILDING_KILL
0.0,TOWER_BUILDING,1680492,7586570832,8.0,MID_LANE,2177.0,1807.0,100.0,1678321,NEXUS_TURRET,BUILDING_KILL
0.0,TOWER_BUILDING,1680492,7586570832,8.0,MID_LANE,1748.0,2270.0,100.0,1679490,NEXUS_TURRET,BUILDING_KILL
0.0,TOWER_BUILDING,720335,7587280046,9.0,BOT_LANE,10504.0,1029.0,100.0,705983,OUTER_TURRET,BUILDING_KILL
0.0,TOWER_BUILDING,900387,7587280046,9.0,MID_LANE,5846.0,6396.0,100.0,850930,OUTER_TURRET,BUILDING_KILL
0.0,TOWER_BUILDING,1020435,7587280046,1.0,BOT_LANE,13866.0,4505.0,200.0,985522,OUTER_TURRET,BUILDING_KILL
0.0,TOWER_BUILDING,1020435,7587280046,6.0,TOP_LANE,981.0,10441.0,100.0,988561,OUTER_TURRET,BUILDING_KILL
0.0,TOWER_BUILDING,1080444,7587280046,6.0,TOP_LANE,1512.0,6699.0,100.0,1026848,INNER_TURRET,BUILDING_KILL
0.0,TOWER_BUILDING,1200466,7587280046,9.0,MID_LANE,5048.0,4812.0,100.0,1151399,INNER_TURRET,BUILDING_KILL
0.0,TOWER_BUILDING,1260476,7587280046,8.0,BOT_LANE,6919.0,1483.0,100.0,1237579,INNER_TURRET,BUILDING_KILL
0.0,TOWER_BUILDING,1320490,7587280046,8.0,BOT_LANE,4281.0,1253.0,100.0,1260982,BASE_TURRET,BUILDING_KILL
0.0,TOWER_BUILDING,1320490,7587280046,6.0,TOP_LANE,1169.0,4287.0,100.0,1277969,BASE_TURRET,BUILDING_KILL
350.0,TOWER_BUILDING,1380499,7587280046,5.0,TOP_LANE,4318.0,13875.0,200.0,1345634,OUTER_TURRET,BUILDING_KILL
0.0,INHIBITOR_BUILDING,1380499,7587280046,9.0,BOT_LANE,3468.0,1230.0,100.0,1372878,,BUILDING_KILL
0.0,INHIBITOR_BUILDING,1437592,7587280046,6.0,TOP_LANE,1172.0,3583.0,100.0,1389492,,BUILDING_KILL
0.0,TOWER_BUILDING,1437592,7587280046,0.0,MID_LANE,3651.0,3696.0,100.0,1404346,BASE_TURRET,BUILDING_KILL
0.0,TOWER_BUILDING,1437592,7587280046,9.0,MID_LANE,2177.0,1807.0,100.0,1413264,NEXUS_TURRET,BUILDING_KILL
0.0,TOWER_BUILDING,1437592,7587280046,6.0,MID_LANE,1748.0,2270.0,100.0,1419679,NEXUS_TURRET,BUILDING_KILL
0.0,TOWER_BUILDING,960383,7586435090,9.0,BOT_LANE,10504.0,1029.0,100.0,926811,OUTER_TURRET,BUILDING_KILL
0.0,TOWER_BUILDING,960383,7586435090,1.0,TOP_LANE,4318.0,13875.0,200.0,939299,OUTER_TURRET,BUILDING_KILL
0.0,TOWER_BUILDING,1260489,7586435090,8.0,MID_LANE,5846.0,6396.0,100.0,1214584,OUTER_TURRET,BUILDING_KILL
0.0,TOWER_BUILDING,1440561,7586435090,9.0,MID_LANE,5048.0,4812.0,100.0,1397502,INNER_TURRET,BUILDING_KILL
0.0,TOWER_BUILDING,1620618,7586435090,8.0,TOP_LANE,981.0,10441.0,100.0,1603100,OUTER_TURRET,BUILDING_KILL
0.0,TOWER_BUILDING,1740638,7586435090,1.0,BOT_LANE,13866.0,4505.0,200.0,1700945,OUTER_TURRET,BUILDING_KILL
0.0,TOWER_BUILDING,1800642,7586435090,1.0,MID_LANE,8955.0,8510.0,200.0,1753904,OUTER_TURRET,BUILDING_KILL
0.0,TOWER_BUILDING,1800642,7586435090,1.0,MID_LANE,9767.0,10113.0,200.0,1778889,INNER_TURRET,BUILDING_KILL
0.0,TOWER_BUILDING,1860648,7586435090,3.0,MID_LANE,11134.0,11207.0,200.0,1837453,BASE_TURRET,BUILDING_KILL
0.0,INHIBITOR_BUILDING,1860648,7586435090,1.0,MID_LANE,11593.0,11669.0,200.0,1841061,,BUILDING_KILL
0.0,TOWER_BUILDING,1860648,7586435090,5.0,MID_LANE,13052.0,12612.0,200.0,1850347,NEXUS_TURRET,BUILDING_KILL
0.0,TOWER_BUILDING,1860648,7586435090,4.0,MID_LANE,12611.0,13084.0,200.0,1853754,NEXUS_TURRET,BUILDING_KILL
0.0,TOWER_BUILDING,840365,7586437584,1.0,TOP_LANE,4318.0,13875.0,200.0,840331,OUTER_TURRET,BUILDING_KILL
0.0,TOWER_BUILDING,900398,7586437584,8.0,BOT_LANE,10504.0,1029.0,100.0,844707,OUTER_TURRET,BUILDING_KILL
0.0,TOWER_BUILDING,960412,7586437584,3.0,BOT_LANE,13866.0,4505.0,200.0,958141,OUTER_TURRET,BUILDING_KILL
0.0,TOWER_BUILDING,1140487,7586437584,10.0,MID_LANE,5846.0,6396.0,100.0,1089363,OUTER_TURRET,BUILDING_KILL
0.0,TOWER_BUILDING,1140487,7586437584,2.0,MID_LANE,8955.0,8510.0,200.0,1124315,OUTER_TURRET,BUILDING_KILL
0.0,TOWER_BUILDING,1440579,7586437584,3.0,TOP_LANE,7943.0,13411.0,200.0,1390774,INNER_TURRET,BUILDING_KILL
0.0,TOWER_BUILDING,1440579,7586437584,5.0,MID_LANE,9767.0,10113.0,200.0,1395159,INNER_TURRET,BUILDING_KILL
0.0,TOWER_BUILDING,1500609,7586437584,3.0,BOT_LANE,13327.0,8226.0,200.0,1454823,INNER_TURRET,BUILDING_KILL
0.0,TOWER_BUILDING,1500609,7586437584,1.0,BOT_LANE,13624.0,10572.0,200.0,1474703,BASE_TURRET,BUILDING_KILL
0.0,INHIBITOR_BUILDING,1500609,7586437584,3.0,BOT_LANE,13594.0,11319.0,200.0,1483835,,BUILDING_KILL
0.0,TOWER_BUILDING,1521174,7586437584,1.0,MID_LANE,13052.0,12612.0,200.0,1504684,NEXUS_TURRET,BUILDING_KILL
0.0,TOWER_BUILDING,1521174,7586437584,2.0,MID_LANE,12611.0,13084.0,200.0,1507857,NEXUS_TURRET,BUILDING_KILL
0.0,TOWER_BUILDING,720327,7585783705,4.0,BOT_LANE,13866.0,4505.0,200.0,712104,OUTER_TURRET,BUILDING_KILL
0.0,TOWER_BUILDING,900384,7585783705,4.0,MID_LANE,8955.0,8510.0,200.0,889798,OUTER_TURRET,BUILDING_KILL
0.0,TOWER_BUILDING,900384,7585783705,1.0,TOP_LANE,4318.0,13875.0,200.0,892170,OUTER_TURRET,BUILDING_KILL
0.0,TOWER_BUILDING,960389,7585783705,5.0,MID_LANE,9767.0,10113.0,200.0,923019,INNER_TURRET,BUILDING_KILL
0.0,TOWER_BUILDING,1020395,7585783705,8.0,TOP_LANE,981.0,10441.0,100.0,1010783,OUTER_TURRET,BUILDING_KILL
0.0,TOWER_BUILDING,1260478,7585783705,1.0,TOP_LANE,7943.0,13411.0,200.0,1214769,INNER_TURRET,BUILDING_KILL
0.0,TOWER_BUILDING,1320496,7585783705,1.0,BOT_LANE,13327.0,8226.0,200.0,1278834,INNER_TURRET,BUILDING_KILL
0.0,TOWER_BUILDING,1320496,7585783705,1.0,BOT_LANE,13624.0,10572.0,200.0,1297639,BASE_TURRET,BUILDING_KILL
0.0,INHIBITOR_BUILDING,1320496,7585783705,1.0,BOT_LANE,13594.0,11319.0,200.0,1308452,,BUILDING_KILL
0.0,TOWER_BUILDING,1542445,7585783705,1.0,MID_LANE,11134.0,11207.0,200.0,1534941,BASE_TURRET,BUILDING_KILL
0.0,INHIBITOR_BUILDING,1542445,7585783705,1.0,MID_LANE,11593.0,11669.0,200.0,1537180,,BUILDING_KILL
0.0,TOWER_BUILDING,900400,7585814234,9.0,MID_LANE,5846.0,6396.0,100.0,893352,OUTER_TURRET,BUILDING_KILL
0.0,TOWER_BUILDING,900400,7585814234,1.0,TOP_LANE,4318.0,13875.0,200.0,894020,OUTER_TURRET,BUILDING_KILL
0.0,TOWER_BUILDING,1020425,7585814234,6.0,TOP_LANE,981.0,10441.0,100.0,995716,OUTER_TURRET,BUILDING_KILL
0.0,TOWER_BUILDING,1200482,7585814234,7.0,MID_LANE,5048.0,4812.0,100.0,1166285,INNER_TURRET,BUILDING_KILL
0.0,TOWER_BUILDING,1200482,7585814234,6.0,BOT_LANE,10504.0,1029.0,100.0,1187999,OUTER_TURRET,BUILDING_KILL
0.0,TOWER_BUILDING,1440515,7585814234,6.0,TOP_LANE,1512.0,6699.0,100.0,1431396,INNER_TURRET,BUILDING_KILL
250.0,TOWER_BUILDING,1500531,7585814234,3.0,BOT_LANE,13866.0,4505.0,200.0,1453933,OUTER_TURRET,BUILDING_KILL
0.0,TOWER_BUILDING,1620581,7585814234,7.0,MID_LANE,3651.0,3696.0,100.0,1567865,BASE_TURRET,BUILDING_KILL
0.0,INHIBITOR_BUILDING,1676865,7585814234,7.0,MID_LANE,3210.0,3217.0,100.0,1663426,,BUILDING_KILL
0.0,TOWER_BUILDING,840213,7586156599,2.0,TOP_LANE,4318.0,13875.0,200.0,800541,OUTER_TURRET,BUILDING_KILL
0.0,TOWER_BUILDING,900244,7586156599,8.0,MID_LANE,5846.0,6396.0,100.0,852677,OUTER_TURRET,BUILDING_KILL
0.0,TOWER_BUILDING,960275,7586156599,4.0,BOT_LANE,13866.0,4505.0,200.0,921876,OUTER_TURRET,BUILDING_KILL
0.0,TOWER_BUILDING,1020295,7586156599,4.0,MID_LANE,8955.0,8510.0,200.0,1002375,OUTER_TURRET,BUILDING_KILL
0.0,TOWER_BUILDING,1320403,7586156599,9.0,BOT_LANE,10504.0,1029.0,100.0,1296498,OUTER_TURRET,BUILDING_KILL
0.0,TOWER_BUILDING,1440441,7586156599,0.0,MID_LANE,5048.0,4812.0,100.0,1391185,INNER_TURRET,BUILDING_KILL
0.0,TOWER_BUILDING,1440441,7586156599,6.0,TOP_LANE,981.0,10441.0,100.0,1402783,OUTER_TURRET,BUILDING_KILL
0.0,TOWER_BUILDING,1560459,7586156599,8.0,BOT_LANE,6919.0,1483.0,100.0,1553633,INNER_TURRET,BUILDING_KILL
0.0,TOWER_BUILDING,1620481,7586156599,4.0,MID_LANE,9767.0,10113.0,200.0,1606721,INNER_TURRET,BUILDING_KILL
0.0,TOWER_BUILDING,1740499,7586156599,9.0,MID_LANE,3651.0,3696.0,100.0,1705564,BASE_TURRET,BUILDING_KILL
0.0,INHIBITOR_BUILDING,1740499,7586156599,9.0,MID_LANE,3210.0,3217.0,100.0,1711576,,BUILDING_KILL
0.0,TOWER_BUILDING,1980571,7586156599,9.0,MID_LANE,2177.0,1807.0,100.0,1973725,NEXUS_TURRET,BUILDING_KILL
0.0,TOWER_BUILDING,1980571,7586156599,8.0,MID_LANE,1748.0,2270.0,100.0,1975428,NEXUS_TURRET,BUILDING_KILL
0.0,TOWER_BUILDING,900345,7587555299,5.0,TOP_LANE,4318.0,13875.0,200.0,856888,OUTER_TURRET,BUILDING_KILL
0.0,TOWER_BUILDING,900345,7587555299,3.0,MID_LANE,8955.0,8510.0,200.0,879086,OUTER_TURRET,BUILDING_KILL
0.0,TOWER_BUILDING,960373,7587555299,4.0,BOT_LANE,13866.0,4505.0,200.0,930557,OUTER_TURRET,BUILDING_KILL
0.0,TOWER_BUILDING,960373,7587555299,6.0,TOP_LANE,981.0,10441.0,100.0,936735,OUTER_TURRET,BUILDING_KILL
0.0,TOWER_BUILDING,1080405,7587555299,9.0,BOT_LANE,10504.0,1029.0,100.0,1022705,OUTER_TURRET,BUILDING_KILL
0.0,TOWER_BUILDING,1140419,7587555299,3.0,MID_LANE,9767.0,10113.0,200.0,1109019,INNER_TURRET,BUILDING_KILL
0.0,TOWER_BUILDING,1200442,7587555299,8.0,MID_LANE,5846.0,6396.0,100.0,1154864,OUTER_TURRET,BUILDING_KILL
0.0,TOWER_BUILDING,1200442,7587555299,1.0,TOP_LANE,7943.0,13411.0,200.0,1167299,INNER_TURRET,BUILDING_KILL
0.0,TOWER_BUILDING,1260452,7587555299,6.0,BOT_LANE,6919.0,1483.0,100.0,1256113,INNER_TURRET,BUILDING_KILL
0.0,TOWER_BUILDING,1320470,7587555299,9.0,MID_LANE,5048.0,4812.0,100.0,1282995,INNER_TURRET,BUILDING_KILL
0.0,TOWER_BUILDING,1440512,7587555299,1.0,BOT_LANE,13327.0,8226.0,200.0,1404218,INNER_TURRET,BUILDING_KILL
0.0,TOWER_BUILDING,1560538,7587555299,5.0,MID_LANE,11134.0,11207.0,200.0,1543840,BASE_TURRET,BUILDING_KILL
0.0,INHIBITOR_BUILDING,1560538,7587555299,5.0,MID_LANE,11593.0,11669.0,200.0,1547179,,BUILDING_KILL
0.0,TOWER_BUILDING,1560538,7587555299,1.0,MID_LANE,13052.0,12612.0,200.0,1553458,NEXUS_TURRET,BUILDING_KILL
0.0,TOWER_BUILDING,1560538,7587555299,1.0,MID_LANE,12611.0,13084.0,200.0,1555495,NEXUS_TURRET,BUILDING_KILL
0.0,TOWER_BUILDING,900276,7587594546,9.0,BOT_LANE,10504.0,1029.0,100.0,843777,OUTER_TURRET,BUILDING_KILL
0.0,TOWER_BUILDING,960283,7587594546,4.0,BOT_LANE,13866.0,4505.0,200.0,956843,OUTER_TURRET,BUILDING_KILL
0.0,TOWER_BUILDING,1080316,7587594546,2.0,TOP_LANE,4318.0,13875.0,200.0,1053029,OUTER_TURRET,BUILDING_KILL
0.0,TOWER_BUILDING,1080316,7587594546,2.0,TOP_LANE,7943.0,13411.0,200.0,1071634,INNER_TURRET,BUILDING_KILL
0.0,TOWER_BUILDING,1140346,7587594546,9.0,MID_LANE,5846.0,6396.0,100.0,1096820,OUTER_TURRET,BUILDING_KILL
0.0,TOWER_BUILDING,1140346,7587594546,8.0,TOP_LANE,981.0,10441.0,100.0,1125705,OUTER_TURRET,BUILDING_KILL
0.0,TOWER_BUILDING,1200359,7587594546,9.0,MID_LANE,5048.0,4812.0,100.0,1190742,INNER_TURRET,BUILDING_KILL
0.0,TOWER_BUILDING,1500419,7587594546,9.0,BOT_LANE,6919.0,1483.0,100.0,1482182,INNER_TURRET,BUILDING_KILL
0.0,TOWER_BUILDING,1500419,7587594546,7.0,MID_LANE,3651.0,3696.0,100.0,1491899,BASE_TURRET,BUILDING_KILL
0.0,INHIBITOR_BUILDING,1680458,7587594546,0.0,MID_LANE,3210.0,3217.0,100.0,1666530,,BUILDING_KILL
0.0,TOWER_BUILDING,1800519,7587594546,4.0,MID_LANE,8955.0,8510.0,200.0,1746634,OUTER_TURRET,BUILDING_KILL
0.0,TOWER_BUILDING,1851641,7587594546,9.0,BOT_LANE,4281.0,1253.0,100.0,1811539,BASE_TURRET,BUILDING_KILL
0.0,INHIBITOR_BUILDING,1851641,7587594546,6.0,BOT_LANE,3468.0,1230.0,100.0,1816814,,BUILDING_KILL
0.0,TOWER_BUILDING,1851641,7587594546,10.0,MID_LANE,2177.0,1807.0,100.0,1837450,NEXUS_TURRET,BUILDING_KILL
0.0,TOWER_BUILDING,1851641,7587594546,9.0,MID_LANE,1748.0,2270.0,100.0,1839453,NEXUS_TURRET,BUILDING_KILL
0.0,TOWER_BUILDING,900387,7586344236,9.0,BOT_LANE,10504.0,1029.0,100.0,889813,OUTER_TURRET,BUILDING_KILL
0.0,TOWER_BUILDING,900387,7586344236,8.0,MID_LANE,5846.0,6396.0,100.0,898164,OUTER_TURRET,BUILDING_KILL
0.0,TOWER_BUILDING,960404,7586344236,3.0,TOP_LANE,4318.0,13875.0,200.0,901556,OUTER_TURRET,BUILDING_KILL
0.0,TOWER_BUILDING,1020408,7586344236,6.0,BOT_LANE,6919.0,1483.0,100.0,1002174,INNER_TURRET,BUILDING_KILL
0.0,TOWER_BUILDING,1080429,7586344236,6.0,TOP_LANE,981.0,10441.0,100.0,1064749,OUTER_TURRET,BUILDING_KILL
0.0,TOWER_BUILDING,1200443,7586344236,10.0,MID_LANE,5048.0,4812.0,100.0,1150486,INNER_TURRET,BUILDING_KILL
0.0,TOWER_BUILDING,1380474,7586344236,2.0,MID_LANE,8955.0,8510.0,200.0,1336390,OUTER_TURRET,BUILDING_KILL
0.0,TOWER_BUILDING,1500507,7586344236,4.0,MID_LANE,9767.0,10113.0,200.0,1459448,INNER_TURRET,BUILDING_KILL
0.0,TOWER_BUILDING,1500507,7586344236,0.0,BOT_LANE,13866.0,4505.0,200.0,1491366,OUTER_TURRET,BUILDING_KILL
0.0,TOWER_BUILDING,1860586,7586344236,6.0,BOT_LANE,4281.0,1253.0,100.0,1829993,BASE_TURRET,BUILDING_KILL
0.0,INHIBITOR_BUILDING,1860586,7586344236,6.0,BOT_LANE,3468.0,1230.0,100.0,1837412,,BUILDING_KILL
0.0,TOWER_BUILDING,1860586,7586344236,6.0,MID_LANE,3651.0,3696.0,100.0,1842221,BASE_TURRET,BUILDING_KILL
0.0,TOWER_BUILDING,1920612,7586344236,4.0,BOT_LANE,13327.0,8226.0,200.0,1905809,INNER_TURRET,BUILDING_KILL
0.0,TOWER_BUILDING,2040661,7586344236,1.0,MID_LANE,11134.0,11207.0,200.0,2016902,BASE_TURRET,BUILDING_KILL
0.0,INHIBITOR_BUILDING,2040661,7586344236,1.0,MID_LANE,11593.0,11669.0,200.0,2022263,,BUILDING_KILL
0.0,TOWER_BUILDING,2040661,7586344236,3.0,MID_LANE,13052.0,12612.0,200.0,2032388,NEXUS_TURRET,BUILDING_KILL
0.0,TOWER_BUILDING,2040661,7586344236,1.0,MID_LANE,12611.0,13084.0,200.0,2037064,NEXUS_TURRET,BUILDING_KILL
0.0,TOWER_BUILDING,780277,7585851224,3.0,MID_LANE,8955.0,8510.0,200.0,754473,OUTER_TURRET,BUILDING_KILL
0.0,TOWER_BUILDING,840304,7585851224,4.0,BOT_LANE,13866.0,4505.0,200.0,839068,OUTER_TURRET,BUILDING_KILL
0.0,TOWER_BUILDING,900309,7585851224,5.0,BOT_LANE,13327.0,8226.0,200.0,887755,INNER_TURRET,BUILDING_KILL
0.0,TOWER_BUILDING,917421,7585851224,4.0,MID_LANE,9767.0,10113.0,200.0,912667,INNER_TURRET,BUILDING_KILL
0.0,TOWER_BUILDING,840313,7587549144,6.0,TOP_LANE,981.0,10441.0,100.0,798514,OUTER_TURRET,BUILDING_KILL
0.0,TOWER_BUILDING,840313,7587549144,4.0,BOT_LANE,13866.0,4505.0,200.0,832125,OUTER_TURRET,BUILDING_KILL
0.0,TOWER_BUILDING,1140407,7587549144,1.0,BOT_LANE,13327.0,8226.0,200.0,1104822,INNER_TURRET,BUILDING_KILL
0.0,TOWER_BUILDING,1140407,7587549144,6.0,MID_LANE,5846.0,6396.0,100.0,1120827,OUTER_TURRET,BUILDING_KILL
0.0,TOWER_BUILDING,1200435,7587549144,3.0,TOP_LANE,4318.0,13875.0,200.0,1171320,OUTER_TURRET,BUILDING_KILL
0.0,TOWER_BUILDING,1200435,7587549144,9.0,MID_LANE,5048.0,4812.0,100.0,1189915,INNER_TURRET,BUILDING_KILL
0.0,TOWER_BUILDING,1260449,7587549144,9.0,MID_LANE,3651.0,3696.0,100.0,1201244,BASE_TURRET,BUILDING_KILL
0.0,INHIBITOR_BUILDING,1680530,7587549144,6.0,MID_LANE,3210.0,3217.0,100.0,1651696,,BUILDING_KILL
0.0,TOWER_BUILDING,1740544,7587549144,8.0,MID_LANE,2177.0,1807.0,100.0,1686455,NEXUS_TURRET,BUILDING_KILL
0.0,TOWER_BUILDING,1740544,7587549144,3.0,MID_LANE,8955.0,8510.0,200.0,1731966,OUTER_TURRET,BUILDING_KILL
0.0,TOWER_BUILDING,1920617,7587549144,6.0,BOT_LANE,10504.0,1029.0,100.0,1916666,OUTER_TURRET,BUILDING_KILL
0.0,TOWER_BUILDING,1980644,7587549144,6.0,BOT_LANE,6919.0,1483.0,100.0,1937552,INNER_TURRET,BUILDING_KILL
0.0,TOWER_BUILDING,1980644,7587549144,6.0,BOT_LANE,4281.0,1253.0,100.0,1949655,BASE_TURRET,BUILDING_KILL
0.0,INHIBITOR_BUILDING,1980644,7587549144,7.0,BOT_LANE,3468.0,1230.0,100.0,1957986,,BUILDING_KILL
0.0,TOWER_BUILDING,2040662,7587549144,7.0,MID_LANE,2177.0,1807.0,100.0,1984733,NEXUS_TURRET,BUILDING_KILL
0.0,TOWER_BUILDING,2040662,7587549144,10.0,MID_LANE,1748.0,2270.0,100.0,1990511,NEXUS_TURRET,BUILDING_KILL
0.0,INHIBITOR_BUILDING,2040662,7587549144,7.0,MID_LANE,3210.0,3217.0,100.0,2011484,,BUILDING_KILL
0.0,TOWER_BUILDING,2160690,7587549144,6.0,TOP_LANE,1512.0,6699.0,100.0,2151236,INNER_TURRET,BUILDING_KILL
0.0,TOWER_BUILDING,2220703,7587549144,6.0,TOP_LANE,1169.0,4287.0,100.0,2165566,BASE_TURRET,BUILDING_KILL
0.0,TOWER_BUILDING,2280728,7587549144,7.0,MID_LANE,1748.0,2270.0,100.0,2274282,NEXUS_TURRET,BUILDING_KILL
0.0,TOWER_BUILDING,2280728,7587549144,6.0,MID_LANE,2177.0,1807.0,100.0,2277088,NEXUS_TURRET,BUILDING_KILL
0.0,TOWER_BUILDING,780342,7586513486,2.0,BOT_LANE,13866.0,4505.0,200.0,722567,OUTER_TURRET,BUILDING_KILL
0.0,TOWER_BUILDING,840350,7586513486,9.0,MID_LANE,5846.0,6396.0,100.0,794752,OUTER_TURRET,BUILDING_KILL
0.0,TOWER_BUILDING,900359,7586513486,6.0,TOP_LANE,981.0,10441.0,100.0,879591,OUTER_TURRET,BUILDING_KILL
0.0,TOWER_BUILDING,1140405,7586513486,8.0,BOT_LANE,10504.0,1029.0,100.0,1109702,OUTER_TURRET,BUILDING_KILL
0.0,TOWER_BUILDING,1140405,7586513486,1.0,TOP_LANE,4318.0,13875.0,200.0,1126843,OUTER_TURRET,BUILDING_KILL
0.0,TOWER_BUILDING,1320475,7586513486,7.0,MID_LANE,5048.0,4812.0,100.0,1303316,INNER_TURRET,BUILDING_KILL
0.0,TOWER_BUILDING,1320475,7586513486,1.0,BOT_LANE,13327.0,8226.0,200.0,1310297,INNER_TURRET,BUILDING_KILL
0.0,TOWER_BUILDING,1500492,7586513486,1.0,MID_LANE,8955.0,8510.0,200.0,1448281,OUTER_TURRET,BUILDING_KILL
0.0,TOWER_BUILDING,1800586,7586513486,4.0,MID_LANE,9767.0,10113.0,200.0,1750526,INNER_TURRET,BUILDING_KILL
0.0,TOWER_BUILDING,1800586,7586513486,4.0,MID_LANE,11134.0,11207.0,200.0,1765238,BASE_TURRET,BUILDING_KILL
0.0,TOWER_BUILDING,1800586,7586513486,1.0,TOP_LANE,7943.0,13411.0,200.0,1775199,INNER_TURRET,BUILDING_KILL
0.0,INHIBITOR_BUILDING,2460788,7586513486,2.0,MID_LANE,11593.0,11669.0,200.0,2422600,,BUILDING_KILL
0.0,TOWER_BUILDING,2460788,7586513486,4.0,TOP_LANE,10481.0,13650.0,200.0,2426832,BASE_TURRET,BUILDING_KILL
0.0,TOWER_BUILDING,2460788,7586513486,4.0,MID_LANE,12611.0,13084.0,200.0,2432410,NEXUS_TURRET,BUILDING_KILL
0.0,INHIBITOR_BUILDING,2460788,7586513486,1.0,TOP_LANE,11275.0,13663.0,200.0,2438704,,BUILDING_KILL
0.0,TOWER_BUILDING,2681217,7586513486,3.0,MID_LANE,13052.0,12612.0,200.0,2667147,NEXUS_TURRET,BUILDING_KILL
0.0,TOWER_BUILDING,2681217,7586513486,3.0,MID_LANE,12611.0,13084.0,200.0,2669518,NEXUS_TURRET,BUILDING_KILL
0.0,TOWER_BUILDING,780266,7587295850,4.0,BOT_LANE,13866.0,4505.0,200.0,772329,OUTER_TURRET,BUILDING_KILL
0.0,TOWER_BUILDING,900322,7587295850,1.0,TOP_LANE,4318.0,13875.0,200.0,864105,OUTER_TURRET,BUILDING_KILL
0.0,TOWER_BUILDING,900322,7587295850,6.0,TOP_LANE,981.0,10441.0,100.0,899112,OUTER_TURRET,BUILDING_KILL
0.0,TOWER_BUILDING,960330,7587295850,4.0,MID_LANE,8955.0,8510.0,200.0,939856,OUTER_TURRET,BUILDING_KILL
0.0,TOWER_BUILDING,960330,7587295850,6.0,TOP_LANE,1512.0,6699.0,100.0,947555,INNER_TURRET,BUILDING_KILL
0.0,TOWER_BUILDING,1140395,7587295850,4.0,MID_LANE,9767.0,10113.0,200.0,1109562,INNER_TURRET,BUILDING_KILL
0.0,TOWER_BUILDING,900356,7585763340,3.0,BOT_LANE,13866.0,4505.0,200.0,890262,OUTER_TURRET,BUILDING_KILL
0.0,TOWER_BUILDING,960382,7585763340,4.0,MID_LANE,8955.0,8510.0,200.0,939687,OUTER_TURRET,BUILDING_KILL
0.0,TOWER_BUILDING,960382,7585763340,1.0,MID_LANE,9767.0,10113.0,200.0,953201,INNER_TURRET,BUILDING_KILL
0.0,TOWER_BUILDING,1020402,7585763340,6.0,TOP_LANE,981.0,10441.0,100.0,962720,OUTER_TURRET,BUILDING_KILL
0.0,TOWER_BUILDING,1020402,7585763340,8.0,BOT_LANE,10504.0,1029.0,100.0,1014392,OUTER_TURRET,BUILDING_KILL
0.0,TOWER_BUILDING,1200457,7585763340,1.0,TOP_LANE,4318.0,13875.0,200.0,1170535,OUTER_TURRET,BUILDING_KILL
0.0,TOWER_BUILDING,1200457,7585763340,7.0,MID_LANE,5846.0,6396.0,100.0,1189440,OUTER_TURRET,BUILDING_KILL
0.0,TOWER_BUILDING,1500563,7585763340,8.0,BOT_LANE,6919.0,1483.0,100.0,1450780,INNER_TURRET,BUILDING_KILL
0.0,TOWER_BUILDING,1500563,7585763340,1.0,MID_LANE,11134.0,11207.0,200.0,1465300,BASE_TURRET,BUILDING_KILL
0.0,INHIBITOR_BUILDING,1500563,7585763340,1.0,MID_LANE,11593.0,11669.0,200.0,1469575,,BUILDING_KILL
0.0,INHIBITOR_BUILDING,1860664,7585763340,2.0,MID_LANE,11593.0,11669.0,200.0,1856074,,BUILDING_KILL
0.0,TOWER_BUILDING,1870451,7585763340,1.0,MID_LANE,13052.0,12612.0,200.0,1861265,NEXUS_TURRET,BUILDING_KILL
0.0,TOWER_BUILDING,1870451,7585763340,4.0,MID_LANE,12611.0,13084.0,200.0,1863904,NEXUS_TURRET,BUILDING_KILL
0.0,TOWER_BUILDING,900393,7586358869,6.0,TOP_LANE,981.0,10441.0,100.0,857705,OUTER_TURRET,BUILDING_KILL
0.0,TOWER_BUILDING,900393,7586358869,9.0,BOT_LANE,10504.0,1029.0,100.0,864077,OUTER_TURRET,BUILDING_KILL
0.0,TOWER_BUILDING,1020439,7586358869,3.0,BOT_LANE,13866.0,4505.0,200.0,988213,OUTER_TURRET,BUILDING_KILL
0.0,TOWER_BUILDING,1080461,7586358869,9.0,MID_LANE,5846.0,6396.0,100.0,1030228,OUTER_TURRET,BUILDING_KILL
0.0,TOWER_BUILDING,1080461,7586358869,7.0,MID_LANE,5048.0,4812.0,100.0,1047916,INNER_TURRET,BUILDING_KILL
0.0,TOWER_BUILDING,1080461,7586358869,9.0,MID_LANE,3651.0,3696.0,100.0,1060326,BASE_TURRET,BUILDING_KILL
0.0,TOWER_BUILDING,1620597,7586358869,4.0,MID_LANE,8955.0,8510.0,200.0,1574542,OUTER_TURRET,BUILDING_KILL
0.0,INHIBITOR_BUILDING,1680610,7586358869,9.0,MID_LANE,3210.0,3217.0,100.0,1634467,,BUILDING_KILL
0.0,TOWER_BUILDING,1680610,7586358869,9.0,BOT_LANE,6919.0,1483.0,100.0,1653899,INNER_TURRET,BUILDING_KILL
0.0,TOWER_BUILDING,1718641,7586358869,8.0,BOT_LANE,4281.0,1253.0,100.0,1681010,BASE_TURRET,BUILDING_KILL
0.0,INHIBITOR_BUILDING,1718641,7586358869,9.0,BOT_LANE,3468.0,1230.0,100.0,1684660,,BUILDING_KILL
0.0,TOWER_BUILDING,1718641,7586358869,8.0,MID_LANE,2177.0,1807.0,100.0,1696549,NEXUS_TURRET,BUILDING_KILL
0.0,TOWER_BUILDING,1718641,7586358869,10.0,MID_LANE,1748.0,2270.0,100.0,1703827,NEXUS_TURRET,BUILDING_KILL
0.0,TOWER_BUILDING,960339,7587527898,2.0,BOT_LANE,13866.0,4505.0,200.0,935516,OUTER_TURRET,BUILDING_KILL
0.0,TOWER_BUILDING,1080362,7587527898,8.0,MID_LANE,5846.0,6396.0,100.0,1034361,OUTER_TURRET,BUILDING_KILL
0.0,TOWER_BUILDING,1080362,7587527898,8.0,TOP_LANE,981.0,10441.0,100.0,1077623,OUTER_TURRET,BUILDING_KILL
0.0,TOWER_BUILDING,1200398,7587527898,8.0,BOT_LANE,10504.0,1029.0,100.0,1162162,OUTER_TURRET,BUILDING_KILL
0.0,TOWER_BUILDING,1260402,7587527898,6.0,TOP_LANE,1512.0,6699.0,100.0,1255134,INNER_TURRET,BUILDING_KILL
0.0,TOWER_BUILDING,1320423,7587527898,6.0,TOP_LANE,1169.0,4287.0,100.0,1264644,BASE_TURRET,BUILDING_KILL
0.0,INHIBITOR_BUILDING,1320423,7587527898,6.0,TOP_LANE,1172.0,3583.0,100.0,1270989,,BUILDING_KILL
0.0,TOWER_BUILDING,1500450,7587527898,6.0,BOT_LANE,6919.0,1483.0,100.0,1492833,INNER_TURRET,BUILDING_KILL
0.0,TOWER_BUILDING,1620497,7587527898,0.0,TOP_LANE,4318.0,13875.0,200.0,1617557,OUTER_TURRET,BUILDING_KILL
0.0,TOWER_BUILDING,1680498,7587527898,6.0,MID_LANE,5048.0,4812.0,100.0,1656608,INNER_TURRET,BUILDING_KILL
0.0,TOWER_BUILDING,1740509,7587527898,7.0,MID_LANE,3651.0,3696.0,100.0,1729587,BASE_TURRET,BUILDING_KILL
0.0,INHIBITOR_BUILDING,1800531,7587527898,7.0,MID_LANE,3210.0,3217.0,100.0,1741812,,BUILDING_KILL
0.0,TOWER_BUILDING,1860548,7587527898,6.0,BOT_LANE,4281.0,1253.0,100.0,1857931,BASE_TURRET,BUILDING_KILL
0.0,INHIBITOR_BUILDING,1920578,7587527898,8.0,TOP_LANE,1172.0,3583.0,100.0,1860614,,BUILDING_KILL
0.0,INHIBITOR_BUILDING,1920578,7587527898,6.0,BOT_LANE,3468.0,1230.0,100.0,1903489,,BUILDING_KILL
0.0,TOWER_BUILDING,2040624,7587527898,7.0,MID_LANE,1748.0,2270.0,100.0,2036683,NEXUS_TURRET,BUILDING_KILL
0.0,TOWER_BUILDING,2054640,7587527898,9.0,MID_LANE,2177.0,1807.0,100.0,2044153,NEXUS_TURRET,BUILDING_KILL
0.0,TOWER_BUILDING,660288,7585677961,6.0,TOP_LANE,981.0,10441.0,100.0,601640,OUTER_TURRET,BUILDING_KILL
0.0,TOWER_BUILDING,960316,7585677961,3.0,TOP_LANE,4318.0,13875.0,200.0,940803,OUTER_TURRET,BUILDING_KILL
0.0,TOWER_BUILDING,960316,7585677961,6.0,BOT_LANE,10504.0,1029.0,100.0,957043,OUTER_TURRET,BUILDING_KILL
0.0,TOWER_BUILDING,1080327,7585677961,7.0,MID_LANE,5846.0,6396.0,100.0,1055109,OUTER_TURRET,BUILDING_KILL
0.0,TOWER_BUILDING,1200367,7585677961,4.0,MID_LANE,8955.0,8510.0,200.0,1175533,OUTER_TURRET,BUILDING_KILL
0.0,TOWER_BUILDING,1320410,7585677961,8.0,MID_LANE,5048.0,4812.0,100.0,1271676,INNER_TURRET,BUILDING_KILL
0.0,TOWER_BUILDING,1380424,7585677961,3.0,BOT_LANE,13866.0,4505.0,200.0,1339885,OUTER_TURRET,BUILDING_KILL
0.0,TOWER_BUILDING,1380424,7585677961,3.0,BOT_LANE,13327.0,8226.0,200.0,1367012,INNER_TURRET,BUILDING_KILL
0.0,TOWER_BUILDING,1440429,7585677961,6.0,TOP_LANE,1512.0,6699.0,100.0,1383964,INNER_TURRET,BUILDING_KILL
0.0,TOWER_BUILDING,1500452,7585677961,6.0,MID_LANE,3651.0,3696.0,100.0,1480995,BASE_TURRET,BUILDING_KILL
0.0,INHIBITOR_BUILDING,1500452,7585677961,7.0,MID_LANE,3210.0,3217.0,100.0,1488208,,BUILDING_KILL
0.0,TOWER_BUILDING,1588108,7585677961,6.0,MID_LANE,2177.0,1807.0,100.0,1578220,NEXUS_TURRET,BUILDING_KILL
0.0,TOWER_BUILDING,1588108,7585677961,10.0,MID_LANE,1748.0,2270.0,100.0,1579856,NEXUS_TURRET,BUILDING_KILL
0.0,TOWER_BUILDING,840332,7587004039,9.0,BOT_LANE,10504.0,1029.0,100.0,827060,OUTER_TURRET,BUILDING_KILL
0.0,TOWER_BUILDING,900360,7587004039,4.0,BOT_LANE,13866.0,4505.0,200.0,859875,OUTER_TURRET,BUILDING_KILL
0.0,TOWER_BUILDING,900360,7587004039,3.0,MID_LANE,8955.0,8510.0,200.0,863292,OUTER_TURRET,BUILDING_KILL
0.0,TOWER_BUILDING,1020415,7587004039,3.0,TOP_LANE,4318.0,13875.0,200.0,1006538,OUTER_TURRET,BUILDING_KILL
0.0,TOWER_BUILDING,1200439,7587004039,7.0,TOP_LANE,981.0,10441.0,100.0,1189853,OUTER_TURRET,BUILDING_KILL
0.0,TOWER_BUILDING,1560515,7587004039,5.0,MID_LANE,9767.0,10113.0,200.0,1507320,INNER_TURRET,BUILDING_KILL
0.0,TOWER_BUILDING,1620548,7587004039,4.0,TOP_LANE,7943.0,13411.0,200.0,1582959,INNER_TURRET,BUILDING_KILL
0.0,TOWER_BUILDING,1620548,7587004039,4.0,TOP_LANE,10481.0,13650.0,200.0,1600598,BASE_TURRET,BUILDING_KILL
0.0,INHIBITOR_BUILDING,1620548,7587004039,4.0,TOP_LANE,11275.0,13663.0,200.0,1607373,,BUILDING_KILL
0.0,TOWER_BUILDING,1680549,7587004039,4.0,MID_LANE,11134.0,11207.0,200.0,1638596,BASE_TURRET,BUILDING_KILL
0.0,INHIBITOR_BUILDING,1680549,7587004039,4.0,MID_LANE,11593.0,11669.0,200.0,1641768,,BUILDING_KILL
0.0,TOWER_BUILDING,1680549,7587004039,3.0,BOT_LANE,13327.0,8226.0,200.0,1650610,INNER_TURRET,BUILDING_KILL
0.0,TOWER_BUILDING,1680549,7587004039,4.0,BOT_LANE,13624.0,10572.0,200.0,1659440,BASE_TURRET,BUILDING_KILL
0.0,INHIBITOR_BUILDING,1680549,7587004039,2.0,BOT_LANE,13594.0,11319.0,200.0,1664085,,BUILDING_KILL
0.0,TOWER_BUILDING,1680549,7587004039,0.0,MID_LANE,13052.0,12612.0,200.0,1680549,NEXUS_TURRET,BUILDING_KILL
0.0,TOWER_BUILDING,1705992,7587004039,3.0,MID_LANE,12611.0,13084.0,200.0,1690720,NEXUS_TURRET,BUILDING_KILL
0.0,TOWER_BUILDING,660237,7587479120,4.0,BOT_LANE,13866.0,4505.0,200.0,618079,OUTER_TURRET,BUILDING_KILL
0.0,TOWER_BUILDING,900297,7587479120,3.0,MID_LANE,8955.0,8510.0,200.0,860435,OUTER_TURRET,BUILDING_KILL
0.0,TOWER_BUILDING,840356,7587115623,1.0,TOP_LANE,4318.0,13875.0,200.0,832373,OUTER_TURRET,BUILDING_KILL
0.0,TOWER_BUILDING,900377,7587115623,3.0,BOT_LANE,13866.0,4505.0,200.0,844137,OUTER_TURRET,BUILDING_KILL
0.0,TOWER_BUILDING,900377,7587115623,5.0,MID_LANE,8955.0,8510.0,200.0,882386,OUTER_TURRET,BUILDING_KILL
0.0,TOWER_BUILDING,960387,7587115623,3.0,BOT_LANE,13327.0,8226.0,200.0,939871,INNER_TURRET,BUILDING_KILL
0.0,TOWER_BUILDING,1020411,7587115623,1.0,TOP_LANE,7943.0,13411.0,200.0,1012139,INNER_TURRET,BUILDING_KILL
0.0,TOWER_BUILDING,1080432,7587115623,3.0,MID_LANE,9767.0,10113.0,200.0,1037858,INNER_TURRET,BUILDING_KILL
0.0,TOWER_BUILDING,1140441,7587115623,3.0,TOP_LANE,10481.0,13650.0,200.0,1131528,BASE_TURRET,BUILDING_KILL
0.0,TOWER_BUILDING,1200457,7587115623,1.0,BOT_LANE,13624.0,10572.0,200.0,1157383,BASE_TURRET,BUILDING_KILL
0.0,INHIBITOR_BUILDING,1260476,7587115623,4.0,BOT_LANE,13594.0,11319.0,200.0,1212395,,BUILDING_KILL
0.0,TOWER_BUILDING,1260476,7587115623,3.0,MID_LANE,12611.0,13084.0,200.0,1230424,NEXUS_TURRET,BUILDING_KILL
0.0,INHIBITOR_BUILDING,1560539,7587115623,2.0,TOP_LANE,11275.0,13663.0,200.0,1541160,,BUILDING_KILL
0.0,TOWER_BUILDING,1560539,7587115623,2.0,MID_LANE,11134.0,11207.0,200.0,1556096,BASE_TURRET,BUILDING_KILL
0.0,INHIBITOR_BUILDING,1620560,7587115623,4.0,MID_LANE,11593.0,11669.0,200.0,1561643,,BUILDING_KILL
0.0,TOWER_BUILDING,1620560,7587115623,2.0,MID_LANE,13052.0,12612.0,200.0,1587764,NEXUS_TURRET,BUILDING_KILL
0.0,TOWER_BUILDING,1620560,7587115623,4.0,MID_LANE,12611.0,13084.0,200.0,1592684,NEXUS_TURRET,BUILDING_KILL
0.0,INHIBITOR_BUILDING,1620560,7587115623,0.0,BOT_LANE,13594.0,11319.0,200.0,1599065,,BUILDING_KILL
0.0,TOWER_BUILDING,780235,7585990989,1.0,TOP_LANE,4318.0,13875.0,200.0,773260,OUTER_TURRET,BUILDING_KILL
0.0,TOWER_BUILDING,900257,7585990989,2.0,BOT_LANE,13866.0,4505.0,200.0,845461,OUTER_TURRET,BUILDING_KILL
0.0,TOWER_BUILDING,960263,7585990989,4.0,MID_LANE,8955.0,8510.0,200.0,923238,OUTER_TURRET,BUILDING_KILL
0.0,TOWER_BUILDING,1020263,7585990989,8.0,BOT_LANE,10504.0,1029.0,100.0,979261,OUTER_TURRET,BUILDING_KILL
0.0,TOWER_BUILDING,1200310,7585990989,6.0,TOP_LANE,981.0,10441.0,100.0,1167279,OUTER_TURRET,BUILDING_KILL
0.0,TOWER_BUILDING,1320343,7585990989,1.0,MID_LANE,9767.0,10113.0,200.0,1279221,INNER_TURRET,BUILDING_KILL
0.0,TOWER_BUILDING,1320343,7585990989,3.0,TOP_LANE,7943.0,13411.0,200.0,1285586,INNER_TURRET,BUILDING_KILL
0.0,TOWER_BUILDING,1440367,7585990989,1.0,MID_LANE,11134.0,11207.0,200.0,1389179,BASE_TURRET,BUILDING_KILL
0.0,INHIBITOR_BUILDING,1500379,7585990989,4.0,MID_LANE,11593.0,11669.0,200.0,1492338,,BUILDING_KILL
0.0,TOWER_BUILDING,1555766,7585990989,2.0,BOT_LANE,13327.0,8226.0,200.0,1504721,INNER_TURRET,BUILDING_KILL
0.0,TOWER_BUILDING,1555766,7585990989,1.0,BOT_LANE,13624.0,10572.0,200.0,1527515,BASE_TURRET,BUILDING_KILL
0.0,INHIBITOR_BUILDING,1555766,7585990989,4.0,BOT_LANE,13594.0,11319.0,200.0,1533127,,BUILDING_KILL
0.0,TOWER_BUILDING,1555766,7585990989,1.0,MID_LANE,13052.0,12612.0,200.0,1536099,NEXUS_TURRET,BUILDING_KILL
0.0,TOWER_BUILDING,1555766,7585990989,1.0,MID_LANE,12611.0,13084.0,200.0,1543950,NEXUS_TURRET,BUILDING_KILL
0.0,TOWER_BUILDING,900380,7587560171,6.0,TOP_LANE,981.0,10441.0,100.0,859888,OUTER_TURRET,BUILDING_KILL
0.0,TOWER_BUILDING,960387,7587560171,3.0,BOT_LANE,13866.0,4505.0,200.0,919357,OUTER_TURRET,BUILDING_KILL
0.0,TOWER_BUILDING,1140449,7587560171,3.0,MID_LANE,8955.0,8510.0,200.0,1092363,OUTER_TURRET,BUILDING_KILL
0.0,TOWER_BUILDING,1380552,7587560171,6.0,MID_LANE,5846.0,6396.0,100.0,1321889,OUTER_TURRET,BUILDING_KILL
0.0,TOWER_BUILDING,1380552,7587560171,7.0,BOT_LANE,10504.0,1029.0,100.0,1339879,OUTER_TURRET,BUILDING_KILL
0.0,TOWER_BUILDING,1560591,7587560171,3.0,TOP_LANE,4318.0,13875.0,200.0,1520766,OUTER_TURRET,BUILDING_KILL
0.0,TOWER_BUILDING,1676105,7587560171,2.0,BOT_LANE,13327.0,8226.0,200.0,1629087,INNER_TURRET,BUILDING_KILL
0.0,TOWER_BUILDING,1676105,7587560171,1.0,MID_LANE,9767.0,10113.0,200.0,1630189,INNER_TURRET,BUILDING_KILL
0.0,TOWER_BUILDING,1676105,7587560171,4.0,BOT_LANE,13624.0,10572.0,200.0,1639741,BASE_TURRET,BUILDING_KILL
0.0,INHIBITOR_BUILDING,1676105,7587560171,5.0,BOT_LANE,13594.0,11319.0,200.0,1645920,,BUILDING_KILL
0.0,TOWER_BUILDING,1676105,7587560171,1.0,MID_LANE,11134.0,11207.0,200.0,1647155,BASE_TURRET,BUILDING_KILL
0.0,INHIBITOR_BUILDING,1676105,7587560171,2.0,MID_LANE,11593.0,11669.0,200.0,1653336,,BUILDING_KILL
0.0,TOWER_BUILDING,1676105,7587560171,4.0,MID_LANE,13052.0,12612.0,200.0,1655006,NEXUS_TURRET,BUILDING_KILL
0.0,TOWER_BUILDING,1676105,7587560171,2.0,MID_LANE,12611.0,13084.0,200.0,1659248,NEXUS_TURRET,BUILDING_KILL
0.0,TOWER_BUILDING,780268,7585924059,1.0,TOP_LANE,4318.0,13875.0,200.0,743582,OUTER_TURRET,BUILDING_KILL
0.0,TOWER_BUILDING,900313,7585924059,9.0,BOT_LANE,10504.0,1029.0,100.0,892951,OUTER_TURRET,BUILDING_KILL
0.0,TOWER_BUILDING,960345,7585924059,9.0,MID_LANE,5846.0,6396.0,100.0,918667,OUTER_TURRET,BUILDING_KILL
0.0,TOWER_BUILDING,1020366,7585924059,1.0,BOT_LANE,13866.0,4505.0,200.0,989855,OUTER_TURRET,BUILDING_KILL
0.0,TOWER_BUILDING,1260399,7585924059,8.0,TOP_LANE,981.0,10441.0,100.0,1223988,OUTER_TURRET,BUILDING_KILL
0.0,TOWER_BUILDING,1320418,7585924059,7.0,TOP_LANE,1512.0,6699.0,100.0,1287169,INNER_TURRET,BUILDING_KILL
0.0,TOWER_BUILDING,1380420,7585924059,9.0,MID_LANE,5048.0,4812.0,100.0,1364839,INNER_TURRET,BUILDING_KILL
0.0,TOWER_BUILDING,1500468,7585924059,9.0,MID_LANE,3651.0,3696.0,100.0,1482726,BASE_TURRET,BUILDING_KILL
0.0,TOWER_BUILDING,1500468,7585924059,8.0,BOT_LANE,6919.0,1483.0,100.0,1492652,INNER_TURRET,BUILDING_KILL
0.0,INHIBITOR_BUILDING,1500468,7585924059,9.0,MID_LANE,3210.0,3217.0,100.0,1493086,,BUILDING_KILL
0.0,TOWER_BUILDING,1600719,7585924059,9.0,MID_LANE,1748.0,2270.0,100.0,1590571,NEXUS_TURRET,BUILDING_KILL
0.0,TOWER_BUILDING,1600719,7585924059,6.0,MID_LANE,2177.0,1807.0,100.0,1592608,NEXUS_TURRET,BUILDING_KILL
0.0,TOWER_BUILDING,960412,7586427780,3.0,MID_LANE,8955.0,8510.0,200.0,912392,OUTER_TURRET,BUILDING_KILL
0.0,TOWER_BUILDING,960412,7586427780,6.0,BOT_LANE,10504.0,1029.0,100.0,954801,OUTER_TURRET,BUILDING_KILL
0.0,TOWER_BUILDING,1020440,7586427780,1.0,TOP_LANE,4318.0,13875.0,200.0,961699,OUTER_TURRET,BUILDING_KILL
0.0,TOWER_BUILDING,1020440,7586427780,9.0,BOT_LANE,6919.0,1483.0,100.0,997639,INNER_TURRET,BUILDING_KILL
0.0,TOWER_BUILDING,1140479,7586427780,8.0,TOP_LANE,981.0,10441.0,100.0,1114964,OUTER_TURRET,BUILDING_KILL
0.0,TOWER_BUILDING,1140479,7586427780,2.0,BOT_LANE,13866.0,4505.0,200.0,1131313,OUTER_TURRET,BUILDING_KILL
0.0,TOWER_BUILDING,1200488,7586427780,10.0,MID_LANE,5846.0,6396.0,100.0,1186959,OUTER_TURRET,BUILDING_KILL
0.0,TOWER_BUILDING,1740674,7586427780,2.0,BOT_LANE,13327.0,8226.0,200.0,1683328,INNER_TURRET,BUILDING_KILL
0.0,TOWER_BUILDING,1800694,7586427780,4.0,MID_LANE,9767.0,10113.0,200.0,1752159,INNER_TURRET,BUILDING_KILL
0.0,TOWER_BUILDING,1800694,7586427780,1.0,TOP_LANE,7943.0,13411.0,200.0,1760442,INNER_TURRET,BUILDING_KILL
0.0,TOWER_BUILDING,1800694,7586427780,4.0,TOP_LANE,10481.0,13650.0,200.0,1800092,BASE_TURRET,BUILDING_KILL
0.0,INHIBITOR_BUILDING,1843498,7586427780,4.0,TOP_LANE,11275.0,13663.0,200.0,1812801,,BUILDING_KILL
0.0,TOWER_BUILDING,1843498,7586427780,4.0,MID_LANE,12611.0,13084.0,200.0,1831341,NEXUS_TURRET,BUILDING_KILL
0.0,TOWER_BUILDING,1843498,7586427780,5.0,MID_LANE,13052.0,12612.0,200.0,1835249,NEXUS_TURRET,BUILDING_KILL
0.0,TOWER_BUILDING,720360,7586826090,1.0,TOP_LANE,4318.0,13875.0,200.0,673463,OUTER_TURRET,BUILDING_KILL
0.0,TOWER_BUILDING,720360,7586826090,8.0,BOT_LANE,10504.0,1029.0,100.0,717191,OUTER_TURRET,BUILDING_KILL
0.0,TOWER_BUILDING,1020446,7586826090,3.0,MID_LANE,8955.0,8510.0,200.0,999223,OUTER_TURRET,BUILDING_KILL
0.0,TOWER_BUILDING,1080471,7586826090,10.0,MID_LANE,5846.0,6396.0,100.0,1057753,OUTER_TURRET,BUILDING_KILL
0.0,TOWER_BUILDING,1140484,7586826090,6.0,TOP_LANE,981.0,10441.0,100.0,1102000,OUTER_TURRET,BUILDING_KILL
0.0,TOWER_BUILDING,1200517,7586826090,2.0,TOP_LANE,7943.0,13411.0,200.0,1179132,INNER_TURRET,BUILDING_KILL
0.0,TOWER_BUILDING,1200517,7586826090,3.0,BOT_LANE,13866.0,4505.0,200.0,1190922,OUTER_TURRET,BUILDING_KILL
0.0,TOWER_BUILDING,1560594,7586826090,1.0,MID_LANE,9767.0,10113.0,200.0,1502229,INNER_TURRET,BUILDING_KILL
0.0,TOWER_BUILDING,1560594,7586826090,5.0,MID_LANE,11134.0,11207.0,200.0,1508275,BASE_TURRET,BUILDING_KILL
0.0,INHIBITOR_BUILDING,1560594,7586826090,4.0,MID_LANE,11593.0,11669.0,200.0,1511517,,BUILDING_KILL
0.0,TOWER_BUILDING,1560594,7586826090,6.0,BOT_LANE,6919.0,1483.0,100.0,1515291,INNER_TURRET,BUILDING_KILL
0.0,TOWER_BUILDING,1560594,7586826090,6.0,BOT_LANE,4281.0,1253.0,100.0,1535425,BASE_TURRET,BUILDING_KILL
0.0,INHIBITOR_BUILDING,1560594,7586826090,6.0,BOT_LANE,3468.0,1230.0,100.0,1543121,,BUILDING_KILL
0.0,TOWER_BUILDING,1570315,7586826090,5.0,MID_LANE,13052.0,12612.0,200.0,1561696,NEXUS_TURRET,BUILDING_KILL
0.0,TOWER_BUILDING,1570315,7586826090,1.0,MID_LANE,12611.0,13084.0,200.0,1562665,NEXUS_TURRET,BUILDING_KILL
0.0,TOWER_BUILDING,840318,7586782500,6.0,TOP_LANE,981.0,10441.0,100.0,838326,OUTER_TURRET,BUILDING_KILL
0.0,TOWER_BUILDING,960359,7586782500,9.0,MID_LANE,5846.0,6396.0,100.0,912475,OUTER_TURRET,BUILDING_KILL
0.0,TOWER_BUILDING,1020377,7586782500,3.0,BOT_LANE,13866.0,4505.0,200.0,961188,OUTER_TURRET,BUILDING_KILL
0.0,TOWER_BUILDING,1080387,7586782500,7.0,BOT_LANE,10504.0,1029.0,100.0,1067720,OUTER_TURRET,BUILDING_KILL
0.0,TOWER_BUILDING,1200421,7586782500,1.0,TOP_LANE,4318.0,13875.0,200.0,1198907,OUTER_TURRET,BUILDING_KILL
0.0,TOWER_BUILDING,1380448,7586782500,9.0,MID_LANE,5048.0,4812.0,100.0,1328748,INNER_TURRET,BUILDING_KILL
0.0,TOWER_BUILDING,1560488,7586782500,4.0,MID_LANE,8955.0,8510.0,200.0,1522324,OUTER_TURRET,BUILDING_KILL
0.0,TOWER_BUILDING,1620503,7586782500,1.0,BOT_LANE,13327.0,8226.0,200.0,1595506,INNER_TURRET,BUILDING_KILL
0.0,TOWER_BUILDING,1860569,7586782500,9.0,BOT_LANE,6919.0,1483.0,100.0,1828994,INNER_TURRET,BUILDING_KILL
0.0,TOWER_BUILDING,1860569,7586782500,9.0,BOT_LANE,4281.0,1253.0,100.0,1842889,BASE_TURRET,BUILDING_KILL
0.0,TOWER_BUILDING,2100652,7586782500,1.0,MID_LANE,9767.0,10113.0,200.0,2080606,INNER_TURRET,BUILDING_KILL
0.0,TOWER_BUILDING,2340739,7586782500,2.0,BOT_LANE,13624.0,10572.0,200.0,2285948,BASE_TURRET,BUILDING_KILL
0.0,INHIBITOR_BUILDING,2340739,7586782500,2.0,BOT_LANE,13594.0,11319.0,200.0,2290772,,BUILDING_KILL
0.0,TOWER_BUILDING,2340739,7586782500,0.0,MID_LANE,13052.0,12612.0,200.0,2308957,NEXUS_TURRET,BUILDING_KILL
0.0,TOWER_BUILDING,2340739,7586782500,2.0,MID_LANE,12611.0,13084.0,200.0,2319315,NEXUS_TURRET,BUILDING_KILL
0.0,TOWER_BUILDING,2340739,7586782500,0.0,MID_LANE,11134.0,11207.0,200.0,2333231,BASE_TURRET,BUILDING_KILL
0.0,TOWER_BUILDING,900275,7585893415,3.0,MID_LANE,8955.0,8510.0,200.0,892790,OUTER_TURRET,BUILDING_KILL
0.0,TOWER_BUILDING,1080299,7585893415,8.0,BOT_LANE,10504.0,1029.0,100.0,1070029,OUTER_TURRET,BUILDING_KILL
0.0,TOWER_BUILDING,1080299,7585893415,1.0,TOP_LANE,4318.0,13875.0,200.0,1070931,OUTER_TURRET,BUILDING_KILL
0.0,TOWER_BUILDING,1140319,7585893415,10.0,MID_LANE,5846.0,6396.0,100.0,1113966,OUTER_TURRET,BUILDING_KILL
0.0,TOWER_BUILDING,1140319,7585893415,6.0,TOP_LANE,981.0,10441.0,100.0,1127312,OUTER_TURRET,BUILDING_KILL
0.0,TOWER_BUILDING,1200327,7585893415,2.0,BOT_LANE,13866.0,4505.0,200.0,1159046,OUTER_TURRET,BUILDING_KILL
0.0,TOWER_BUILDING,1440412,7585893415,3.0,BOT_LANE,13327.0,8226.0,200.0,1400603,INNER_TURRET,BUILDING_KILL
0.0,TOWER_BUILDING,1680482,7585893415,4.0,TOP_LANE,7943.0,13411.0,200.0,1629884,INNER_TURRET,BUILDING_KILL
0.0,TOWER_BUILDING,1680482,7585893415,2.0,MID_LANE,9767.0,10113.0,200.0,1639814,INNER_TURRET,BUILDING_KILL
0.0,TOWER_BUILDING,1680482,7585893415,3.0,TOP_LANE,10481.0,13650.0,200.0,1647807,BASE_TURRET,BUILDING_KILL
0.0,TOWER_BUILDING,1680482,7585893415,8.0,BOT_LANE,6919.0,1483.0,100.0,1650012,INNER_TURRET,BUILDING_KILL
0.0,INHIBITOR_BUILDING,1680482,7585893415,4.0,TOP_LANE,11275.0,13663.0,200.0,1652016,,BUILDING_KILL
0.0,TOWER_BUILDING,1680482,7585893415,2.0,MID_LANE,11134.0,11207.0,200.0,1658600,BASE_TURRET,BUILDING_KILL
0.0,TOWER_BUILDING,1680482,7585893415,4.0,MID_LANE,12611.0,13084.0,200.0,1658633,NEXUS_TURRET,BUILDING_KILL
0.0,INHIBITOR_BUILDING,1680482,7585893415,4.0,MID_LANE,11593.0,11669.0,200.0,1665714,,BUILDING_KILL
0.0,TOWER_BUILDING,1800508,7585893415,0.0,BOT_LANE,13624.0,10572.0,200.0,1752691,BASE_TURRET,BUILDING_KILL
0.0,INHIBITOR_BUILDING,1903900,7585893415,3.0,BOT_LANE,13594.0,11319.0,200.0,1881774,,BUILDING_KILL
0.0,TOWER_BUILDING,1903900,7585893415,3.0,MID_LANE,13052.0,12612.0,200.0,1888521,NEXUS_TURRET,BUILDING_KILL
0.0,TOWER_BUILDING,1903900,7585893415,3.0,MID_LANE,12611.0,13084.0,200.0,1897018,NEXUS_TURRET,BUILDING_KILL
0.0,TOWER_BUILDING,720264,7587616857,1.0,TOP_LANE,4318.0,13875.0,200.0,692088,OUTER_TURRET,BUILDING_KILL
0.0,TOWER_BUILDING,900304,7587616857,9.0,BOT_LANE,10504.0,1029.0,100.0,845657,OUTER_TURRET,BUILDING_KILL
0.0,TOWER_BUILDING,1020339,7587616857,6.0,TOP_LANE,981.0,10441.0,100.0,961409,OUTER_TURRET,BUILDING_KILL
0.0,TOWER_BUILDING,1200377,7587616857,6.0,TOP_LANE,1512.0,6699.0,100.0,1175518,INNER_TURRET,BUILDING_KILL
0.0,TOWER_BUILDING,1260388,7587616857,9.0,MID_LANE,5846.0,6396.0,100.0,1238939,OUTER_TURRET,BUILDING_KILL
0.0,TOWER_BUILDING,1320388,7587616857,8.0,BOT_LANE,6919.0,1483.0,100.0,1268737,INNER_TURRET,BUILDING_KILL
0.0,TOWER_BUILDING,1378557,7587616857,9.0,MID_LANE,5048.0,4812.0,100.0,1365656,INNER_TURRET,BUILDING_KILL
0.0,TOWER_BUILDING,720221,7587612107,1.0,TOP_LANE,4318.0,13875.0,200.0,707664,OUTER_TURRET,BUILDING_KILL
0.0,TOWER_BUILDING,960301,7587612107,6.0,MID_LANE,5846.0,6396.0,100.0,909720,OUTER_TURRET,BUILDING_KILL
0.0,TOWER_BUILDING,1080348,7587612107,1.0,TOP_LANE,7943.0,13411.0,200.0,1048706,INNER_TURRET,BUILDING_KILL
0.0,TOWER_BUILDING,1140377,7587612107,1.0,BOT_LANE,13866.0,4505.0,200.0,1128018,OUTER_TURRET,BUILDING_KILL
0.0,TOWER_BUILDING,1200393,7587612107,7.0,MID_LANE,5048.0,4812.0,100.0,1170468,INNER_TURRET,BUILDING_KILL
0.0,TOWER_BUILDING,1200393,7587612107,6.0,BOT_LANE,10504.0,1029.0,100.0,1191242,OUTER_TURRET,BUILDING_KILL
0.0,TOWER_BUILDING,1320424,7587612107,1.0,BOT_LANE,13327.0,8226.0,200.0,1294029,INNER_TURRET,BUILDING_KILL
0.0,TOWER_BUILDING,1380447,7587612107,4.0,MID_LANE,8955.0,8510.0,200.0,1338157,OUTER_TURRET,BUILDING_KILL
0.0,TOWER_BUILDING,1380447,7587612107,8.0,MID_LANE,3651.0,3696.0,100.0,1374648,BASE_TURRET,BUILDING_KILL
0.0,INHIBITOR_BUILDING,1440453,7587612107,9.0,MID_LANE,3210.0,3217.0,100.0,1382283,,BUILDING_KILL
0.0,TOWER_BUILDING,1440453,7587612107,6.0,BOT_LANE,6919.0,1483.0,100.0,1415096,INNER_TURRET,BUILDING_KILL
0.0,TOWER_BUILDING,1470122,7587612107,7.0,MID_LANE,2177.0,1807.0,100.0,1451206,NEXUS_TURRET,BUILDING_KILL
0.0,TOWER_BUILDING,1470122,7587612107,10.0,MID_LANE,1748.0,2270.0,100.0,1456293,NEXUS_TURRET,BUILDING_KILL
0.0,TOWER_BUILDING,720276,7587438012,1.0,TOP_LANE,4318.0,13875.0,200.0,717003,OUTER_TURRET,BUILDING_KILL
0.0,TOWER_BUILDING,900322,7587438012,6.0,BOT_LANE,10504.0,1029.0,100.0,895155,OUTER_TURRET,BUILDING_KILL
0.0,TOWER_BUILDING,1080374,7587438012,8.0,TOP_LANE,981.0,10441.0,100.0,1021915,OUTER_TURRET,BUILDING_KILL
0.0,TOWER_BUILDING,1080374,7587438012,5.0,MID_LANE,8955.0,8510.0,200.0,1025389,OUTER_TURRET,BUILDING_KILL
0.0,TOWER_BUILDING,1140407,7587438012,8.0,BOT_LANE,6919.0,1483.0,100.0,1127058,INNER_TURRET,BUILDING_KILL
0.0,TOWER_BUILDING,1200419,7587438012,4.0,BOT_LANE,13866.0,4505.0,200.0,1175541,OUTER_TURRET,BUILDING_KILL
0.0,TOWER_BUILDING,1320462,7587438012,8.0,TOP_LANE,1512.0,6699.0,100.0,1263922,INNER_TURRET,BUILDING_KILL
0.0,TOWER_BUILDING,1320462,7587438012,9.0,MID_LANE,5846.0,6396.0,100.0,1268798,OUTER_TURRET,BUILDING_KILL
0.0,TOWER_BUILDING,1380485,7587438012,2.0,TOP_LANE,7943.0,13411.0,200.0,1364314,INNER_TURRET,BUILDING_KILL
0.0,TOWER_BUILDING,720310,7586730693,1.0,TOP_LANE,4318.0,13875.0,200.0,686936,OUTER_TURRET,BUILDING_KILL
0.0,TOWER_BUILDING,900349,7586730693,4.0,BOT_LANE,13866.0,4505.0,200.0,846661,OUTER_TURRET,BUILDING_KILL
0.0,TOWER_BUILDING,900349,7586730693,3.0,MID_LANE,8955.0,8510.0,200.0,878398,OUTER_TURRET,BUILDING_KILL
0.0,TOWER_BUILDING,960361,7586730693,1.0,TOP_LANE,7943.0,13411.0,200.0,942467,INNER_TURRET,BUILDING_KILL
0.0,TOWER_BUILDING,1080373,7586730693,1.0,MID_LANE,9767.0,10113.0,200.0,1023077,INNER_TURRET,BUILDING_KILL
0.0,TOWER_BUILDING,1080373,7586730693,4.0,MID_LANE,11134.0,11207.0,200.0,1043499,BASE_TURRET,BUILDING_KILL
350.0,TOWER_BUILDING,1080373,7586730693,8.0,BOT_LANE,10504.0,1029.0,100.0,1047373,OUTER_TURRET,BUILDING_KILL
0.0,TOWER_BUILDING,1080373,7586730693,1.0,BOT_LANE,13327.0,8226.0,200.0,1051315,INNER_TURRET,BUILDING_KILL
0.0,TOWER_BUILDING,1320427,7586730693,1.0,BOT_LANE,13624.0,10572.0,200.0,1305547,BASE_TURRET,BUILDING_KILL
0.0,INHIBITOR_BUILDING,1349662,7586730693,4.0,BOT_LANE,13594.0,11319.0,200.0,1324803,,BUILDING_KILL
0.0,INHIBITOR_BUILDING,1349662,7586730693,4.0,MID_LANE,11593.0,11669.0,200.0,1325605,,BUILDING_KILL
0.0,TOWER_BUILDING,1349662,7586730693,4.0,MID_LANE,13052.0,12612.0,200.0,1334114,NEXUS_TURRET,BUILDING_KILL
0.0,TOWER_BUILDING,1349662,7586730693,5.0,MID_LANE,12611.0,13084.0,200.0,1338958,NEXUS_TURRET,BUILDING_KILL
0.0,TOWER_BUILDING,780260,7587219690,4.0,BOT_LANE,13866.0,4505.0,200.0,742551,OUTER_TURRET,BUILDING_KILL
0.0,TOWER_BUILDING,960329,7587219690,3.0,MID_LANE,8955.0,8510.0,200.0,914158,OUTER_TURRET,BUILDING_KILL
0.0,TOWER_BUILDING,960329,7587219690,8.0,TOP_LANE,981.0,10441.0,100.0,933897,OUTER_TURRET,BUILDING_KILL
0.0,TOWER_BUILDING,1200358,7587219690,9.0,MID_LANE,5846.0,6396.0,100.0,1153101,OUTER_TURRET,BUILDING_KILL
0.0,TOWER_BUILDING,1320407,7587219690,10.0,BOT_LANE,10504.0,1029.0,100.0,1277232,OUTER_TURRET,BUILDING_KILL
0.0,TOWER_BUILDING,1440444,7587219690,6.0,TOP_LANE,1512.0,6699.0,100.0,1381871,INNER_TURRET,BUILDING_KILL
0.0,TOWER_BUILDING,1740563,7587219690,8.0,BOT_LANE,6919.0,1483.0,100.0,1724218,INNER_TURRET,BUILDING_KILL
0.0,TOWER_BUILDING,1740563,7587219690,9.0,MID_LANE,5048.0,4812.0,100.0,1727898,INNER_TURRET,BUILDING_KILL
0.0,TOWER_BUILDING,1857952,7587219690,8.0,TOP_LANE,1169.0,4287.0,100.0,1803201,BASE_TURRET,BUILDING_KILL
0.0,INHIBITOR_BUILDING,1857952,7587219690,6.0,TOP_LANE,1172.0,3583.0,100.0,1810949,,BUILDING_KILL
0.0,TOWER_BUILDING,1857952,7587219690,9.0,MID_LANE,3651.0,3696.0,100.0,1814444,BASE_TURRET,BUILDING_KILL
0.0,INHIBITOR_BUILDING,1857952,7587219690,9.0,MID_LANE,3210.0,3217.0,100.0,1826735,,BUILDING_KILL
0.0,TOWER_BUILDING,1857952,7587219690,10.0,MID_LANE,1748.0,2270.0,100.0,1831511,NEXUS_TURRET,BUILDING_KILL
0.0,TOWER_BUILDING,1857952,7587219690,8.0,MID_LANE,2177.0,1807.0,100.0,1838897,NEXUS_TURRET,BUILDING_KILL
0.0,TOWER_BUILDING,780270,7586338247,4.0,BOT_LANE,13866.0,4505.0,200.0,745820,OUTER_TURRET,BUILDING_KILL
0.0,TOWER_BUILDING,900284,7586338247,6.0,TOP_LANE,981.0,10441.0,100.0,892933,OUTER_TURRET,BUILDING_KILL
0.0,TOWER_BUILDING,1080345,7586338247,2.0,MID_LANE,8955.0,8510.0,200.0,1028921,OUTER_TURRET,BUILDING_KILL
0.0,TOWER_BUILDING,1080345,7586338247,6.0,BOT_LANE,10504.0,1029.0,100.0,1036350,OUTER_TURRET,BUILDING_KILL
0.0,TOWER_BUILDING,1140352,7586338247,5.0,MID_LANE,9767.0,10113.0,200.0,1103353,INNER_TURRET,BUILDING_KILL
0.0,TOWER_BUILDING,1380412,7586338247,3.0,TOP_LANE,4318.0,13875.0,200.0,1335633,OUTER_TURRET,BUILDING_KILL
0.0,TOWER_BUILDING,1380412,7586338247,3.0,TOP_LANE,7943.0,13411.0,200.0,1347695,INNER_TURRET,BUILDING_KILL
0.0,TOWER_BUILDING,1440421,7586338247,9.0,MID_LANE,5846.0,6396.0,100.0,1397190,OUTER_TURRET,BUILDING_KILL
0.0,TOWER_BUILDING,1440421,7586338247,9.0,MID_LANE,5048.0,4812.0,100.0,1408730,INNER_TURRET,BUILDING_KILL
0.0,TOWER_BUILDING,1440421,7586338247,4.0,BOT_LANE,13327.0,8226.0,200.0,1435110,INNER_TURRET,BUILDING_KILL
0.0,TOWER_BUILDING,1620461,7586338247,5.0,MID_LANE,11134.0,11207.0,200.0,1562783,BASE_TURRET,BUILDING_KILL
0.0,TOWER_BUILDING,1740478,7586338247,3.0,BOT_LANE,13624.0,10572.0,200.0,1727976,BASE_TURRET,BUILDING_KILL
0.0,INHIBITOR_BUILDING,1740478,7586338247,2.0,MID_LANE,11593.0,11669.0,200.0,1731684,,BUILDING_KILL
0.0,INHIBITOR_BUILDING,1740478,7586338247,1.0,BOT_LANE,13594.0,11319.0,200.0,1733353,,BUILDING_KILL
0.0,TOWER_BUILDING,1765112,7586338247,3.0,MID_LANE,13052.0,12612.0,200.0,1740903,NEXUS_TURRET,BUILDING_KILL
0.0,TOWER_BUILDING,1765112,7586338247,3.0,MID_LANE,12611.0,13084.0,200.0,1752990,NEXUS_TURRET,BUILDING_KILL
0.0,TOWER_BUILDING,900344,7586857011,1.0,TOP_LANE,4318.0,13875.0,200.0,855490,OUTER_TURRET,BUILDING_KILL
0.0,TOWER_BUILDING,900344,7586857011,9.0,MID_LANE,5846.0,6396.0,100.0,855691,OUTER_TURRET,BUILDING_KILL
0.0,TOWER_BUILDING,1020379,7586857011,3.0,BOT_LANE,13866.0,4505.0,200.0,1001601,OUTER_TURRET,BUILDING_KILL
0.0,TOWER_BUILDING,1140387,7586857011,9.0,TOP_LANE,981.0,10441.0,100.0,1110661,OUTER_TURRET,BUILDING_KILL
0.0,TOWER_BUILDING,1320424,7586857011,6.0,BOT_LANE,10504.0,1029.0,100.0,1260835,OUTER_TURRET,BUILDING_KILL
0.0,TOWER_BUILDING,1500438,7586857011,8.0,BOT_LANE,6919.0,1483.0,100.0,1493181,INNER_TURRET,BUILDING_KILL
0.0,TOWER_BUILDING,1620470,7586857011,10.0,MID_LANE,5048.0,4812.0,100.0,1604157,INNER_TURRET,BUILDING_KILL
0.0,TOWER_BUILDING,1620470,7586857011,1.0,BOT_LANE,13327.0,8226.0,200.0,1608432,INNER_TURRET,BUILDING_KILL
0.0,TOWER_BUILDING,1620470,7586857011,8.0,TOP_LANE,1512.0,6699.0,100.0,1616878,INNER_TURRET,BUILDING_KILL
0.0,TOWER_BUILDING,1740521,7586857011,6.0,BOT_LANE,4281.0,1253.0,100.0,1693006,BASE_TURRET,BUILDING_KILL
0.0,TOWER_BUILDING,1740521,7586857011,7.0,MID_LANE,3651.0,3696.0,100.0,1702674,BASE_TURRET,BUILDING_KILL
0.0,INHIBITOR_BUILDING,1740521,7586857011,6.0,BOT_LANE,3468.0,1230.0,100.0,1702807,,BUILDING_KILL
0.0,INHIBITOR_BUILDING,1740521,7586857011,10.0,MID_LANE,3210.0,3217.0,100.0,1705746,,BUILDING_KILL
0.0,TOWER_BUILDING,1800542,7586857011,7.0,TOP_LANE,1169.0,4287.0,100.0,1782810,BASE_TURRET,BUILDING_KILL
0.0,INHIBITOR_BUILDING,1800542,7586857011,9.0,TOP_LANE,1172.0,3583.0,100.0,1789257,,BUILDING_KILL
0.0,TOWER_BUILDING,1819160,7586857011,10.0,MID_LANE,1748.0,2270.0,100.0,1800575,NEXUS_TURRET,BUILDING_KILL
0.0,TOWER_BUILDING,1819160,7586857011,7.0,MID_LANE,2177.0,1807.0,100.0,1803247,NEXUS_TURRET,BUILDING_KILL
0.0,TOWER_BUILDING,780322,7586410888,1.0,TOP_LANE,4318.0,13875.0,200.0,749010,OUTER_TURRET,BUILDING_KILL
0.0,TOWER_BUILDING,780322,7586410888,5.0,BOT_LANE,13866.0,4505.0,200.0,777297,OUTER_TURRET,BUILDING_KILL
0.0,TOWER_BUILDING,900364,7586410888,4.0,BOT_LANE,13327.0,8226.0,200.0,840685,INNER_TURRET,BUILDING_KILL
0.0,TOWER_BUILDING,960366,7586410888,3.0,MID_LANE,8955.0,8510.0,200.0,947512,OUTER_TURRET,BUILDING_KILL
0.0,TOWER_BUILDING,960366,7586410888,6.0,TOP_LANE,981.0,10441.0,100.0,956999,OUTER_TURRET,BUILDING_KILL
0.0,TOWER_BUILDING,1080392,7586410888,3.0,MID_LANE,9767.0,10113.0,200.0,1066482,INNER_TURRET,BUILDING_KILL
0.0,TOWER_BUILDING,1200435,7586410888,4.0,MID_LANE,11134.0,11207.0,200.0,1199633,BASE_TURRET,BUILDING_KILL
0.0,TOWER_BUILDING,1200435,7586410888,2.0,BOT_LANE,13624.0,10572.0,200.0,1199833,BASE_TURRET,BUILDING_KILL
400.0,TOWER_BUILDING,1320455,7586410888,8.0,TOP_LANE,1512.0,6699.0,100.0,1298541,INNER_TURRET,BUILDING_KILL
0.0,TOWER_BUILDING,1380461,7586410888,2.0,TOP_LANE,7943.0,13411.0,200.0,1355525,INNER_TURRET,BUILDING_KILL
0.0,TOWER_BUILDING,1380461,7586410888,4.0,TOP_LANE,10481.0,13650.0,200.0,1379966,BASE_TURRET,BUILDING_KILL
0.0,INHIBITOR_BUILDING,1403992,7586410888,4.0,TOP_LANE,11275.0,13663.0,200.0,1388344,,BUILDING_KILL
0.0,TOWER_BUILDING,1403992,7586410888,4.0,MID_LANE,12611.0,13084.0,200.0,1393271,NEXUS_TURRET,BUILDING_KILL
0.0,TOWER_BUILDING,1403992,7586410888,3.0,MID_LANE,13052.0,12612.0,200.0,1396310,NEXUS_TURRET,BUILDING_KILL
0.0,TOWER_BUILDING,900364,7587431845,1.0,TOP_LANE,4318.0,13875.0,200.0,842039,OUTER_TURRET,BUILDING_KILL
0.0,TOWER_BUILDING,900364,7587431845,9.0,BOT_LANE,10504.0,1029.0,100.0,866453,OUTER_TURRET,BUILDING_KILL
0.0,TOWER_BUILDING,900364,7587431845,1.0,TOP_LANE,7943.0,13411.0,200.0,879163,INNER_TURRET,BUILDING_KILL
0.0,TOWER_BUILDING,1200457,7587431845,1.0,MID_LANE,8955.0,8510.0,200.0,1151712,OUTER_TURRET,BUILDING_KILL
0.0,TOWER_BUILDING,1500559,7587431845,9.0,MID_LANE,5846.0,6396.0,100.0,1465559,OUTER_TURRET,BUILDING_KILL
0.0,TOWER_BUILDING,1500559,7587431845,8.0,MID_LANE,5048.0,4812.0,100.0,1478851,INNER_TURRET,BUILDING_KILL
0.0,TOWER_BUILDING,1620617,7587431845,1.0,BOT_LANE,13866.0,4505.0,200.0,1574212,OUTER_TURRET,BUILDING_KILL
0.0,TOWER_BUILDING,1720942,7587431845,6.0,MID_LANE,3651.0,3696.0,100.0,1700219,BASE_TURRET,BUILDING_KILL
0.0,INHIBITOR_BUILDING,1720942,7587431845,7.0,MID_LANE,3210.0,3217.0,100.0,1703894,,BUILDING_KILL
0.0,TOWER_BUILDING,1720942,7587431845,7.0,MID_LANE,1748.0,2270.0,100.0,1710106,NEXUS_TURRET,BUILDING_KILL
0.0,TOWER_BUILDING,1720942,7587431845,7.0,MID_LANE,2177.0,1807.0,100.0,1712577,NEXUS_TURRET,BUILDING_KILL
0.0,TOWER_BUILDING,960310,7587126271,1.0,TOP_LANE,4318.0,13875.0,200.0,923217,OUTER_TURRET,BUILDING_KILL
0.0,TOWER_BUILDING,1080351,7587126271,1.0,MID_LANE,8955.0,8510.0,200.0,1059624,OUTER_TURRET,BUILDING_KILL
0.0,TOWER_BUILDING,1260382,7587126271,8.0,TOP_LANE,981.0,10441.0,100.0,1226750,OUTER_TURRET,BUILDING_KILL
0.0,TOWER_BUILDING,1260382,7587126271,1.0,BOT_LANE,13866.0,4505.0,200.0,1251063,OUTER_TURRET,BUILDING_KILL
0.0,TOWER_BUILDING,1440442,7587126271,4.0,BOT_LANE,13327.0,8226.0,200.0,1417728,INNER_TURRET,BUILDING_KILL
0.0,TOWER_BUILDING,1500453,7587126271,5.0,MID_LANE,9767.0,10113.0,200.0,1475711,INNER_TURRET,BUILDING_KILL
0.0,TOWER_BUILDING,1500453,7587126271,2.0,MID_LANE,11134.0,11207.0,200.0,1483126,BASE_TURRET,BUILDING_KILL
0.0,INHIBITOR_BUILDING,1500453,7587126271,2.0,MID_LANE,11593.0,11669.0,200.0,1487646,,BUILDING_KILL
480.0,TOWER_BUILDING,1500453,7587126271,6.0,TOP_LANE,1512.0,6699.0,100.0,1497179,INNER_TURRET,BUILDING_KILL
0.0,TOWER_BUILDING,1604428,7587126271,3.0,MID_LANE,13052.0,12612.0,200.0,1589979,NEXUS_TURRET,BUILDING_KILL
0.0,TOWER_BUILDING,1604428,7587126271,1.0,MID_LANE,12611.0,13084.0,200.0,1593786,NEXUS_TURRET,BUILDING_KILL
0.0,TOWER_BUILDING,1604428,7587126271,4.0,TOP_LANE,7943.0,13411.0,200.0,1595122,INNER_TURRET,BUILDING_KILL
0.0,TOWER_BUILDING,1080382,7586647501,8.0,BOT_LANE,10504.0,1029.0,100.0,1067651,OUTER_TURRET,BUILDING_KILL
0.0,TOWER_BUILDING,1140398,7586647501,4.0,MID_LANE,8955.0,8510.0,200.0,1093326,OUTER_TURRET,BUILDING_KILL
0.0,TOWER_BUILDING,1140398,7586647501,4.0,MID_LANE,9767.0,10113.0,200.0,1104469,INNER_TURRET,BUILDING_KILL
0.0,TOWER_BUILDING,1260410,7586647501,6.0,TOP_LANE,981.0,10441.0,100.0,1244894,OUTER_TURRET,BUILDING_KILL
0.0,TOWER_BUILDING,1320424,7586647501,9.0,MID_LANE,5846.0,6396.0,100.0,1298432,OUTER_TURRET,BUILDING_KILL
0.0,TOWER_BUILDING,1380445,7586647501,9.0,MID_LANE,5048.0,4812.0,100.0,1321326,INNER_TURRET,BUILDING_KILL
0.0,TOWER_BUILDING,1440456,7586647501,6.0,BOT_LANE,6919.0,1483.0,100.0,1420068,INNER_TURRET,BUILDING_KILL
0.0,TOWER_BUILDING,540215,7587564851,9.0,BOT_LANE,10504.0,1029.0,100.0,509747,OUTER_TURRET,BUILDING_KILL
0.0,TOWER_BUILDING,1140405,7587564851,10.0,MID_LANE,5846.0,6396.0,100.0,1116620,OUTER_TURRET,BUILDING_KILL
0.0,TOWER_BUILDING,1200408,7587564851,5.0,MID_LANE,8955.0,8510.0,200.0,1160509,OUTER_TURRET,BUILDING_KILL
0.0,TOWER_BUILDING,1320449,7587564851,5.0,MID_LANE,9767.0,10113.0,200.0,1307492,INNER_TURRET,BUILDING_KILL
0.0,TOWER_BUILDING,1320449,7587564851,4.0,BOT_LANE,13866.0,4505.0,200.0,1310564,OUTER_TURRET,BUILDING_KILL
0.0,TOWER_BUILDING,1320449,7587564851,1.0,TOP_LANE,4318.0,13875.0,200.0,1319146,OUTER_TURRET,BUILDING_KILL
0.0,TOWER_BUILDING,1440488,7587564851,5.0,MID_LANE,11134.0,11207.0,200.0,1400590,BASE_TURRET,BUILDING_KILL
0.0,TOWER_BUILDING,1440488,7587564851,1.0,BOT_LANE,13327.0,8226.0,200.0,1415090,INNER_TURRET,BUILDING_KILL
0.0,TOWER_BUILDING,1680576,7587564851,8.0,TOP_LANE,981.0,10441.0,100.0,1653981,OUTER_TURRET,BUILDING_KILL
0.0,INHIBITOR_BUILDING,1857916,7587564851,3.0,MID_LANE,11593.0,11669.0,200.0,1826319,,BUILDING_KILL
0.0,TOWER_BUILDING,1857916,7587564851,4.0,MID_LANE,13052.0,12612.0,200.0,1833479,NEXUS_TURRET,BUILDING_KILL
0.0,TOWER_BUILDING,1857916,7587564851,4.0,MID_LANE,12611.0,13084.0,200.0,1847390,NEXUS_TURRET,BUILDING_KILL
0.0,TOWER_BUILDING,600248,7587560221,6.0,TOP_LANE,981.0,10441.0,100.0,592333,OUTER_TURRET,BUILDING_KILL
0.0,TOWER_BUILDING,780301,7587560221,4.0,BOT_LANE,13866.0,4505.0,200.0,742478,OUTER_TURRET,BUILDING_KILL
0.0,TOWER_BUILDING,960365,7587560221,6.0,TOP_LANE,1512.0,6699.0,100.0,908474,INNER_TURRET,BUILDING_KILL
0.0,TOWER_BUILDING,960365,7587560221,3.0,MID_LANE,8955.0,8510.0,200.0,948376,OUTER_TURRET,BUILDING_KILL
0.0,TOWER_BUILDING,1200428,7587560221,3.0,TOP_LANE,4318.0,13875.0,200.0,1148304,OUTER_TURRET,BUILDING_KILL
0.0,TOWER_BUILDING,1200428,7587560221,3.0,TOP_LANE,7943.0,13411.0,200.0,1164870,INNER_TURRET,BUILDING_KILL
0.0,TOWER_BUILDING,1260447,7587560221,0.0,BOT_LANE,10504.0,1029.0,100.0,1235105,OUTER_TURRET,BUILDING_KILL
0.0,TOWER_BUILDING,1320448,7587560221,1.0,BOT_LANE,13327.0,8226.0,200.0,1298430,INNER_TURRET,BUILDING_KILL
0.0,TOWER_BUILDING,1500483,7587560221,6.0,BOT_LANE,6919.0,1483.0,100.0,1473499,INNER_TURRET,BUILDING_KILL
0.0,TOWER_BUILDING,1560506,7587560221,9.0,MID_LANE,5846.0,6396.0,100.0,1501853,OUTER_TURRET,BUILDING_KILL
0.0,TOWER_BUILDING,1658667,7587560221,7.0,MID_LANE,5048.0,4812.0,100.0,1631822,INNER_TURRET,BUILDING_KILL
0.0,TOWER_BUILDING,1658667,7587560221,9.0,MID_LANE,3651.0,3696.0,100.0,1638779,BASE_TURRET,BUILDING_KILL
0.0,INHIBITOR_BUILDING,1658667,7587560221,8.0,MID_LANE,3210.0,3217.0,100.0,1641718,,BUILDING_KILL
0.0,TOWER_BUILDING,1658667,7587560221,7.0,MID_LANE,1748.0,2270.0,100.0,1647573,NEXUS_TURRET,BUILDING_KILL
0.0,TOWER_BUILDING,1658667,7587560221,8.0,MID_LANE,2177.0,1807.0,100.0,1650746,NEXUS_TURRET,BUILDING_KILL
0.0,TOWER_BUILDING,780299,7587435592,6.0,TOP_LANE,981.0,10441.0,100.0,775975,OUTER_TURRET,BUILDING_KILL
0.0,TOWER_BUILDING,840303,7587435592,3.0,BOT_LANE,13866.0,4505.0,200.0,784774,OUTER_TURRET,BUILDING_KILL
0.0,TOWER_BUILDING,960334,7587435592,3.0,TOP_LANE,4318.0,13875.0,200.0,935108,OUTER_TURRET,BUILDING_KILL
0.0,TOWER_BUILDING,960334,7587435592,6.0,BOT_LANE,10504.0,1029.0,100.0,954490,OUTER_TURRET,BUILDING_KILL
0.0,TOWER_BUILDING,1080386,7587435592,5.0,MID_LANE,8955.0,8510.0,200.0,1039390,OUTER_TURRET,BUILDING_KILL
0.0,TOWER_BUILDING,1200405,7587435592,7.0,MID_LANE,5846.0,6396.0,100.0,1146102,OUTER_TURRET,BUILDING_KILL
0.0,TOWER_BUILDING,1200405,7587435592,8.0,MID_LANE,5048.0,4812.0,100.0,1159009,INNER_TURRET,BUILDING_KILL
0.0,TOWER_BUILDING,1380460,7587435592,9.0,MID_LANE,3651.0,3696.0,100.0,1362037,BASE_TURRET,BUILDING_KILL
0.0,INHIBITOR_BUILDING,1380460,7587435592,8.0,MID_LANE,3210.0,3217.0,100.0,1370553,,BUILDING_KILL
0.0,TOWER_BUILDING,1380460,7587435592,6.0,BOT_LANE,6919.0,1483.0,100.0,1376231,INNER_TURRET,BUILDING_KILL
0.0,INHIBITOR_BUILDING,1680592,7587435592,6.0,MID_LANE,3210.0,3217.0,100.0,1676551,,BUILDING_KILL
0.0,TOWER_BUILDING,900280,7585822739,1.0,TOP_LANE,4318.0,13875.0,200.0,896476,OUTER_TURRET,BUILDING_KILL
0.0,TOWER_BUILDING,1080329,7585822739,9.0,MID_LANE,5846.0,6396.0,100.0,1033102,OUTER_TURRET,BUILDING_KILL
0.0,TOWER_BUILDING,1140358,7585822739,2.0,BOT_LANE,13866.0,4505.0,200.0,1133806,OUTER_TURRET,BUILDING_KILL
0.0,TOWER_BUILDING,1140358,7585822739,9.0,TOP_LANE,981.0,10441.0,100.0,1135911,OUTER_TURRET,BUILDING_KILL
0.0,TOWER_BUILDING,1200365,7585822739,8.0,BOT_LANE,10504.0,1029.0,100.0,1196317,OUTER_TURRET,BUILDING_KILL
0.0,TOWER_BUILDING,900274,7587266073,9.0,BOT_LANE,10504.0,1029.0,100.0,864998,OUTER_TURRET,BUILDING_KILL
0.0,TOWER_BUILDING,1020277,7587266073,6.0,TOP_LANE,981.0,10441.0,100.0,983523,OUTER_TURRET,BUILDING_KILL
0.0,TOWER_BUILDING,1020277,7587266073,3.0,MID_LANE,8955.0,8510.0,200.0,997497,OUTER_TURRET,BUILDING_KILL
0.0,TOWER_BUILDING,1020277,7587266073,10.0,TOP_LANE,1512.0,6699.0,100.0,1002688,INNER_TURRET,BUILDING_KILL
0.0,TOWER_BUILDING,1320358,7587266073,8.0,MID_LANE,5846.0,6396.0,100.0,1274642,OUTER_TURRET,BUILDING_KILL
0.0,TOWER_BUILDING,1320358,7587266073,9.0,MID_LANE,5048.0,4812.0,100.0,1288236,INNER_TURRET,BUILDING_KILL
0.0,TOWER_BUILDING,1140463,7587084813,4.0,MID_LANE,8955.0,8510.0,200.0,1097391,OUTER_TURRET,BUILDING_KILL
0.0,TOWER_BUILDING,1140463,7587084813,6.0,TOP_LANE,981.0,10441.0,100.0,1131791,OUTER_TURRET,BUILDING_KILL
0.0,TOWER_BUILDING,1260513,7587084813,4.0,MID_LANE,9767.0,10113.0,200.0,1202991,INNER_TURRET,BUILDING_KILL
0.0,TOWER_BUILDING,1260513,7587084813,1.0,BOT_LANE,13866.0,4505.0,200.0,1225070,OUTER_TURRET,BUILDING_KILL
0.0,TOWER_BUILDING,1260513,7587084813,3.0,TOP_LANE,4318.0,13875.0,200.0,1225304,OUTER_TURRET,BUILDING_KILL
250.0,TOWER_BUILDING,1320524,7587084813,8.0,BOT_LANE,10504.0,1029.0,100.0,1306414,OUTER_TURRET,BUILDING_KILL
0.0,TOWER_BUILDING,1380550,7587084813,4.0,MID_LANE,11134.0,11207.0,200.0,1338780,BASE_TURRET,BUILDING_KILL
0.0,TOWER_BUILDING,1380550,7587084813,2.0,BOT_LANE,13327.0,8226.0,200.0,1354371,INNER_TURRET,BUILDING_KILL
0.0,TOWER_BUILDING,1498065,7587084813,2.0,BOT_LANE,13624.0,10572.0,200.0,1446764,BASE_TURRET,BUILDING_KILL
0.0,INHIBITOR_BUILDING,1498065,7587084813,3.0,MID_LANE,11593.0,11669.0,200.0,1460339,,BUILDING_KILL
0.0,INHIBITOR_BUILDING,1498065,7587084813,5.0,BOT_LANE,13594.0,11319.0,200.0,1485910,,BUILDING_KILL
0.0,TOWER_BUILDING,840290,7586900435,4.0,BOT_LANE,13866.0,4505.0,200.0,828968,OUTER_TURRET,BUILDING_KILL
0.0,TOWER_BUILDING,960312,7586900435,3.0,TOP_LANE,4318.0,13875.0,200.0,903802,OUTER_TURRET,BUILDING_KILL
0.0,TOWER_BUILDING,1020344,7586900435,4.0,MID_LANE,8955.0,8510.0,200.0,985541,OUTER_TURRET,BUILDING_KILL
0.0,TOWER_BUILDING,1080377,7586900435,1.0,MID_LANE,9767.0,10113.0,200.0,1053168,INNER_TURRET,BUILDING_KILL
250.0,TOWER_BUILDING,1200402,7586900435,6.0,BOT_LANE,10504.0,1029.0,100.0,1194790,OUTER_TURRET,BUILDING_KILL
200.0,TOWER_BUILDING,1260434,7586900435,8.0,TOP_LANE,981.0,10441.0,100.0,1221006,OUTER_TURRET,BUILDING_KILL
0.0,TOWER_BUILDING,1320458,7586900435,2.0,TOP_LANE,7943.0,13411.0,200.0,1285928,INNER_TURRET,BUILDING_KILL
0.0,TOWER_BUILDING,960434,7587436445,10.0,BOT_LANE,10504.0,1029.0,100.0,907713,OUTER_TURRET,BUILDING_KILL
0.0,TOWER_BUILDING,960434,7587436445,7.0,MID_LANE,5846.0,6396.0,100.0,915462,OUTER_TURRET,BUILDING_KILL
0.0,TOWER_BUILDING,960434,7587436445,8.0,BOT_LANE,6919.0,1483.0,100.0,955424,INNER_TURRET,BUILDING_KILL
0.0,TOWER_BUILDING,1020345,7585892284,2.0,BOT_LANE,13866.0,4505.0,200.0,981074,OUTER_TURRET,BUILDING_KILL
0.0,TOWER_BUILDING,1020345,7585892284,6.0,MID_LANE,5846.0,6396.0,100.0,983311,OUTER_TURRET,BUILDING_KILL
0.0,TOWER_BUILDING,1020345,7585892284,1.0,TOP_LANE,4318.0,13875.0,200.0,1000165,OUTER_TURRET,BUILDING_KILL
0.0,TOWER_BUILDING,1080360,7585892284,6.0,TOP_LANE,981.0,10441.0,100.0,1041659,OUTER_TURRET,BUILDING_KILL
0.0,TOWER_BUILDING,1080360,7585892284,8.0,BOT_LANE,10504.0,1029.0,100.0,1045926,OUTER_TURRET,BUILDING_KILL
0.0,TOWER_BUILDING,1200416,7585892284,3.0,MID_LANE,8955.0,8510.0,200.0,1165765,OUTER_TURRET,BUILDING_KILL
0.0,TOWER_BUILDING,1500454,7585892284,1.0,TOP_LANE,7943.0,13411.0,200.0,1489980,INNER_TURRET,BUILDING_KILL
0.0,TOWER_BUILDING,1560466,7585892284,2.0,TOP_LANE,10481.0,13650.0,200.0,1501959,BASE_TURRET,BUILDING_KILL
0.0,TOWER_BUILDING,1740497,7585892284,10.0,BOT_LANE,6919.0,1483.0,100.0,1730096,INNER_TURRET,BUILDING_KILL
0.0,TOWER_BUILDING,1800523,7585892284,6.0,BOT_LANE,4281.0,1253.0,100.0,1741800,BASE_TURRET,BUILDING_KILL
0.0,INHIBITOR_BUILDING,1800523,7585892284,9.0,BOT_LANE,3468.0,1230.0,100.0,1749284,,BUILDING_KILL
0.0,TOWER_BUILDING,1860526,7585892284,0.0,MID_LANE,9767.0,10113.0,200.0,1810284,INNER_TURRET,BUILDING_KILL
0.0,INHIBITOR_BUILDING,2040606,7585892284,1.0,TOP_LANE,11275.0,13663.0,200.0,2000192,,BUILDING_KILL
0.0,TOWER_BUILDING,2154299,7585892284,3.0,MID_LANE,11134.0,11207.0,200.0,2137117,BASE_TURRET,BUILDING_KILL
0.0,INHIBITOR_BUILDING,2154299,7585892284,3.0,MID_LANE,11593.0,11669.0,200.0,2142462,,BUILDING_KILL
0.0,TOWER_BUILDING,2154299,7585892284,2.0,MID_LANE,13052.0,12612.0,200.0,2149883,NEXUS_TURRET,BUILDING_KILL
0.0,TOWER_BUILDING,960386,7586306095,1.0,BOT_LANE,13866.0,4505.0,200.0,956584,OUTER_TURRET,BUILDING_KILL
0.0,TOWER_BUILDING,1020417,7586306095,8.0,TOP_LANE,981.0,10441.0,100.0,965564,OUTER_TURRET,BUILDING_KILL
0.0,TOWER_BUILDING,1080421,7586306095,6.0,BOT_LANE,10504.0,1029.0,100.0,1046523,OUTER_TURRET,BUILDING_KILL
0.0,TOWER_BUILDING,1140438,7586306095,4.0,MID_LANE,8955.0,8510.0,200.0,1100629,OUTER_TURRET,BUILDING_KILL
0.0,TOWER_BUILDING,1140438,7586306095,4.0,MID_LANE,9767.0,10113.0,200.0,1111356,INNER_TURRET,BUILDING_KILL
0.0,TOWER_BUILDING,1140438,7586306095,4.0,MID_LANE,11134.0,11207.0,200.0,1125080,BASE_TURRET,BUILDING_KILL
0.0,TOWER_BUILDING,1440501,7586306095,9.0,MID_LANE,5846.0,6396.0,100.0,1397389,OUTER_TURRET,BUILDING_KILL
0.0,TOWER_BUILDING,1500523,7586306095,3.0,TOP_LANE,4318.0,13875.0,200.0,1457299,OUTER_TURRET,BUILDING_KILL
0.0,INHIBITOR_BUILDING,1680568,7586306095,3.0,MID_LANE,11593.0,11669.0,200.0,1649092,,BUILDING_KILL
0.0,TOWER_BUILDING,1740594,7586306095,1.0,BOT_LANE,13327.0,8226.0,200.0,1700580,INNER_TURRET,BUILDING_KILL
0.0,TOWER_BUILDING,1860641,7586306095,7.0,TOP_LANE,1512.0,6699.0,100.0,1810934,INNER_TURRET,BUILDING_KILL
0.0,TOWER_BUILDING,1860641,7586306095,8.0,MID_LANE,5048.0,4812.0,100.0,1813639,INNER_TURRET,BUILDING_KILL
0.0,TOWER_BUILDING,2040688,7586306095,8.0,MID_LANE,3651.0,3696.0,100.0,2022608,BASE_TURRET,BUILDING_KILL
0.0,INHIBITOR_BUILDING,2040688,7586306095,8.0,MID_LANE,3210.0,3217.0,100.0,2027031,,BUILDING_KILL
0.0,TOWER_BUILDING,2040688,7586306095,9.0,MID_LANE,1748.0,2270.0,100.0,2035020,NEXUS_TURRET,BUILDING_KILL
0.0,TOWER_BUILDING,2040688,7586306095,9.0,MID_LANE,2177.0,1807.0,100.0,2035858,NEXUS_TURRET,BUILDING_KILL
0.0,TOWER_BUILDING,1080369,7586791102,2.0,MID_LANE,8955.0,8510.0,200.0,1033818,OUTER_TURRET,BUILDING_KILL
0.0,TOWER_BUILDING,1140389,7586791102,1.0,BOT_LANE,13866.0,4505.0,200.0,1110758,OUTER_TURRET,BUILDING_KILL
0.0,TOWER_BUILDING,1140389,7586791102,4.0,MID_LANE,9767.0,10113.0,200.0,1126301,INNER_TURRET,BUILDING_KILL
0.0,TOWER_BUILDING,1320428,7586791102,1.0,TOP_LANE,4318.0,13875.0,200.0,1285684,OUTER_TURRET,BUILDING_KILL
0.0,TOWER_BUILDING,1380461,7586791102,2.0,MID_LANE,11134.0,11207.0,200.0,1359558,BASE_TURRET,BUILDING_KILL
0.0,INHIBITOR_BUILDING,1380461,7586791102,2.0,MID_LANE,11593.0,11669.0,200.0,1374489,,BUILDING_KILL
300.0,TOWER_BUILDING,1500502,7586791102,6.0,TOP_LANE,981.0,10441.0,100.0,1486820,OUTER_TURRET,BUILDING_KILL
0.0,TOWER_BUILDING,1583299,7586791102,2.0,MID_LANE,13052.0,12612.0,200.0,1567300,NEXUS_TURRET,BUILDING_KILL
0.0,TOWER_BUILDING,1583299,7586791102,3.0,MID_LANE,12611.0,13084.0,200.0,1572042,NEXUS_TURRET,BUILDING_KILL
0.0,TOWER_BUILDING,600225,7587556145,4.0,BOT_LANE,13866.0,4505.0,200.0,542175,OUTER_TURRET,BUILDING_KILL
0.0,TOWER_BUILDING,720280,7587556145,4.0,MID_LANE,8955.0,8510.0,200.0,682915,OUTER_TURRET,BUILDING_KILL
0.0,TOWER_BUILDING,840322,7587556145,3.0,TOP_LANE,4318.0,13875.0,200.0,816521,OUTER_TURRET,BUILDING_KILL
0.0,TOWER_BUILDING,1080409,7587556145,1.0,MID_LANE,9767.0,10113.0,200.0,1037329,INNER_TURRET,BUILDING_KILL
0.0,TOWER_BUILDING,1080409,7587556145,3.0,MID_LANE,11134.0,11207.0,200.0,1048336,BASE_TURRET,BUILDING_KILL
0.0,INHIBITOR_BUILDING,1080409,7587556145,1.0,MID_LANE,11593.0,11669.0,200.0,1057205,,BUILDING_KILL
0.0,TOWER_BUILDING,960180,7586116765,6.0,TOP_LANE,981.0,10441.0,100.0,927285,OUTER_TURRET,BUILDING_KILL
0.0,TOWER_BUILDING,960180,7586116765,8.0,BOT_LANE,10504.0,1029.0,100.0,950565,OUTER_TURRET,BUILDING_KILL
0.0,TOWER_BUILDING,1020256,7586116765,1.0,MID_LANE,8955.0,8510.0,200.0,1017717,OUTER_TURRET,BUILDING_KILL
0.0,TOWER_BUILDING,1080276,7586116765,0.0,BOT_LANE,13866.0,4505.0,200.0,1070403,OUTER_TURRET,BUILDING_KILL
0.0,TOWER_BUILDING,1260396,7586116765,7.0,MID_LANE,5846.0,6396.0,100.0,1209622,OUTER_TURRET,BUILDING_KILL
0.0,TOWER_BUILDING,1440451,7586116765,1.0,TOP_LANE,4318.0,13875.0,200.0,1393753,OUTER_TURRET,BUILDING_KILL
0.0,TOWER_BUILDING,1500465,7586116765,4.0,MID_LANE,9767.0,10113.0,200.0,1489395,INNER_TURRET,BUILDING_KILL
0.0,TOWER_BUILDING,600085,7586683396,8.0,MID_LANE,5846.0,6396.0,100.0,569266,OUTER_TURRET,BUILDING_KILL
0.0,TOWER_BUILDING,720133,7586683396,3.0,BOT_LANE,13866.0,4505.0,200.0,718228,OUTER_TURRET,BUILDING_KILL
0.0,TOWER_BUILDING,780258,7586683396,6.0,TOP_LANE,981.0,10441.0,100.0,737750,OUTER_TURRET,BUILDING_KILL
0.0,TOWER_BUILDING,900308,7586683396,8.0,BOT_LANE,10504.0,1029.0,100.0,855863,OUTER_TURRET,BUILDING_KILL
0.0,TOWER_BUILDING,1200411,7586683396,1.0,TOP_LANE,4318.0,13875.0,200.0,1160976,OUTER_TURRET,BUILDING_KILL
0.0,TOWER_BUILDING,1260414,7586683396,4.0,TOP_LANE,7943.0,13411.0,200.0,1244188,INNER_TURRET,BUILDING_KILL
0.0,TOWER_BUILDING,1320429,7586683396,4.0,MID_LANE,8955.0,8510.0,200.0,1290548,OUTER_TURRET,BUILDING_KILL
0.0,TOWER_BUILDING,1440471,7586683396,8.0,BOT_LANE,6919.0,1483.0,100.0,1388991,INNER_TURRET,BUILDING_KILL
0.0,TOWER_BUILDING,1620502,7586683396,8.0,TOP_LANE,1512.0,6699.0,100.0,1578861,INNER_TURRET,BUILDING_KILL
0.0,TOWER_BUILDING,1740515,7586683396,4.0,MID_LANE,9767.0,10113.0,200.0,1698486,INNER_TURRET,BUILDING_KILL
0.0,TOWER_BUILDING,1860558,7586683396,8.0,BOT_LANE,4281.0,1253.0,100.0,1826840,BASE_TURRET,BUILDING_KILL
0.0,INHIBITOR_BUILDING,1860558,7586683396,8.0,BOT_LANE,3468.0,1230.0,100.0,1830548,,BUILDING_KILL
0.0,TOWER_BUILDING,2040612,7586683396,0.0,MID_LANE,2177.0,1807.0,100.0,2015953,NEXUS_TURRET,BUILDING_KILL
0.0,TOWER_BUILDING,2160666,7586683396,6.0,MID_LANE,5048.0,4812.0,100.0,2101774,INNER_TURRET,BUILDING_KILL
0.0,TOWER_BUILDING,2160666,7586683396,6.0,MID_LANE,3651.0,3696.0,100.0,2139863,BASE_TURRET,BUILDING_KILL
0.0,INHIBITOR_BUILDING,2160666,7586683396,9.0,MID_LANE,3210.0,3217.0,100.0,2147870,,BUILDING_KILL
0.0,INHIBITOR_BUILDING,2240667,7586683396,6.0,BOT_LANE,3468.0,1230.0,100.0,2220878,,BUILDING_KILL
0.0,TOWER_BUILDING,2240667,7586683396,8.0,MID_LANE,2177.0,1807.0,100.0,2226355,NEXUS_TURRET,BUILDING_KILL
0.0,TOWER_BUILDING,2240667,7586683396,7.0,MID_LANE,1748.0,2270.0,100.0,2231160,NEXUS_TURRET,BUILDING_KILL
0.0,TOWER_BUILDING,780332,7587386495,1.0,TOP_LANE,4318.0,13875.0,200.0,729552,OUTER_TURRET,BUILDING_KILL
0.0,TOWER_BUILDING,900379,7587386495,5.0,BOT_LANE,13866.0,4505.0,200.0,849276,OUTER_TURRET,BUILDING_KILL
0.0,TOWER_BUILDING,900379,7587386495,5.0,BOT_LANE,13327.0,8226.0,200.0,877047,INNER_TURRET,BUILDING_KILL
0.0,TOWER_BUILDING,960400,7587386495,2.0,MID_LANE,8955.0,8510.0,200.0,943802,OUTER_TURRET,BUILDING_KILL
0.0,TOWER_BUILDING,983011,7587386495,5.0,MID_LANE,9767.0,10113.0,200.0,978802,INNER_TURRET,BUILDING_KILL
0.0,TOWER_BUILDING,720242,7586562939,9.0,BOT_LANE,10504.0,1029.0,100.0,663139,OUTER_TURRET,BUILDING_KILL
0.0,TOWER_BUILDING,900295,7586562939,1.0,TOP_LANE,4318.0,13875.0,200.0,889553,OUTER_TURRET,BUILDING_KILL
0.0,TOWER_BUILDING,1140337,7586562939,6.0,MID_LANE,5846.0,6396.0,100.0,1088090,OUTER_TURRET,BUILDING_KILL
0.0,TOWER_BUILDING,1200341,7586562939,8.0,BOT_LANE,6919.0,1483.0,100.0,1188273,INNER_TURRET,BUILDING_KILL
0.0,TOWER_BUILDING,1200341,7586562939,6.0,TOP_LANE,981.0,10441.0,100.0,1198370,OUTER_TURRET,BUILDING_KILL
0.0,TOWER_BUILDING,900284,7587298777,6.0,TOP_LANE,981.0,10441.0,100.0,861543,OUTER_TURRET,BUILDING_KILL
0.0,TOWER_BUILDING,923173,7587298777,9.0,BOT_LANE,10504.0,1029.0,100.0,902990,OUTER_TURRET,BUILDING_KILL
0.0,TOWER_BUILDING,660301,7585783721,4.0,BOT_LANE,13866.0,4505.0,200.0,632114,OUTER_TURRET,BUILDING_KILL
0.0,TOWER_BUILDING,840365,7585783721,1.0,TOP_LANE,4318.0,13875.0,200.0,839463,OUTER_TURRET,BUILDING_KILL
0.0,TOWER_BUILDING,900393,7585783721,2.0,MID_LANE,8955.0,8510.0,200.0,857606,OUTER_TURRET,BUILDING_KILL
0.0,TOWER_BUILDING,720269,7585692549,6.0,TOP_LANE,981.0,10441.0,100.0,698664,OUTER_TURRET,BUILDING_KILL
0.0,TOWER_BUILDING,780301,7585692549,6.0,BOT_LANE,10504.0,1029.0,100.0,776077,OUTER_TURRET,BUILDING_KILL
0.0,TOWER_BUILDING,900335,7585692549,9.0,MID_LANE,5846.0,6396.0,100.0,851441,OUTER_TURRET,BUILDING_KILL
0.0,TOWER_BUILDING,900335,7585692549,6.0,BOT_LANE,6919.0,1483.0,100.0,866488,INNER_TURRET,BUILDING_KILL
0.0,TOWER_BUILDING,780313,7586899821,10.0,BOT_LANE,10504.0,1029.0,100.0,770755,OUTER_TURRET,BUILDING_KILL
0.0,TOWER_BUILDING,900352,7586899821,8.0,MID_LANE,5846.0,6396.0,100.0,860186,OUTER_TURRET,BUILDING_KILL
0.0,TOWER_BUILDING,900311,7587573773,9.0,BOT_LANE,10504.0,1029.0,100.0,867110,OUTER_TURRET,BUILDING_KILL
0.0,TOWER_BUILDING,951700,7587573773,8.0,MID_LANE,5846.0,6396.0,100.0,936571,OUTER_TURRET,BUILDING_KILL
0.0,TOWER_BUILDING,1020396,7586064435,3.0,MID_LANE,8955.0,8510.0,200.0,1000931,OUTER_TURRET,BUILDING_KILL
0.0,TOWER_BUILDING,1080425,7586064435,4.0,BOT_LANE,13866.0,4505.0,200.0,1036073,OUTER_TURRET,BUILDING_KILL
0.0,TOWER_BUILDING,1140457,7586064435,9.0,BOT_LANE,10504.0,1029.0,100.0,1135185,OUTER_TURRET,BUILDING_KILL
0.0,TOWER_BUILDING,1200487,7586064435,6.0,TOP_LANE,981.0,10441.0,100.0,1195510,OUTER_TURRET,BUILDING_KILL
0.0,TOWER_BUILDING,1320540,7586064435,3.0,TOP_LANE,4318.0,13875.0,200.0,1287942,OUTER_TURRET,BUILDING_KILL
0.0,TOWER_BUILDING,1440568,7586064435,2.0,BOT_LANE,13327.0,8226.0,200.0,1407115,INNER_TURRET,BUILDING_KILL
0.0,TOWER_BUILDING,1440568,7586064435,2.0,BOT_LANE,13624.0,10572.0,200.0,1417790,BASE_TURRET,BUILDING_KILL
0.0,TOWER_BUILDING,1440568,7586064435,2.0,MID_LANE,9767.0,10113.0,200.0,1425402,INNER_TURRET,BUILDING_KILL
0.0,TOWER_BUILDING,1500569,7586064435,7.0,MID_LANE,5846.0,6396.0,100.0,1454348,OUTER_TURRET,BUILDING_KILL
0.0,TOWER_BUILDING,1800622,7586064435,2.0,TOP_LANE,7943.0,13411.0,200.0,1762211,INNER_TURRET,BUILDING_KILL
0.0,TOWER_BUILDING,1800622,7586064435,3.0,MID_LANE,11134.0,11207.0,200.0,1779668,BASE_TURRET,BUILDING_KILL
0.0,INHIBITOR_BUILDING,1919755,7586064435,4.0,MID_LANE,11593.0,11669.0,200.0,1891539,,BUILDING_KILL
0.0,TOWER_BUILDING,1919755,7586064435,1.0,MID_LANE,13052.0,12612.0,200.0,1899936,NEXUS_TURRET,BUILDING_KILL
0.0,TOWER_BUILDING,1919755,7586064435,4.0,MID_LANE,12611.0,13084.0,200.0,1904512,NEXUS_TURRET,BUILDING_KILL
0.0,TOWER_BUILDING,900297,7586896752,7.0,TOP_LANE,981.0,10441.0,100.0,847411,OUTER_TURRET,BUILDING_KILL
0.0,TOWER_BUILDING,900297,7586896752,8.0,BOT_LANE,10504.0,1029.0,100.0,889951,OUTER_TURRET,BUILDING_KILL
0.0,TOWER_BUILDING,1140378,7586896752,7.0,MID_LANE,5846.0,6396.0,100.0,1114031,OUTER_TURRET,BUILDING_KILL
0.0,TOWER_BUILDING,1200380,7586896752,1.0,TOP_LANE,4318.0,13875.0,200.0,1188596,OUTER_TURRET,BUILDING_KILL
0.0,TOWER_BUILDING,1260402,7586896752,7.0,MID_LANE,5048.0,4812.0,100.0,1245613,INNER_TURRET,BUILDING_KILL
0.0,TOWER_BUILDING,1620514,7586896752,6.0,BOT_LANE,6919.0,1483.0,100.0,1618095,INNER_TURRET,BUILDING_KILL
0.0,TOWER_BUILDING,1740543,7586896752,6.0,MID_LANE,3651.0,3696.0,100.0,1715845,BASE_TURRET,BUILDING_KILL
0.0,INHIBITOR_BUILDING,1740543,7586896752,10.0,MID_LANE,3210.0,3217.0,100.0,1720955,,BUILDING_KILL
0.0,TOWER_BUILDING,1740543,7586896752,8.0,MID_LANE,1748.0,2270.0,100.0,1732807,NEXUS_TURRET,BUILDING_KILL
0.0,TOWER_BUILDING,1740543,7586896752,6.0,MID_LANE,2177.0,1807.0,100.0,1734278,NEXUS_TURRET,BUILDING_KILL
0.0,TOWER_BUILDING,780346,7586886509,6.0,TOP_LANE,981.0,10441.0,100.0,724139,OUTER_TURRET,BUILDING_KILL
0.0,TOWER_BUILDING,780346,7586886509,3.0,MID_LANE,8955.0,8510.0,200.0,744948,OUTER_TURRET,BUILDING_KILL
0.0,TOWER_BUILDING,900367,7586886509,6.0,BOT_LANE,10504.0,1029.0,100.0,869642,OUTER_TURRET,BUILDING_KILL
0.0,TOWER_BUILDING,900367,7586886509,1.0,TOP_LANE,4318.0,13875.0,200.0,878013,OUTER_TURRET,BUILDING_KILL
0.0,TOWER_BUILDING,1080401,7586886509,10.0,MID_LANE,5846.0,6396.0,100.0,1030110,OUTER_TURRET,BUILDING_KILL
0.0,TOWER_BUILDING,1200452,7586886509,6.0,BOT_LANE,6919.0,1483.0,100.0,1143066,INNER_TURRET,BUILDING_KILL
0.0,TOWER_BUILDING,1200452,7586886509,9.0,MID_LANE,5048.0,4812.0,100.0,1160100,INNER_TURRET,BUILDING_KILL
0.0,TOWER_BUILDING,1200452,7586886509,6.0,TOP_LANE,1512.0,6699.0,100.0,1160500,INNER_TURRET,BUILDING_KILL
250.0,TOWER_BUILDING,1200452,7586886509,3.0,BOT_LANE,13866.0,4505.0,200.0,1200352,OUTER_TURRET,BUILDING_KILL
0.0,TOWER_BUILDING,1684858,7586886509,6.0,MID_LANE,3651.0,3696.0,100.0,1662145,BASE_TURRET,BUILDING_KILL
0.0,INHIBITOR_BUILDING,1684858,7586886509,6.0,MID_LANE,3210.0,3217.0,100.0,1665719,,BUILDING_KILL
0.0,TOWER_BUILDING,1684858,7586886509,7.0,MID_LANE,1748.0,2270.0,100.0,1673401,NEXUS_TURRET,BUILDING_KILL
0.0,TOWER_BUILDING,1684858,7586886509,6.0,MID_LANE,2177.0,1807.0,100.0,1673568,NEXUS_TURRET,BUILDING_KILL
0.0,TOWER_BUILDING,720262,7585714032,4.0,BOT_LANE,13866.0,4505.0,200.0,691476,OUTER_TURRET,BUILDING_KILL
0.0,TOWER_BUILDING,900294,7585714032,6.0,TOP_LANE,981.0,10441.0,100.0,861644,OUTER_TURRET,BUILDING_KILL
0.0,TOWER_BUILDING,900294,7585714032,4.0,MID_LANE,8955.0,8510.0,200.0,892683,OUTER_TURRET,BUILDING_KILL
0.0,TOWER_BUILDING,960298,7587627734,9.0,BOT_LANE,10504.0,1029.0,100.0,921230,OUTER_TURRET,BUILDING_KILL
0.0,TOWER_BUILDING,960298,7587627734,0.0,TOP_LANE,4318.0,13875.0,200.0,927108,OUTER_TURRET,BUILDING_KILL
0.0,TOWER_BUILDING,1200359,7587627734,1.0,BOT_LANE,13866.0,4505.0,200.0,1141084,OUTER_TURRET,BUILDING_KILL
0.0,TOWER_BUILDING,1200359,7587627734,7.0,TOP_LANE,981.0,10441.0,100.0,1174411,OUTER_TURRET,BUILDING_KILL
0.0,TOWER_BUILDING,1200359,7587627734,4.0,MID_LANE,8955.0,8510.0,200.0,1182107,OUTER_TURRET,BUILDING_KILL
0.0,TOWER_BUILDING,1260375,7587627734,9.0,MID_LANE,5846.0,6396.0,100.0,1212622,OUTER_TURRET,BUILDING_KILL
0.0,TOWER_BUILDING,1380400,7587627734,8.0,TOP_LANE,1512.0,6699.0,100.0,1367794,INNER_TURRET,BUILDING_KILL
0.0,TOWER_BUILDING,1560452,7587627734,8.0,MID_LANE,5048.0,4812.0,100.0,1513922,INNER_TURRET,BUILDING_KILL
0.0,TOWER_BUILDING,1560452,7587627734,6.0,MID_LANE,3651.0,3696.0,100.0,1548872,BASE_TURRET,BUILDING_KILL
0.0,INHIBITOR_BUILDING,1560452,7587627734,8.0,MID_LANE,3210.0,3217.0,100.0,1558782,,BUILDING_KILL
0.0,TOWER_BUILDING,1676645,7587627734,9.0,TOP_LANE,1169.0,4287.0,100.0,1647361,BASE_TURRET,BUILDING_KILL
0.0,TOWER_BUILDING,1676645,7587627734,9.0,MID_LANE,2177.0,1807.0,100.0,1657235,NEXUS_TURRET,BUILDING_KILL
0.0,TOWER_BUILDING,1676645,7587627734,7.0,MID_LANE,1748.0,2270.0,100.0,1660267,NEXUS_TURRET,BUILDING_KILL
0.0,INHIBITOR_BUILDING,1676645,7587627734,8.0,TOP_LANE,1172.0,3583.0,100.0,1664976,,BUILDING_KILL
560.0,TOWER_BUILDING,1676645,7587627734,1.0,BOT_LANE,13327.0,8226.0,200.0,1666144,INNER_TURRET,BUILDING_KILL
0.0,TOWER_BUILDING,720320,7587453045,4.0,BOT_LANE,13866.0,4505.0,200.0,719151,OUTER_TURRET,BUILDING_KILL
0.0,TOWER_BUILDING,780328,7587453045,8.0,MID_LANE,5846.0,6396.0,100.0,738071,OUTER_TURRET,BUILDING_KILL
0.0,TOWER_BUILDING,960395,7587453045,8.0,BOT_LANE,10504.0,1029.0,100.0,926932,OUTER_TURRET,BUILDING_KILL
0.0,TOWER_BUILDING,1200465,7587453045,8.0,TOP_LANE,981.0,10441.0,100.0,1155526,OUTER_TURRET,BUILDING_KILL
0.0,TOWER_BUILDING,1440562,7587453045,9.0,BOT_LANE,6919.0,1483.0,100.0,1431017,INNER_TURRET,BUILDING_KILL
300.0,TOWER_BUILDING,1440562,7587453045,4.0,MID_LANE,8955.0,8510.0,200.0,1439961,OUTER_TURRET,BUILDING_KILL
0.0,TOWER_BUILDING,1500566,7587453045,9.0,BOT_LANE,4281.0,1253.0,100.0,1444190,BASE_TURRET,BUILDING_KILL
0.0,INHIBITOR_BUILDING,1500566,7587453045,8.0,BOT_LANE,3468.0,1230.0,100.0,1449100,,BUILDING_KILL
0.0,TOWER_BUILDING,1500566,7587453045,8.0,MID_LANE,2177.0,1807.0,100.0,1456603,NEXUS_TURRET,BUILDING_KILL
0.0,TOWER_BUILDING,1560590,7587453045,0.0,MID_LANE,5048.0,4812.0,100.0,1522697,INNER_TURRET,BUILDING_KILL
0.0,TOWER_BUILDING,1680631,7587453045,8.0,TOP_LANE,1512.0,6699.0,100.0,1641425,INNER_TURRET,BUILDING_KILL
0.0,TOWER_BUILDING,1680631,7587453045,9.0,TOP_LANE,1169.0,4287.0,100.0,1651671,BASE_TURRET,BUILDING_KILL
0.0,INHIBITOR_BUILDING,1680631,7587453045,9.0,TOP_LANE,1172.0,3583.0,100.0,1662810,,BUILDING_KILL
0.0,TOWER_BUILDING,1698849,7587453045,7.0,MID_LANE,1748.0,2270.0,100.0,1682052,NEXUS_TURRET,BUILDING_KILL
0.0,TOWER_BUILDING,1698849,7587453045,7.0,MID_LANE,2177.0,1807.0,100.0,1684790,NEXUS_TURRET,BUILDING_KILL
0.0,TOWER_BUILDING,960333,7586719858,1.0,TOP_LANE,4318.0,13875.0,200.0,951331,OUTER_TURRET,BUILDING_KILL
0.0,TOWER_BUILDING,1020354,7586719858,2.0,BOT_LANE,13866.0,4505.0,200.0,1005093,OUTER_TURRET,BUILDING_KILL
0.0,TOWER_BUILDING,1200413,7586719858,8.0,BOT_LANE,10504.0,1029.0,100.0,1164272,OUTER_TURRET,BUILDING_KILL
0.0,TOWER_BUILDING,1260419,7586719858,4.0,MID_LANE,8955.0,8510.0,200.0,1207160,OUTER_TURRET,BUILDING_KILL
0.0,TOWER_BUILDING,1320437,7586719858,1.0,BOT_LANE,13327.0,8226.0,200.0,1304058,INNER_TURRET,BUILDING_KILL
0.0,TOWER_BUILDING,1380447,7586719858,2.0,MID_LANE,9767.0,10113.0,200.0,1355411,INNER_TURRET,BUILDING_KILL
0.0,TOWER_BUILDING,1380447,7586719858,4.0,MID_LANE,11134.0,11207.0,200.0,1361663,BASE_TURRET,BUILDING_KILL
0.0,INHIBITOR_BUILDING,1380447,7586719858,4.0,MID_LANE,11593.0,11669.0,200.0,1366907,,BUILDING_KILL
0.0,TOWER_BUILDING,1380447,7586719858,1.0,BOT_LANE,13624.0,10572.0,200.0,1375671,BASE_TURRET,BUILDING_KILL
0.0,INHIBITOR_BUILDING,1380447,7586719858,2.0,BOT_LANE,13594.0,11319.0,200.0,1380346,,BUILDING_KILL
0.0,TOWER_BUILDING,1431347,7586719858,4.0,MID_LANE,13052.0,12612.0,200.0,1413455,NEXUS_TURRET,BUILDING_KILL
0.0,TOWER_BUILDING,1431347,7586719858,4.0,MID_LANE,12611.0,13084.0,200.0,1417764,NEXUS_TURRET,BUILDING_KILL
0.0,TOWER_BUILDING,900385,7587459917,6.0,BOT_LANE,10504.0,1029.0,100.0,856979,OUTER_TURRET,BUILDING_KILL
0.0,TOWER_BUILDING,900385,7587459917,1.0,TOP_LANE,4318.0,13875.0,200.0,859952,OUTER_TURRET,BUILDING_KILL
0.0,TOWER_BUILDING,960397,7587459917,8.0,TOP_LANE,981.0,10441.0,100.0,933647,OUTER_TURRET,BUILDING_KILL
0.0,TOWER_BUILDING,960397,7587459917,1.0,BOT_LANE,13866.0,4505.0,200.0,934248,OUTER_TURRET,BUILDING_KILL
0.0,TOWER_BUILDING,1020402,7587459917,1.0,BOT_LANE,13327.0,8226.0,200.0,975003,INNER_TURRET,BUILDING_KILL
0.0,TOWER_BUILDING,1140463,7587459917,4.0,MID_LANE,8955.0,8510.0,200.0,1104360,OUTER_TURRET,BUILDING_KILL
0.0,TOWER_BUILDING,1380538,7587459917,3.0,MID_LANE,9767.0,10113.0,200.0,1326819,INNER_TURRET,BUILDING_KILL
0.0,TOWER_BUILDING,1500567,7587459917,4.0,BOT_LANE,13624.0,10572.0,200.0,1445307,BASE_TURRET,BUILDING_KILL
0.0,INHIBITOR_BUILDING,1560597,7587459917,1.0,BOT_LANE,13594.0,11319.0,200.0,1543203,,BUILDING_KILL
0.0,TOWER_BUILDING,1560597,7587459917,1.0,MID_LANE,13052.0,12612.0,200.0,1553083,NEXUS_TURRET,BUILDING_KILL
0.0,TOWER_BUILDING,1620620,7587459917,1.0,MID_LANE,12611.0,13084.0,200.0,1568414,NEXUS_TURRET,BUILDING_KILL
0.0,TOWER_BUILDING,1719496,7587459917,4.0,MID_LANE,11134.0,11207.0,200.0,1699197,BASE_TURRET,BUILDING_KILL
0.0,TOWER_BUILDING,780155,7587509129,9.0,BOT_LANE,10504.0,1029.0,100.0,724130,OUTER_TURRET,BUILDING_KILL
0.0,TOWER_BUILDING,900188,7587509129,8.0,TOP_LANE,981.0,10441.0,100.0,862001,OUTER_TURRET,BUILDING_KILL
250.0,TOWER_BUILDING,960220,7587509129,3.0,TOP_LANE,4318.0,13875.0,200.0,916672,OUTER_TURRET,BUILDING_KILL
0.0,TOWER_BUILDING,960220,7587509129,9.0,MID_LANE,5846.0,6396.0,100.0,923462,OUTER_TURRET,BUILDING_KILL
400.0,TOWER_BUILDING,960220,7587509129,3.0,TOP_LANE,7943.0,13411.0,200.0,946789,INNER_TURRET,BUILDING_KILL
0.0,TOWER_BUILDING,1080304,7587509129,7.0,MID_LANE,5048.0,4812.0,100.0,1020629,INNER_TURRET,BUILDING_KILL
0.0,TOWER_BUILDING,1080304,7587509129,6.0,BOT_LANE,6919.0,1483.0,100.0,1059498,INNER_TURRET,BUILDING_KILL
0.0,TOWER_BUILDING,1140306,7587509129,7.0,TOP_LANE,1512.0,6699.0,100.0,1116920,INNER_TURRET,BUILDING_KILL
250.0,TOWER_BUILDING,1140306,7587509129,1.0,BOT_LANE,13866.0,4505.0,200.0,1134183,OUTER_TURRET,BUILDING_KILL
0.0,TOWER_BUILDING,1140306,7587509129,10.0,TOP_LANE,1169.0,4287.0,100.0,1136120,BASE_TURRET,BUILDING_KILL
0.0,INHIBITOR_BUILDING,1200307,7587509129,9.0,TOP_LANE,1172.0,3583.0,100.0,1144648,,BUILDING_KILL
200.0,TOWER_BUILDING,1260322,7587509129,4.0,MID_LANE,8955.0,8510.0,200.0,1236727,OUTER_TURRET,BUILDING_KILL
0.0,TOWER_BUILDING,1380380,7587509129,9.0,MID_LANE,3651.0,3696.0,100.0,1333451,BASE_TURRET,BUILDING_KILL
0.0,INHIBITOR_BUILDING,1380380,7587509129,10.0,MID_LANE,3210.0,3217.0,100.0,1341621,,BUILDING_KILL
0.0,TOWER_BUILDING,1380380,7587509129,9.0,BOT_LANE,4281.0,1253.0,100.0,1355874,BASE_TURRET,BUILDING_KILL
0.0,INHIBITOR_BUILDING,1380380,7587509129,9.0,BOT_LANE,3468.0,1230.0,100.0,1363851,,BUILDING_KILL
0.0,TOWER_BUILDING,1620458,7587509129,0.0,MID_LANE,2177.0,1807.0,100.0,1608060,NEXUS_TURRET,BUILDING_KILL
0.0,TOWER_BUILDING,1660913,7587509129,10.0,MID_LANE,1748.0,2270.0,100.0,1638444,NEXUS_TURRET,BUILDING_KILL
0.0,TOWER_BUILDING,840304,7587111363,4.0,BOT_LANE,13866.0,4505.0,200.0,783460,OUTER_TURRET,BUILDING_KILL
0.0,TOWER_BUILDING,900318,7587111363,2.0,TOP_LANE,4318.0,13875.0,200.0,891699,OUTER_TURRET,BUILDING_KILL
0.0,TOWER_BUILDING,960327,7587111363,9.0,BOT_LANE,10504.0,1029.0,100.0,924966,OUTER_TURRET,BUILDING_KILL
0.0,TOWER_BUILDING,1020329,7587111363,3.0,TOP_LANE,7943.0,13411.0,200.0,1014001,INNER_TURRET,BUILDING_KILL
0.0,TOWER_BUILDING,1080352,7587111363,9.0,MID_LANE,5846.0,6396.0,100.0,1031219,OUTER_TURRET,BUILDING_KILL
0.0,TOWER_BUILDING,1320437,7587111363,8.0,BOT_LANE,6919.0,1483.0,100.0,1274874,INNER_TURRET,BUILDING_KILL
0.0,TOWER_BUILDING,1320437,7587111363,4.0,MID_LANE,8955.0,8510.0,200.0,1296999,OUTER_TURRET,BUILDING_KILL
0.0,TOWER_BUILDING,1440475,7587111363,2.0,BOT_LANE,13327.0,8226.0,200.0,1436000,INNER_TURRET,BUILDING_KILL
0.0,TOWER_BUILDING,1440475,7587111363,8.0,TOP_LANE,981.0,10441.0,100.0,1436635,OUTER_TURRET,BUILDING_KILL
0.0,TOWER_BUILDING,1620539,7587111363,9.0,MID_LANE,5048.0,4812.0,100.0,1571097,INNER_TURRET,BUILDING_KILL
0.0,TOWER_BUILDING,1680569,7587111363,8.0,BOT_LANE,4281.0,1253.0,100.0,1648595,BASE_TURRET,BUILDING_KILL
0.0,TOWER_BUILDING,1800615,7587111363,8.0,TOP_LANE,1512.0,6699.0,100.0,1778744,INNER_TURRET,BUILDING_KILL
0.0,TOWER_BUILDING,1920639,7587111363,9.0,MID_LANE,3651.0,3696.0,100.0,1906294,BASE_TURRET,BUILDING_KILL
0.0,INHIBITOR_BUILDING,1920639,7587111363,10.0,MID_LANE,3210.0,3217.0,100.0,1913224,,BUILDING_KILL
0.0,INHIBITOR_BUILDING,1980662,7587111363,10.0,BOT_LANE,3468.0,1230.0,100.0,1923955,,BUILDING_KILL
0.0,TOWER_BUILDING,2040684,7587111363,9.0,TOP_LANE,1169.0,4287.0,100.0,2036910,BASE_TURRET,BUILDING_KILL
0.0,INHIBITOR_BUILDING,2086253,7587111363,9.0,TOP_LANE,1172.0,3583.0,100.0,2042221,,BUILDING_KILL
0.0,TOWER_BUILDING,2086253,7587111363,9.0,MID_LANE,2177.0,1807.0,100.0,2062948,NEXUS_TURRET,BUILDING_KILL
0.0,TOWER_BUILDING,2086253,7587111363,9.0,MID_LANE,1748.0,2270.0,100.0,2067791,NEXUS_TURRET,BUILDING_KILL
0.0,TOWER_BUILDING,660265,7586800261,9.0,BOT_LANE,10504.0,1029.0,100.0,603677,OUTER_TURRET,BUILDING_KILL
0.0,TOWER_BUILDING,923249,7586800261,10.0,TOP_LANE,981.0,10441.0,100.0,907332,OUTER_TURRET,BUILDING_KILL
0.0,TOWER_BUILDING,720264,7586853202,5.0,TOP_LANE,4318.0,13875.0,200.0,699349,OUTER_TURRET,BUILDING_KILL
0.0,TOWER_BUILDING,900308,7586853202,4.0,BOT_LANE,13866.0,4505.0,200.0,864570,OUTER_TURRET,BUILDING_KILL
0.0,TOWER_BUILDING,840346,7586186321,7.0,BOT_LANE,10504.0,1029.0,100.0,781094,OUTER_TURRET,BUILDING_KILL
0.0,TOWER_BUILDING,960356,7586186321,6.0,TOP_LANE,981.0,10441.0,100.0,903526,OUTER_TURRET,BUILDING_KILL
0.0,TOWER_BUILDING,960356,7586186321,1.0,BOT_LANE,13866.0,4505.0,200.0,927802,OUTER_TURRET,BUILDING_KILL
0.0,TOWER_BUILDING,1020364,7586186321,7.0,MID_LANE,5846.0,6396.0,100.0,968638,OUTER_TURRET,BUILDING_KILL
0.0,TOWER_BUILDING,1200386,7586186321,4.0,MID_LANE,8955.0,8510.0,200.0,1149358,OUTER_TURRET,BUILDING_KILL
0.0,TOWER_BUILDING,1320406,7586186321,4.0,TOP_LANE,4318.0,13875.0,200.0,1304055,OUTER_TURRET,BUILDING_KILL
0.0,TOWER_BUILDING,1380435,7586186321,6.0,BOT_LANE,6919.0,1483.0,100.0,1375231,INNER_TURRET,BUILDING_KILL
0.0,TOWER_BUILDING,1440461,7586186321,10.0,MID_LANE,5048.0,4812.0,100.0,1417406,INNER_TURRET,BUILDING_KILL
0.0,TOWER_BUILDING,1440461,7586186321,10.0,MID_LANE,3651.0,3696.0,100.0,1427258,BASE_TURRET,BUILDING_KILL
0.0,TOWER_BUILDING,1440461,7586186321,6.0,BOT_LANE,4281.0,1253.0,100.0,1433270,BASE_TURRET,BUILDING_KILL
0.0,INHIBITOR_BUILDING,1500480,7586186321,6.0,MID_LANE,3210.0,3217.0,100.0,1480696,,BUILDING_KILL
0.0,INHIBITOR_BUILDING,1560492,7586186321,6.0,BOT_LANE,3468.0,1230.0,100.0,1509899,,BUILDING_KILL
0.0,TOWER_BUILDING,1620525,7586186321,10.0,TOP_LANE,1512.0,6699.0,100.0,1573208,INNER_TURRET,BUILDING_KILL
0.0,TOWER_BUILDING,1740552,7586186321,0.0,MID_LANE,2177.0,1807.0,100.0,1722210,NEXUS_TURRET,BUILDING_KILL
0.0,TOWER_BUILDING,1800558,7586186321,2.0,MID_LANE,9767.0,10113.0,200.0,1794906,INNER_TURRET,BUILDING_KILL
0.0,TOWER_BUILDING,2040672,7586186321,4.0,MID_LANE,11134.0,11207.0,200.0,2001344,BASE_TURRET,BUILDING_KILL
0.0,INHIBITOR_BUILDING,2040672,7586186321,1.0,MID_LANE,11593.0,11669.0,200.0,2007038,,BUILDING_KILL
0.0,TOWER_BUILDING,2040672,7586186321,3.0,BOT_LANE,13327.0,8226.0,200.0,2007965,INNER_TURRET,BUILDING_KILL
0.0,TOWER_BUILDING,2040672,7586186321,4.0,MID_LANE,13052.0,12612.0,200.0,2031513,NEXUS_TURRET,BUILDING_KILL
0.0,TOWER_BUILDING,2040672,7586186321,5.0,MID_LANE,12611.0,13084.0,200.0,2034786,NEXUS_TURRET,BUILDING_KILL
0.0,TOWER_BUILDING,932006,7586298817,4.0,BOT_LANE,13866.0,4505.0,200.0,915840,OUTER_TURRET,BUILDING_KILL
0.0,TOWER_BUILDING,900188,7587303888,5.0,TOP_LANE,4318.0,13875.0,200.0,867323,OUTER_TURRET,BUILDING_KILL
0.0,TOWER_BUILDING,1080254,7587303888,3.0,BOT_LANE,13866.0,4505.0,200.0,1074977,OUTER_TURRET,BUILDING_KILL
0.0,TOWER_BUILDING,1200359,7587303888,1.0,TOP_LANE,7943.0,13411.0,200.0,1198255,INNER_TURRET,BUILDING_KILL
0.0,TOWER_BUILDING,1200359,7587303888,3.0,BOT_LANE,13327.0,8226.0,200.0,1199090,INNER_TURRET,BUILDING_KILL
0.0,TOWER_BUILDING,1260379,7587303888,4.0,MID_LANE,8955.0,8510.0,200.0,1215492,OUTER_TURRET,BUILDING_KILL
0.0,TOWER_BUILDING,1260379,7587303888,0.0,TOP_LANE,981.0,10441.0,100.0,1253116,OUTER_TURRET,BUILDING_KILL
0.0,TOWER_BUILDING,1440429,7587303888,10.0,MID_LANE,5846.0,6396.0,100.0,1421711,OUTER_TURRET,BUILDING_KILL
0.0,TOWER_BUILDING,1560481,7587303888,3.0,BOT_LANE,13624.0,10572.0,200.0,1508769,BASE_TURRET,BUILDING_KILL
0.0,TOWER_BUILDING,1560481,7587303888,1.0,MID_LANE,9767.0,10113.0,200.0,1512983,INNER_TURRET,BUILDING_KILL
0.0,INHIBITOR_BUILDING,1560481,7587303888,3.0,BOT_LANE,13594.0,11319.0,200.0,1524727,,BUILDING_KILL
0.0,TOWER_BUILDING,1560481,7587303888,3.0,MID_LANE,11134.0,11207.0,200.0,1544681,BASE_TURRET,BUILDING_KILL
0.0,INHIBITOR_BUILDING,1560481,7587303888,3.0,MID_LANE,11593.0,11669.0,200.0,1548155,,BUILDING_KILL
0.0,TOWER_BUILDING,1620506,7587303888,3.0,MID_LANE,13052.0,12612.0,200.0,1578010,NEXUS_TURRET,BUILDING_KILL
0.0,TOWER_BUILDING,720281,7586914281,1.0,TOP_LANE,4318.0,13875.0,200.0,708355,OUTER_TURRET,BUILDING_KILL
0.0,TOWER_BUILDING,900359,7586375278,4.0,MID_LANE,8955.0,8510.0,200.0,878641,OUTER_TURRET,BUILDING_KILL
0.0,TOWER_BUILDING,840290,7585873675,1.0,TOP_LANE,4318.0,13875.0,200.0,809350,OUTER_TURRET,BUILDING_KILL
0.0,TOWER_BUILDING,900294,7585873675,10.0,BOT_LANE,10504.0,1029.0,100.0,841459,OUTER_TURRET,BUILDING_KILL
0.0,TOWER_BUILDING,1020331,7585873675,6.0,TOP_LANE,981.0,10441.0,100.0,993352,OUTER_TURRET,BUILDING_KILL
0.0,TOWER_BUILDING,1020331,7585873675,1.0,BOT_LANE,13866.0,4505.0,200.0,1009273,OUTER_TURRET,BUILDING_KILL
0.0,TOWER_BUILDING,1080335,7585873675,9.0,MID_LANE,5846.0,6396.0,100.0,1034699,OUTER_TURRET,BUILDING_KILL
0.0,TOWER_BUILDING,1080335,7585873675,9.0,MID_LANE,5048.0,4812.0,100.0,1053577,INNER_TURRET,BUILDING_KILL
0.0,TOWER_BUILDING,1140355,7585873675,1.0,MID_LANE,8955.0,8510.0,200.0,1124243,OUTER_TURRET,BUILDING_KILL
0.0,TOWER_BUILDING,1380394,7585873675,9.0,BOT_LANE,6919.0,1483.0,100.0,1376020,INNER_TURRET,BUILDING_KILL
0.0,TOWER_BUILDING,1500451,7585873675,6.0,BOT_LANE,4281.0,1253.0,100.0,1451378,BASE_TURRET,BUILDING_KILL
0.0,TOWER_BUILDING,1500451,7585873675,8.0,MID_LANE,3651.0,3696.0,100.0,1456188,BASE_TURRET,BUILDING_KILL
0.0,INHIBITOR_BUILDING,1500451,7585873675,6.0,BOT_LANE,3468.0,1230.0,100.0,1458949,,BUILDING_KILL
0.0,INHIBITOR_BUILDING,1500451,7585873675,9.0,MID_LANE,3210.0,3217.0,100.0,1463625,,BUILDING_KILL
0.0,TOWER_BUILDING,1680491,7585873675,6.0,TOP_LANE,1512.0,6699.0,100.0,1643672,INNER_TURRET,BUILDING_KILL
0.0,TOWER_BUILDING,1680491,7585873675,7.0,TOP_LANE,1169.0,4287.0,100.0,1658869,BASE_TURRET,BUILDING_KILL
0.0,INHIBITOR_BUILDING,1680491,7585873675,9.0,TOP_LANE,1172.0,3583.0,100.0,1668219,,BUILDING_KILL
0.0,TOWER_BUILDING,900381,7587439880,7.0,MID_LANE,5846.0,6396.0,100.0,848642,OUTER_TURRET,BUILDING_KILL
0.0,TOWER_BUILDING,1020407,7587439880,7.0,TOP_LANE,981.0,10441.0,100.0,963079,OUTER_TURRET,BUILDING_KILL
0.0,TOWER_BUILDING,1080416,7587439880,7.0,BOT_LANE,10504.0,1029.0,100.0,1044507,OUTER_TURRET,BUILDING_KILL
0.0,TOWER_BUILDING,1200430,7587439880,9.0,BOT_LANE,6919.0,1483.0,100.0,1194618,INNER_TURRET,BUILDING_KILL
200.0,TOWER_BUILDING,1260431,7587439880,3.0,TOP_LANE,4318.0,13875.0,200.0,1203924,OUTER_TURRET,BUILDING_KILL
0.0,TOWER_BUILDING,1260431,7587439880,8.0,MID_LANE,5048.0,4812.0,100.0,1227531,INNER_TURRET,BUILDING_KILL
0.0,TOWER_BUILDING,1260431,7587439880,8.0,MID_LANE,3651.0,3696.0,100.0,1238930,BASE_TURRET,BUILDING_KILL
0.0,INHIBITOR_BUILDING,1380485,7587439880,9.0,MID_LANE,3210.0,3217.0,100.0,1340289,,BUILDING_KILL
0.0,TOWER_BUILDING,1380485,7587439880,7.0,BOT_LANE,4281.0,1253.0,100.0,1359496,BASE_TURRET,BUILDING_KILL
0.0,INHIBITOR_BUILDING,1411892,7587439880,8.0,BOT_LANE,3468.0,1230.0,100.0,1382923,,BUILDING_KILL
0.0,TOWER_BUILDING,1411892,7587439880,10.0,MID_LANE,2177.0,1807.0,100.0,1393946,NEXUS_TURRET,BUILDING_KILL
0.0,TOWER_BUILDING,1411892,7587439880,9.0,MID_LANE,1748.0,2270.0,100.0,1400959,NEXUS_TURRET,BUILDING_KILL
0.0,TOWER_BUILDING,900350,7585976197,9.0,BOT_LANE,10504.0,1029.0,100.0,863181,OUTER_TURRET,BUILDING_KILL
0.0,TOWER_BUILDING,900363,7587486606,6.0,TOP_LANE,981.0,10441.0,100.0,867474,OUTER_TURRET,BUILDING_KILL
0.0,TOWER_BUILDING,960368,7587486606,8.0,BOT_LANE,10504.0,1029.0,100.0,952568,OUTER_TURRET,BUILDING_KILL
0.0,TOWER_BUILDING,1200440,7587486606,9.0,MID_LANE,5846.0,6396.0,100.0,1159549,OUTER_TURRET,BUILDING_KILL
0.0,TOWER_BUILDING,1260443,7587486606,8.0,BOT_LANE,6919.0,1483.0,100.0,1255046,INNER_TURRET,BUILDING_KILL
0.0,TOWER_BUILDING,1320455,7587486606,4.0,MID_LANE,8955.0,8510.0,200.0,1266220,OUTER_TURRET,BUILDING_KILL
0.0,TOWER_BUILDING,1320455,7587486606,6.0,TOP_LANE,1512.0,6699.0,100.0,1286339,INNER_TURRET,BUILDING_KILL
0.0,TOWER_BUILDING,1440492,7587486606,6.0,MID_LANE,5048.0,4812.0,100.0,1405746,INNER_TURRET,BUILDING_KILL
0.0,TOWER_BUILDING,1620527,7587486606,6.0,TOP_LANE,1169.0,4287.0,100.0,1614858,BASE_TURRET,BUILDING_KILL
0.0,TOWER_BUILDING,1662772,7587486606,8.0,BOT_LANE,4281.0,1253.0,100.0,1625670,BASE_TURRET,BUILDING_KILL
0.0,INHIBITOR_BUILDING,1662772,7587486606,8.0,BOT_LANE,3468.0,1230.0,100.0,1629954,,BUILDING_KILL
0.0,TOWER_BUILDING,1662772,7587486606,8.0,MID_LANE,2177.0,1807.0,100.0,1638630,NEXUS_TURRET,BUILDING_KILL
0.0,INHIBITOR_BUILDING,1662772,7587486606,0.0,TOP_LANE,1172.0,3583.0,100.0,1646850,,BUILDING_KILL
0.0,TOWER_BUILDING,1662772,7587486606,7.0,MID_LANE,1748.0,2270.0,100.0,1648653,NEXUS_TURRET,BUILDING_KILL
0.0,TOWER_BUILDING,780385,7586461316,1.0,TOP_LANE,4318.0,13875.0,200.0,762006,OUTER_TURRET,BUILDING_KILL
0.0,TOWER_BUILDING,1080520,7586461316,3.0,BOT_LANE,13866.0,4505.0,200.0,1060664,OUTER_TURRET,BUILDING_KILL
0.0,TOWER_BUILDING,1200546,7586461316,6.0,BOT_LANE,10504.0,1029.0,100.0,1171360,OUTER_TURRET,BUILDING_KILL
0.0,TOWER_BUILDING,1200546,7586461316,2.0,MID_LANE,8955.0,8510.0,200.0,1187600,OUTER_TURRET,BUILDING_KILL
0.0,TOWER_BUILDING,780111,7586599345,3.0,MID_LANE,8955.0,8510.0,200.0,731090,OUTER_TURRET,BUILDING_KILL
0.0,TOWER_BUILDING,840113,7586599345,4.0,MID_LANE,9767.0,10113.0,200.0,797346,INNER_TURRET,BUILDING_KILL
0.0,TOWER_BUILDING,840113,7586599345,8.0,BOT_LANE,10504.0,1029.0,100.0,806330,OUTER_TURRET,BUILDING_KILL
0.0,TOWER_BUILDING,900131,7586599345,1.0,TOP_LANE,4318.0,13875.0,200.0,870418,OUTER_TURRET,BUILDING_KILL
0.0,TOWER_BUILDING,780302,7587523163,3.0,MID_LANE,8955.0,8510.0,200.0,765653,OUTER_TURRET,BUILDING_KILL
0.0,TOWER_BUILDING,900320,7587523163,3.0,TOP_LANE,4318.0,13875.0,200.0,898112,OUTER_TURRET,BUILDING_KILL
0.0,TOWER_BUILDING,960336,7587523163,1.0,BOT_LANE,13866.0,4505.0,200.0,922618,OUTER_TURRET,BUILDING_KILL
0.0,TOWER_BUILDING,960336,7587523163,7.0,TOP_LANE,981.0,10441.0,100.0,938090,OUTER_TURRET,BUILDING_KILL
0.0,TOWER_BUILDING,1020363,7587523163,4.0,TOP_LANE,7943.0,13411.0,200.0,1015745,INNER_TURRET,BUILDING_KILL
0.0,TOWER_BUILDING,1080377,7587523163,4.0,TOP_LANE,10481.0,13650.0,200.0,1025740,BASE_TURRET,BUILDING_KILL
0.0,TOWER_BUILDING,1080377,7587523163,7.0,MID_LANE,5846.0,6396.0,100.0,1042294,OUTER_TURRET,BUILDING_KILL
0.0,TOWER_BUILDING,1080377,7587523163,1.0,MID_LANE,9767.0,10113.0,200.0,1078473,INNER_TURRET,BUILDING_KILL
0.0,TOWER_BUILDING,840348,7586649870,9.0,BOT_LANE,10504.0,1029.0,100.0,810803,OUTER_TURRET,BUILDING_KILL
0.0,TOWER_BUILDING,900353,7586649870,1.0,TOP_LANE,4318.0,13875.0,200.0,897740,OUTER_TURRET,BUILDING_KILL
0.0,TOWER_BUILDING,1020379,7586649870,8.0,TOP_LANE,981.0,10441.0,100.0,983326,OUTER_TURRET,BUILDING_KILL
0.0,TOWER_BUILDING,1080395,7586649870,1.0,BOT_LANE,13866.0,4505.0,200.0,1041895,OUTER_TURRET,BUILDING_KILL
0.0,TOWER_BUILDING,1320437,7586649870,2.0,MID_LANE,8955.0,8510.0,200.0,1264031,OUTER_TURRET,BUILDING_KILL
0.0,TOWER_BUILDING,1500494,7586649870,0.0,MID_LANE,9767.0,10113.0,200.0,1486598,INNER_TURRET,BUILDING_KILL
0.0,TOWER_BUILDING,1740592,7586649870,8.0,TOP_LANE,1512.0,6699.0,100.0,1689434,INNER_TURRET,BUILDING_KILL
0.0,TOWER_BUILDING,1740592,7586649870,3.0,BOT_LANE,13327.0,8226.0,200.0,1703828,INNER_TURRET,BUILDING_KILL
0.0,TOWER_BUILDING,1860623,7586649870,9.0,MID_LANE,5846.0,6396.0,100.0,1818127,OUTER_TURRET,BUILDING_KILL
0.0,TOWER_BUILDING,1860623,7586649870,9.0,MID_LANE,5048.0,4812.0,100.0,1835487,INNER_TURRET,BUILDING_KILL
0.0,TOWER_BUILDING,1860623,7586649870,9.0,MID_LANE,3651.0,3696.0,100.0,1842755,BASE_TURRET,BUILDING_KILL
0.0,INHIBITOR_BUILDING,1860623,7586649870,10.0,MID_LANE,3210.0,3217.0,100.0,1847131,,BUILDING_KILL
0.0,TOWER_BUILDING,1871336,7586649870,6.0,MID_LANE,1748.0,2270.0,100.0,1860792,NEXUS_TURRET,BUILDING_KILL
0.0,TOWER_BUILDING,1871336,7586649870,9.0,MID_LANE,2177.0,1807.0,100.0,1861294,NEXUS_TURRET,BUILDING_KILL
0.0,TOWER_BUILDING,900321,7586818382,4.0,MID_LANE,8955.0,8510.0,200.0,843391,OUTER_TURRET,BUILDING_KILL
0.0,TOWER_BUILDING,900321,7586818382,1.0,BOT_LANE,13866.0,4505.0,200.0,851787,OUTER_TURRET,BUILDING_KILL
0.0,TOWER_BUILDING,900321,7586818382,6.0,TOP_LANE,981.0,10441.0,100.0,861074,OUTER_TURRET,BUILDING_KILL
0.0,TOWER_BUILDING,900321,7586818382,4.0,MID_LANE,9767.0,10113.0,200.0,863712,INNER_TURRET,BUILDING_KILL
0.0,TOWER_BUILDING,840291,7587174492,3.0,BOT_LANE,13866.0,4505.0,200.0,836684,OUTER_TURRET,BUILDING_KILL
0.0,TOWER_BUILDING,900322,7587174492,8.0,MID_LANE,5846.0,6396.0,100.0,863472,OUTER_TURRET,BUILDING_KILL
0.0,TOWER_BUILDING,960338,7587174492,4.0,MID_LANE,8955.0,8510.0,200.0,912313,OUTER_TURRET,BUILDING_KILL
0.0,TOWER_BUILDING,1020344,7587174492,9.0,BOT_LANE,10504.0,1029.0,100.0,964366,OUTER_TURRET,BUILDING_KILL
0.0,TOWER_BUILDING,1020344,7587174492,4.0,TOP_LANE,4318.0,13875.0,200.0,993549,OUTER_TURRET,BUILDING_KILL
0.0,TOWER_BUILDING,1200423,7587174492,4.0,MID_LANE,9767.0,10113.0,200.0,1146802,INNER_TURRET,BUILDING_KILL
0.0,TOWER_BUILDING,1380465,7587174492,3.0,TOP_LANE,7943.0,13411.0,200.0,1356719,INNER_TURRET,BUILDING_KILL
0.0,TOWER_BUILDING,1800552,7587174492,3.0,TOP_LANE,10481.0,13650.0,200.0,1740670,BASE_TURRET,BUILDING_KILL
0.0,TOWER_BUILDING,1800552,7587174492,7.0,BOT_LANE,6919.0,1483.0,100.0,1747483,INNER_TURRET,BUILDING_KILL
0.0,TOWER_BUILDING,1800552,7587174492,8.0,MID_LANE,5048.0,4812.0,100.0,1748268,INNER_TURRET,BUILDING_KILL
0.0,INHIBITOR_BUILDING,1800552,7587174492,3.0,TOP_LANE,11275.0,13663.0,200.0,1760035,,BUILDING_KILL
0.0,TOWER_BUILDING,2100650,7587174492,7.0,TOP_LANE,981.0,10441.0,100.0,2069063,OUTER_TURRET,BUILDING_KILL
0.0,TOWER_BUILDING,2160664,7587174492,4.0,BOT_LANE,13327.0,8226.0,200.0,2121590,INNER_TURRET,BUILDING_KILL
0.0,TOWER_BUILDING,2184380,7587174492,7.0,MID_LANE,3651.0,3696.0,100.0,2167043,BASE_TURRET,BUILDING_KILL
0.0,INHIBITOR_BUILDING,2184380,7587174492,10.0,MID_LANE,3210.0,3217.0,100.0,2169180,,BUILDING_KILL
0.0,TOWER_BUILDING,2184380,7587174492,8.0,MID_LANE,1748.0,2270.0,100.0,2175763,NEXUS_TURRET,BUILDING_KILL
0.0,TOWER_BUILDING,2184380,7587174492,6.0,MID_LANE,2177.0,1807.0,100.0,2177767,NEXUS_TURRET,BUILDING_KILL
0.0,TOWER_BUILDING,720168,7586737031,7.0,MID_LANE,5846.0,6396.0,100.0,712654,OUTER_TURRET,BUILDING_KILL
0.0,TOWER_BUILDING,780288,7586737031,9.0,BOT_LANE,10504.0,1029.0,100.0,739283,OUTER_TURRET,BUILDING_KILL
250.0,TOWER_BUILDING,900326,7586737031,1.0,TOP_LANE,4318.0,13875.0,200.0,896492,OUTER_TURRET,BUILDING_KILL
0.0,TOWER_BUILDING,1020357,7586737031,6.0,BOT_LANE,6919.0,1483.0,100.0,1009868,INNER_TURRET,BUILDING_KILL
0.0,TOWER_BUILDING,1080387,7586737031,8.0,TOP_LANE,981.0,10441.0,100.0,1043839,OUTER_TURRET,BUILDING_KILL
0.0,TOWER_BUILDING,1140398,7586737031,7.0,MID_LANE,5048.0,4812.0,100.0,1123903,INNER_TURRET,BUILDING_KILL
0.0,TOWER_BUILDING,1440484,7586737031,6.0,BOT_LANE,4281.0,1253.0,100.0,1396157,BASE_TURRET,BUILDING_KILL
0.0,INHIBITOR_BUILDING,1440484,7586737031,6.0,BOT_LANE,3468.0,1230.0,100.0,1414117,,BUILDING_KILL
0.0,TOWER_BUILDING,1680558,7586737031,6.0,TOP_LANE,1512.0,6699.0,100.0,1680224,INNER_TURRET,BUILDING_KILL
0.0,TOWER_BUILDING,1740588,7586737031,8.0,MID_LANE,3651.0,3696.0,100.0,1693671,BASE_TURRET,BUILDING_KILL
0.0,TOWER_BUILDING,1740588,7586737031,6.0,TOP_LANE,1169.0,4287.0,100.0,1702057,BASE_TURRET,BUILDING_KILL
0.0,INHIBITOR_BUILDING,1740588,7586737031,9.0,MID_LANE,3210.0,3217.0,100.0,1707668,,BUILDING_KILL
0.0,INHIBITOR_BUILDING,1740588,7586737031,6.0,TOP_LANE,1172.0,3583.0,100.0,1716199,,BUILDING_KILL
0.0,TOWER_BUILDING,1740588,7586737031,9.0,MID_LANE,2177.0,1807.0,100.0,1719272,NEXUS_TURRET,BUILDING_KILL
0.0,TOWER_BUILDING,1740588,7586737031,10.0,MID_LANE,1748.0,2270.0,100.0,1732991,NEXUS_TURRET,BUILDING_KILL
0.0,INHIBITOR_BUILDING,1740588,7586737031,0.0,BOT_LANE,3468.0,1230.0,100.0,1737356,,BUILDING_KILL
0.0,TOWER_BUILDING,780359,7586067878,9.0,BOT_LANE,10504.0,1029.0,100.0,752587,OUTER_TURRET,BUILDING_KILL
0.0,TOWER_BUILDING,840366,7586067878,1.0,TOP_LANE,4318.0,13875.0,200.0,831080,OUTER_TURRET,BUILDING_KILL
0.0,TOWER_BUILDING,900366,7586067878,4.0,MID_LANE,8955.0,8510.0,200.0,840401,OUTER_TURRET,BUILDING_KILL
0.0,TOWER_BUILDING,960378,7586067878,1.0,BOT_LANE,13866.0,4505.0,200.0,903306,OUTER_TURRET,BUILDING_KILL
0.0,TOWER_BUILDING,1020381,7586067878,5.0,MID_LANE,9767.0,10113.0,200.0,987096,INNER_TURRET,BUILDING_KILL
0.0,TOWER_BUILDING,1020381,7586067878,1.0,TOP_LANE,7943.0,13411.0,200.0,997685,INNER_TURRET,BUILDING_KILL
0.0,TOWER_BUILDING,1260427,7586067878,3.0,TOP_LANE,10481.0,13650.0,200.0,1260360,BASE_TURRET,BUILDING_KILL
0.0,INHIBITOR_BUILDING,1380470,7586067878,1.0,TOP_LANE,11275.0,13663.0,200.0,1355733,,BUILDING_KILL
0.0,TOWER_BUILDING,1560500,7586067878,1.0,BOT_LANE,13327.0,8226.0,200.0,1520524,INNER_TURRET,BUILDING_KILL
0.0,TOWER_BUILDING,1603146,7586067878,4.0,MID_LANE,11134.0,11207.0,200.0,1577458,BASE_TURRET,BUILDING_KILL
0.0,INHIBITOR_BUILDING,1603146,7586067878,3.0,MID_LANE,11593.0,11669.0,200.0,1583404,,BUILDING_KILL
0.0,TOWER_BUILDING,1603146,7586067878,1.0,MID_LANE,12611.0,13084.0,200.0,1593781,NEXUS_TURRET,BUILDING_KILL
0.0,TOWER_BUILDING,1603146,7586067878,1.0,MID_LANE,13052.0,12612.0,200.0,1595017,NEXUS_TURRET,BUILDING_KILL
0.0,TOWER_BUILDING,960349,7586075765,10.0,BOT_LANE,10504.0,1029.0,100.0,925253,OUTER_TURRET,BUILDING_KILL
0.0,TOWER_BUILDING,1020373,7586075765,4.0,BOT_LANE,13866.0,4505.0,200.0,992649,OUTER_TURRET,BUILDING_KILL
0.0,TOWER_BUILDING,1020373,7586075765,10.0,MID_LANE,5846.0,6396.0,100.0,1000798,OUTER_TURRET,BUILDING_KILL
0.0,TOWER_BUILDING,1080388,7586075765,6.0,MID_LANE,5048.0,4812.0,100.0,1034747,INNER_TURRET,BUILDING_KILL
0.0,TOWER_BUILDING,1140418,7586075765,1.0,BOT_LANE,13327.0,8226.0,200.0,1136937,INNER_TURRET,BUILDING_KILL
0.0,TOWER_BUILDING,1200434,7586075765,0.0,TOP_LANE,981.0,10441.0,100.0,1158747,OUTER_TURRET,BUILDING_KILL
0.0,TOWER_BUILDING,1380487,7586075765,9.0,BOT_LANE,6919.0,1483.0,100.0,1323192,INNER_TURRET,BUILDING_KILL
0.0,TOWER_BUILDING,1440492,7586075765,6.0,TOP_LANE,1512.0,6699.0,100.0,1436351,INNER_TURRET,BUILDING_KILL
0.0,TOWER_BUILDING,1500503,7586075765,7.0,MID_LANE,3651.0,3696.0,100.0,1453819,BASE_TURRET,BUILDING_KILL
0.0,INHIBITOR_BUILDING,1500503,7586075765,7.0,MID_LANE,3210.0,3217.0,100.0,1460357,,BUILDING_KILL
0.0,TOWER_BUILDING,1500503,7586075765,7.0,TOP_LANE,1169.0,4287.0,100.0,1466155,BASE_TURRET,BUILDING_KILL
0.0,INHIBITOR_BUILDING,1500503,7586075765,6.0,TOP_LANE,1172.0,3583.0,100.0,1469362,,BUILDING_KILL
0.0,TOWER_BUILDING,1680528,7586075765,6.0,BOT_LANE,4281.0,1253.0,100.0,1661585,BASE_TURRET,BUILDING_KILL
0.0,INHIBITOR_BUILDING,1680528,7586075765,6.0,BOT_LANE,3468.0,1230.0,100.0,1666916,,BUILDING_KILL
150.0,TOWER_BUILDING,1860579,7586075765,4.0,MID_LANE,8955.0,8510.0,200.0,1803720,OUTER_TURRET,BUILDING_KILL
0.0,TOWER_BUILDING,1860579,7586075765,4.0,MID_LANE,9767.0,10113.0,200.0,1814616,INNER_TURRET,BUILDING_KILL
0.0,TOWER_BUILDING,2040643,7586075765,1.0,TOP_LANE,4318.0,13875.0,200.0,2039073,OUTER_TURRET,BUILDING_KILL
0.0,INHIBITOR_BUILDING,2400723,7586075765,6.0,TOP_LANE,1172.0,3583.0,100.0,2374060,,BUILDING_KILL
0.0,INHIBITOR_BUILDING,2460738,7586075765,6.0,MID_LANE,3210.0,3217.0,100.0,2404420,,BUILDING_KILL
0.0,INHIBITOR_BUILDING,2460738,7586075765,6.0,BOT_LANE,3468.0,1230.0,100.0,2410632,,BUILDING_KILL
0.0,TOWER_BUILDING,2548067,7586075765,9.0,MID_LANE,1748.0,2270.0,100.0,2537741,NEXUS_TURRET,BUILDING_KILL
0.0,TOWER_BUILDING,2548067,7586075765,6.0,MID_LANE,2177.0,1807.0,100.0,2540409,NEXUS_TURRET,BUILDING_KILL
0.0,TOWER_BUILDING,900351,7586182110,3.0,BOT_LANE,13866.0,4505.0,200.0,863404,OUTER_TURRET,BUILDING_KILL
0.0,TOWER_BUILDING,1020381,7586182110,3.0,MID_LANE,8955.0,8510.0,200.0,996199,OUTER_TURRET,BUILDING_KILL
0.0,TOWER_BUILDING,1020381,7586182110,8.0,TOP_LANE,981.0,10441.0,100.0,1009399,OUTER_TURRET,BUILDING_KILL
0.0,TOWER_BUILDING,1140391,7586182110,6.0,BOT_LANE,10504.0,1029.0,100.0,1104122,OUTER_TURRET,BUILDING_KILL
0.0,TOWER_BUILDING,1140391,7586182110,1.0,TOP_LANE,4318.0,13875.0,200.0,1105625,OUTER_TURRET,BUILDING_KILL
0.0,TOWER_BUILDING,1560510,7586182110,9.0,MID_LANE,5846.0,6396.0,100.0,1545010,OUTER_TURRET,BUILDING_KILL
0.0,TOWER_BUILDING,1620512,7586182110,2.0,MID_LANE,9767.0,10113.0,200.0,1608930,INNER_TURRET,BUILDING_KILL
0.0,TOWER_BUILDING,1860578,7586182110,2.0,TOP_LANE,7943.0,13411.0,200.0,1821714,INNER_TURRET,BUILDING_KILL
0.0,TOWER_BUILDING,2083871,7586182110,1.0,TOP_LANE,10481.0,13650.0,200.0,2053564,BASE_TURRET,BUILDING_KILL
0.0,INHIBITOR_BUILDING,2083871,7586182110,3.0,TOP_LANE,11275.0,13663.0,200.0,2064917,,BUILDING_KILL
0.0,TOWER_BUILDING,2083871,7586182110,3.0,MID_LANE,12611.0,13084.0,200.0,2069694,NEXUS_TURRET,BUILDING_KILL
0.0,TOWER_BUILDING,2083871,7586182110,4.0,MID_LANE,13052.0,12612.0,200.0,2073205,NEXUS_TURRET,BUILDING_KILL
0.0,TOWER_BUILDING,900298,7586486938,8.0,MID_LANE,5846.0,6396.0,100.0,844166,OUTER_TURRET,BUILDING_KILL
0.0,TOWER_BUILDING,900298,7586486938,1.0,TOP_LANE,4318.0,13875.0,200.0,886785,OUTER_TURRET,BUILDING_KILL
0.0,TOWER_BUILDING,900298,7586486938,3.0,MID_LANE,8955.0,8510.0,200.0,887119,OUTER_TURRET,BUILDING_KILL
0.0,TOWER_BUILDING,900298,7586486938,4.0,BOT_LANE,13866.0,4505.0,200.0,894668,OUTER_TURRET,BUILDING_KILL
250.0,TOWER_BUILDING,1080325,7586486938,8.0,BOT_LANE,10504.0,1029.0,100.0,1033715,OUTER_TURRET,BUILDING_KILL
0.0,TOWER_BUILDING,1200361,7586486938,1.0,TOP_LANE,7943.0,13411.0,200.0,1140420,INNER_TURRET,BUILDING_KILL
0.0,TOWER_BUILDING,1320381,7586486938,4.0,MID_LANE,9767.0,10113.0,200.0,1273152,INNER_TURRET,BUILDING_KILL
0.0,TOWER_BUILDING,1320381,7586486938,4.0,MID_LANE,11134.0,11207.0,200.0,1288651,BASE_TURRET,BUILDING_KILL
0.0,TOWER_BUILDING,1320381,7586486938,1.0,BOT_LANE,13327.0,8226.0,200.0,1289453,INNER_TURRET,BUILDING_KILL
0.0,INHIBITOR_BUILDING,1320381,7586486938,4.0,MID_LANE,11593.0,11669.0,200.0,1298819,,BUILDING_KILL
0.0,TOWER_BUILDING,1496307,7586486938,2.0,TOP_LANE,10481.0,13650.0,200.0,1454016,BASE_TURRET,BUILDING_KILL
0.0,INHIBITOR_BUILDING,1496307,7586486938,1.0,TOP_LANE,11275.0,13663.0,200.0,1468441,,BUILDING_KILL
0.0,TOWER_BUILDING,1496307,7586486938,4.0,MID_LANE,13052.0,12612.0,200.0,1470816,NEXUS_TURRET,BUILDING_KILL
0.0,TOWER_BUILDING,1496307,7586486938,2.0,MID_LANE,12611.0,13084.0,200.0,1477898,NEXUS_TURRET,BUILDING_KILL
0.0,TOWER_BUILDING,960391,7586285862,6.0,TOP_LANE,981.0,10441.0,100.0,936895,OUTER_TURRET,BUILDING_KILL
0.0,TOWER_BUILDING,1140428,7586285862,7.0,MID_LANE,5846.0,6396.0,100.0,1123529,OUTER_TURRET,BUILDING_KILL
0.0,TOWER_BUILDING,1140428,7586285862,5.0,BOT_LANE,13866.0,4505.0,200.0,1139758,OUTER_TURRET,BUILDING_KILL
0.0,TOWER_BUILDING,1200430,7586285862,6.0,BOT_LANE,10504.0,1029.0,100.0,1164360,OUTER_TURRET,BUILDING_KILL
0.0,TOWER_BUILDING,1200430,7586285862,3.0,TOP_LANE,4318.0,13875.0,200.0,1170687,OUTER_TURRET,BUILDING_KILL
0.0,TOWER_BUILDING,1260439,7586285862,5.0,MID_LANE,8955.0,8510.0,200.0,1246832,OUTER_TURRET,BUILDING_KILL
0.0,TOWER_BUILDING,1620499,7586285862,8.0,MID_LANE,5048.0,4812.0,100.0,1589179,INNER_TURRET,BUILDING_KILL
0.0,TOWER_BUILDING,1798334,7586285862,6.0,MID_LANE,3651.0,3696.0,100.0,1789583,BASE_TURRET,BUILDING_KILL
0.0,TOWER_BUILDING,900430,7586507096,4.0,TOP_LANE,4318.0,13875.0,200.0,870778,OUTER_TURRET,BUILDING_KILL
0.0,TOWER_BUILDING,840315,7587559610,4.0,BOT_LANE,13866.0,4505.0,200.0,816453,OUTER_TURRET,BUILDING_KILL
0.0,TOWER_BUILDING,934967,7587559610,3.0,TOP_LANE,4318.0,13875.0,200.0,921071,OUTER_TURRET,BUILDING_KILL
0.0,TOWER_BUILDING,780369,7587138891,3.0,BOT_LANE,13866.0,4505.0,200.0,749195,OUTER_TURRET,BUILDING_KILL
0.0,TOWER_BUILDING,780369,7587138891,6.0,TOP_LANE,981.0,10441.0,100.0,770147,OUTER_TURRET,BUILDING_KILL
0.0,TOWER_BUILDING,960435,7587138891,1.0,TOP_LANE,4318.0,13875.0,200.0,918435,OUTER_TURRET,BUILDING_KILL
0.0,TOWER_BUILDING,960435,7587138891,8.0,BOT_LANE,10504.0,1029.0,100.0,929631,OUTER_TURRET,BUILDING_KILL
0.0,TOWER_BUILDING,960435,7587138891,1.0,TOP_LANE,7943.0,13411.0,200.0,935878,INNER_TURRET,BUILDING_KILL
0.0,TOWER_BUILDING,1020437,7587138891,2.0,MID_LANE,8955.0,8510.0,200.0,995267,OUTER_TURRET,BUILDING_KILL
0.0,TOWER_BUILDING,1140482,7587138891,4.0,MID_LANE,9767.0,10113.0,200.0,1095460,INNER_TURRET,BUILDING_KILL
200.0,TOWER_BUILDING,1200515,7587138891,10.0,MID_LANE,5846.0,6396.0,100.0,1187492,OUTER_TURRET,BUILDING_KILL
0.0,TOWER_BUILDING,1380558,7587138891,2.0,BOT_LANE,13327.0,8226.0,200.0,1359039,INNER_TURRET,BUILDING_KILL
0.0,TOWER_BUILDING,1380558,7587138891,4.0,BOT_LANE,13624.0,10572.0,200.0,1375685,BASE_TURRET,BUILDING_KILL
0.0,INHIBITOR_BUILDING,1380558,7587138891,2.0,BOT_LANE,13594.0,11319.0,200.0,1377990,,BUILDING_KILL
0.0,TOWER_BUILDING,1397415,7587138891,3.0,MID_LANE,13052.0,12612.0,200.0,1383399,NEXUS_TURRET,BUILDING_KILL
0.0,TOWER_BUILDING,1397415,7587138891,2.0,MID_LANE,12611.0,13084.0,200.0,1387642,NEXUS_TURRET,BUILDING_KILL
0.0,TOWER_BUILDING,780305,7586893651,1.0,TOP_LANE,4318.0,13875.0,200.0,756219,OUTER_TURRET,BUILDING_KILL
0.0,TOWER_BUILDING,900335,7586893651,9.0,MID_LANE,5846.0,6396.0,100.0,878255,OUTER_TURRET,BUILDING_KILL
0.0,TOWER_BUILDING,960355,7586893651,1.0,TOP_LANE,7943.0,13411.0,200.0,908952,INNER_TURRET,BUILDING_KILL
0.0,TOWER_BUILDING,1140391,7586893651,8.0,TOP_LANE,981.0,10441.0,100.0,1124910,OUTER_TURRET,BUILDING_KILL
0.0,TOWER_BUILDING,1200415,7586893651,9.0,BOT_LANE,10504.0,1029.0,100.0,1158628,OUTER_TURRET,BUILDING_KILL
0.0,TOWER_BUILDING,1260432,7586893651,3.0,BOT_LANE,13866.0,4505.0,200.0,1224617,OUTER_TURRET,BUILDING_KILL
0.0,TOWER_BUILDING,1500535,7586893651,1.0,BOT_LANE,13327.0,8226.0,200.0,1477394,INNER_TURRET,BUILDING_KILL
0.0,TOWER_BUILDING,1500535,7586893651,4.0,MID_LANE,8955.0,8510.0,200.0,1489150,OUTER_TURRET,BUILDING_KILL
0.0,TOWER_BUILDING,1560564,7586893651,6.0,MID_LANE,5048.0,4812.0,100.0,1549086,INNER_TURRET,BUILDING_KILL
0.0,TOWER_BUILDING,1800640,7586893651,4.0,MID_LANE,9767.0,10113.0,200.0,1743848,INNER_TURRET,BUILDING_KILL
0.0,TOWER_BUILDING,1800640,7586893651,4.0,MID_LANE,11134.0,11207.0,200.0,1751464,BASE_TURRET,BUILDING_KILL
0.0,INHIBITOR_BUILDING,1800640,7586893651,1.0,MID_LANE,11593.0,11669.0,200.0,1756458,,BUILDING_KILL
0.0,TOWER_BUILDING,1860651,7586893651,1.0,MID_LANE,13052.0,12612.0,200.0,1858390,NEXUS_TURRET,BUILDING_KILL
0.0,TOWER_BUILDING,840144,7586370678,6.0,TOP_LANE,981.0,10441.0,100.0,805326,OUTER_TURRET,BUILDING_KILL
0.0,TOWER_BUILDING,960164,7586370678,1.0,TOP_LANE,4318.0,13875.0,200.0,944320,OUTER_TURRET,BUILDING_KILL
0.0,TOWER_BUILDING,1080314,7586370678,9.0,MID_LANE,5846.0,6396.0,100.0,1028123,OUTER_TURRET,BUILDING_KILL
0.0,TOWER_BUILDING,1080314,7586370678,8.0,BOT_LANE,10504.0,1029.0,100.0,1057953,OUTER_TURRET,BUILDING_KILL
0.0,TOWER_BUILDING,1200363,7586370678,7.0,MID_LANE,5048.0,4812.0,100.0,1156603,INNER_TURRET,BUILDING_KILL
0.0,TOWER_BUILDING,1500460,7586370678,8.0,BOT_LANE,6919.0,1483.0,100.0,1447431,INNER_TURRET,BUILDING_KILL
0.0,TOWER_BUILDING,1740532,7586370678,3.0,BOT_LANE,13866.0,4505.0,200.0,1692369,OUTER_TURRET,BUILDING_KILL
0.0,TOWER_BUILDING,1740532,7586370678,0.0,BOT_LANE,13327.0,8226.0,200.0,1737031,INNER_TURRET,BUILDING_KILL
0.0,TOWER_BUILDING,1860586,7586370678,2.0,MID_LANE,8955.0,8510.0,200.0,1815357,OUTER_TURRET,BUILDING_KILL
0.0,TOWER_BUILDING,2040640,7586370678,4.0,MID_LANE,9767.0,10113.0,200.0,2019341,INNER_TURRET,BUILDING_KILL
0.0,TOWER_BUILDING,2100670,7586370678,4.0,TOP_LANE,7943.0,13411.0,200.0,2062457,INNER_TURRET,BUILDING_KILL
0.0,TOWER_BUILDING,2400734,7586370678,8.0,MID_LANE,3651.0,3696.0,100.0,2396390,BASE_TURRET,BUILDING_KILL
0.0,INHIBITOR_BUILDING,2434408,7586370678,9.0,MID_LANE,3210.0,3217.0,100.0,2416513,,BUILDING_KILL
0.0,TOWER_BUILDING,2434408,7586370678,8.0,MID_LANE,1748.0,2270.0,100.0,2425531,NEXUS_TURRET,BUILDING_KILL
0.0,TOWER_BUILDING,2434408,7586370678,10.0,MID_LANE,2177.0,1807.0,100.0,2426400,NEXUS_TURRET,BUILDING_KILL
0.0,TOWER_BUILDING,660227,7586929457,1.0,MID_LANE,8955.0,8510.0,200.0,647075,OUTER_TURRET,BUILDING_KILL
0.0,TOWER_BUILDING,780247,7586929457,6.0,TOP_LANE,981.0,10441.0,100.0,767692,OUTER_TURRET,BUILDING_KILL
0.0,TOWER_BUILDING,840271,7586929457,1.0,BOT_LANE,13866.0,4505.0,200.0,813900,OUTER_TURRET,BUILDING_KILL
0.0,TOWER_BUILDING,1020325,7586929457,1.0,BOT_LANE,13327.0,8226.0,200.0,1001380,INNER_TURRET,BUILDING_KILL
0.0,TOWER_BUILDING,1140379,7586929457,6.0,TOP_LANE,1512.0,6699.0,100.0,1119578,INNER_TURRET,BUILDING_KILL
0.0,TOWER_BUILDING,1260427,7586929457,7.0,MID_LANE,5846.0,6396.0,100.0,1226627,OUTER_TURRET,BUILDING_KILL
0.0,TOWER_BUILDING,1260427,7586929457,8.0,BOT_LANE,10504.0,1029.0,100.0,1259864,OUTER_TURRET,BUILDING_KILL
0.0,TOWER_BUILDING,1440507,7586929457,1.0,TOP_LANE,4318.0,13875.0,200.0,1435496,OUTER_TURRET,BUILDING_KILL
0.0,TOWER_BUILDING,1500535,7586929457,4.0,MID_LANE,9767.0,10113.0,200.0,1455885,INNER_TURRET,BUILDING_KILL
0.0,TOWER_BUILDING,1680619,7586929457,6.0,BOT_LANE,6919.0,1483.0,100.0,1659151,INNER_TURRET,BUILDING_KILL
0.0,TOWER_BUILDING,1740647,7586929457,6.0,BOT_LANE,4281.0,1253.0,100.0,1722602,BASE_TURRET,BUILDING_KILL
0.0,INHIBITOR_BUILDING,1740647,7586929457,6.0,BOT_LANE,3468.0,1230.0,100.0,1733021,,BUILDING_KILL
0.0,TOWER_BUILDING,1800658,7586929457,5.0,TOP_LANE,7943.0,13411.0,200.0,1756837,INNER_TURRET,BUILDING_KILL
0.0,TOWER_BUILDING,1800658,7586929457,6.0,MID_LANE,5048.0,4812.0,100.0,1781763,INNER_TURRET,BUILDING_KILL
0.0,TOWER_BUILDING,1920711,7586929457,1.0,MID_LANE,11134.0,11207.0,200.0,1874531,BASE_TURRET,BUILDING_KILL
0.0,INHIBITOR_BUILDING,1920711,7586929457,2.0,MID_LANE,11593.0,11669.0,200.0,1883866,,BUILDING_KILL
0.0,TOWER_BUILDING,1920711,7586929457,1.0,MID_LANE,13052.0,12612.0,200.0,1896419,NEXUS_TURRET,BUILDING_KILL
0.0,TOWER_BUILDING,1920711,7586929457,4.0,MID_LANE,12611.0,13084.0,200.0,1908074,NEXUS_TURRET,BUILDING_KILL
0.0,TOWER_BUILDING,840334,7585958405,9.0,BOT_LANE,10504.0,1029.0,100.0,830804,OUTER_TURRET,BUILDING_KILL
0.0,TOWER_BUILDING,900353,7585958405,4.0,TOP_LANE,4318.0,13875.0,200.0,861558,OUTER_TURRET,BUILDING_KILL
0.0,TOWER_BUILDING,1080403,7585958405,9.0,MID_LANE,5846.0,6396.0,100.0,1031298,OUTER_TURRET,BUILDING_KILL
0.0,TOWER_BUILDING,1140409,7585958405,6.0,TOP_LANE,981.0,10441.0,100.0,1133763,OUTER_TURRET,BUILDING_KILL
0.0,TOWER_BUILDING,1320458,7585958405,7.0,MID_LANE,5048.0,4812.0,100.0,1270528,INNER_TURRET,BUILDING_KILL
0.0,TOWER_BUILDING,1440486,7585958405,3.0,BOT_LANE,13866.0,4505.0,200.0,1400960,OUTER_TURRET,BUILDING_KILL
0.0,TOWER_BUILDING,1740585,7585958405,7.0,TOP_LANE,1512.0,6699.0,100.0,1707068,INNER_TURRET,BUILDING_KILL
0.0,TOWER_BUILDING,1740585,7585958405,9.0,TOP_LANE,1169.0,4287.0,100.0,1718993,BASE_TURRET,BUILDING_KILL
0.0,TOWER_BUILDING,1860614,7585958405,9.0,MID_LANE,3651.0,3696.0,100.0,1823218,BASE_TURRET,BUILDING_KILL
0.0,INHIBITOR_BUILDING,1860614,7585958405,10.0,MID_LANE,3210.0,3217.0,100.0,1827274,,BUILDING_KILL
0.0,INHIBITOR_BUILDING,1860614,7585958405,9.0,TOP_LANE,1172.0,3583.0,100.0,1835658,,BUILDING_KILL
0.0,TOWER_BUILDING,1941704,7585958405,7.0,MID_LANE,1748.0,2270.0,100.0,1927952,NEXUS_TURRET,BUILDING_KILL
0.0,TOWER_BUILDING,1941704,7585958405,9.0,MID_LANE,2177.0,1807.0,100.0,1932965,NEXUS_TURRET,BUILDING_KILL
0.0,TOWER_BUILDING,720272,7586584999,3.0,TOP_LANE,4318.0,13875.0,200.0,689166,OUTER_TURRET,BUILDING_KILL
0.0,TOWER_BUILDING,720272,7586584999,9.0,BOT_LANE,10504.0,1029.0,100.0,706758,OUTER_TURRET,BUILDING_KILL
0.0,TOWER_BUILDING,1080365,7586584999,1.0,BOT_LANE,13866.0,4505.0,200.0,1044291,OUTER_TURRET,BUILDING_KILL
0.0,TOWER_BUILDING,1200406,7586584999,3.0,MID_LANE,8955.0,8510.0,200.0,1157703,OUTER_TURRET,BUILDING_KILL
0.0,TOWER_BUILDING,1380452,7586584999,6.0,MID_LANE,5846.0,6396.0,100.0,1331781,OUTER_TURRET,BUILDING_KILL
0.0,TOWER_BUILDING,1620509,7586584999,0.0,TOP_LANE,7943.0,13411.0,200.0,1617457,INNER_TURRET,BUILDING_KILL
0.0,TOWER_BUILDING,1680526,7586584999,8.0,BOT_LANE,6919.0,1483.0,100.0,1621090,INNER_TURRET,BUILDING_KILL
0.0,TOWER_BUILDING,1740532,7586584999,0.0,TOP_LANE,981.0,10441.0,100.0,1698136,OUTER_TURRET,BUILDING_KILL
0.0,TOWER_BUILDING,1920569,7586584999,5.0,MID_LANE,9767.0,10113.0,200.0,1886381,INNER_TURRET,BUILDING_KILL
0.0,TOWER_BUILDING,2220669,7586584999,5.0,MID_LANE,11134.0,11207.0,200.0,2219180,BASE_TURRET,BUILDING_KILL
0.0,INHIBITOR_BUILDING,2280681,7586584999,3.0,MID_LANE,11593.0,11669.0,200.0,2223957,,BUILDING_KILL
0.0,TOWER_BUILDING,2280681,7586584999,3.0,MID_LANE,13052.0,12612.0,200.0,2248784,NEXUS_TURRET,BUILDING_KILL
0.0,TOWER_BUILDING,2340706,7586584999,0.0,MID_LANE,12611.0,13084.0,200.0,2317209,NEXUS_TURRET,BUILDING_KILL
0.0,TOWER_BUILDING,2520744,7586584999,8.0,MID_LANE,5048.0,4812.0,100.0,2473858,INNER_TURRET,BUILDING_KILL
0.0,TOWER_BUILDING,2520744,7586584999,6.0,MID_LANE,3651.0,3696.0,100.0,2500216,BASE_TURRET,BUILDING_KILL
0.0,INHIBITOR_BUILDING,2520744,7586584999,10.0,MID_LANE,3210.0,3217.0,100.0,2506904,,BUILDING_KILL
0.0,TOWER_BUILDING,2640765,7586584999,8.0,TOP_LANE,1512.0,6699.0,100.0,2603628,INNER_TURRET,BUILDING_KILL
0.0,TOWER_BUILDING,2640765,7586584999,8.0,TOP_LANE,1169.0,4287.0,100.0,2628637,BASE_TURRET,BUILDING_KILL
0.0,INHIBITOR_BUILDING,2640765,7586584999,8.0,TOP_LANE,1172.0,3583.0,100.0,2639051,,BUILDING_KILL
0.0,TOWER_BUILDING,2676773,7586584999,9.0,MID_LANE,1748.0,2270.0,100.0,2650860,NEXUS_TURRET,BUILDING_KILL
0.0,TOWER_BUILDING,2676773,7586584999,8.0,MID_LANE,2177.0,1807.0,100.0,2669663,NEXUS_TURRET,BUILDING_KILL
0.0,TOWER_BUILDING,900349,7587608182,4.0,BOT_LANE,13866.0,4505.0,200.0,844340,OUTER_TURRET,BUILDING_KILL
0.0,TOWER_BUILDING,900349,7587608182,7.0,TOP_LANE,981.0,10441.0,100.0,847890,OUTER_TURRET,BUILDING_KILL
0.0,TOWER_BUILDING,960364,7587608182,6.0,MID_LANE,5846.0,6396.0,100.0,939559,OUTER_TURRET,BUILDING_KILL
0.0,TOWER_BUILDING,1080378,7587608182,2.0,MID_LANE,8955.0,8510.0,200.0,1054618,OUTER_TURRET,BUILDING_KILL
0.0,TOWER_BUILDING,1140391,7587608182,6.0,MID_LANE,5048.0,4812.0,100.0,1101195,INNER_TURRET,BUILDING_KILL
0.0,TOWER_BUILDING,1140391,7587608182,7.0,BOT_LANE,10504.0,1029.0,100.0,1130984,OUTER_TURRET,BUILDING_KILL
0.0,TOWER_BUILDING,1200393,7587608182,8.0,BOT_LANE,6919.0,1483.0,100.0,1179664,INNER_TURRET,BUILDING_KILL
0.0,TOWER_BUILDING,720273,7585957387,10.0,BOT_LANE,10504.0,1029.0,100.0,683545,OUTER_TURRET,BUILDING_KILL
0.0,TOWER_BUILDING,840338,7585957387,8.0,BOT_LANE,6919.0,1483.0,100.0,792200,INNER_TURRET,BUILDING_KILL
0.0,TOWER_BUILDING,960386,7585957387,8.0,MID_LANE,5846.0,6396.0,100.0,910947,OUTER_TURRET,BUILDING_KILL
0.0,TOWER_BUILDING,1140463,7585957387,6.0,TOP_LANE,981.0,10441.0,100.0,1101747,OUTER_TURRET,BUILDING_KILL
0.0,TOWER_BUILDING,1140463,7585957387,8.0,TOP_LANE,1512.0,6699.0,100.0,1129761,INNER_TURRET,BUILDING_KILL
0.0,TOWER_BUILDING,1200479,7585957387,6.0,MID_LANE,5048.0,4812.0,100.0,1145272,INNER_TURRET,BUILDING_KILL
0.0,TOWER_BUILDING,1200479,7585957387,8.0,TOP_LANE,1169.0,4287.0,100.0,1159566,BASE_TURRET,BUILDING_KILL
0.0,TOWER_BUILDING,840302,7587558624,4.0,BOT_LANE,13866.0,4505.0,200.0,835126,OUTER_TURRET,BUILDING_KILL
0.0,TOWER_BUILDING,900314,7587558624,1.0,TOP_LANE,4318.0,13875.0,200.0,894916,OUTER_TURRET,BUILDING_KILL
0.0,TOWER_BUILDING,960327,7587558624,9.0,BOT_LANE,10504.0,1029.0,100.0,928654,OUTER_TURRET,BUILDING_KILL
0.0,TOWER_BUILDING,960327,7587558624,1.0,TOP_LANE,7943.0,13411.0,200.0,936675,INNER_TURRET,BUILDING_KILL
0.0,TOWER_BUILDING,1140379,7587558624,5.0,MID_LANE,8955.0,8510.0,200.0,1120939,OUTER_TURRET,BUILDING_KILL
0.0,TOWER_BUILDING,1200391,7587558624,8.0,TOP_LANE,981.0,10441.0,100.0,1140479,OUTER_TURRET,BUILDING_KILL
0.0,TOWER_BUILDING,1260407,7587558624,8.0,TOP_LANE,1512.0,6699.0,100.0,1203178,INNER_TURRET,BUILDING_KILL
0.0,TOWER_BUILDING,1260407,7587558624,3.0,BOT_LANE,13327.0,8226.0,200.0,1216277,INNER_TURRET,BUILDING_KILL
0.0,TOWER_BUILDING,1260407,7587558624,4.0,MID_LANE,9767.0,10113.0,200.0,1219583,INNER_TURRET,BUILDING_KILL
0.0,TOWER_BUILDING,1260407,7587558624,3.0,BOT_LANE,13624.0,10572.0,200.0,1237408,BASE_TURRET,BUILDING_KILL
0.0,TOWER_BUILDING,1440461,7587558624,7.0,BOT_LANE,6919.0,1483.0,100.0,1416337,INNER_TURRET,BUILDING_KILL
0.0,TOWER_BUILDING,1440461,7587558624,7.0,BOT_LANE,4281.0,1253.0,100.0,1432713,BASE_TURRET,BUILDING_KILL
0.0,TOWER_BUILDING,1500467,7587558624,2.0,TOP_LANE,10481.0,13650.0,200.0,1451282,BASE_TURRET,BUILDING_KILL
0.0,TOWER_BUILDING,1500467,7587558624,1.0,MID_LANE,11134.0,11207.0,200.0,1451683,BASE_TURRET,BUILDING_KILL
0.0,TOWER_BUILDING,1620508,7587558624,6.0,MID_LANE,5846.0,6396.0,100.0,1591931,OUTER_TURRET,BUILDING_KILL
0.0,INHIBITOR_BUILDING,1740553,7587558624,6.0,BOT_LANE,3468.0,1230.0,100.0,1685710,,BUILDING_KILL
0.0,TOWER_BUILDING,900320,7586983058,4.0,BOT_LANE,13866.0,4505.0,200.0,869796,OUTER_TURRET,BUILDING_KILL
0.0,TOWER_BUILDING,960339,7586983058,4.0,MID_LANE,8955.0,8510.0,200.0,922353,OUTER_TURRET,BUILDING_KILL
0.0,TOWER_BUILDING,1020349,7586983058,1.0,TOP_LANE,4318.0,13875.0,200.0,963378,OUTER_TURRET,BUILDING_KILL
0.0,TOWER_BUILDING,1080357,7586983058,2.0,MID_LANE,9767.0,10113.0,200.0,1036572,INNER_TURRET,BUILDING_KILL
150.0,TOWER_BUILDING,1080357,7586983058,6.0,BOT_LANE,10504.0,1029.0,100.0,1042732,OUTER_TURRET,BUILDING_KILL
0.0,TOWER_BUILDING,1080357,7586983058,2.0,MID_LANE,11134.0,11207.0,200.0,1048210,BASE_TURRET,BUILDING_KILL
200.0,TOWER_BUILDING,1200413,7586983058,6.0,TOP_LANE,981.0,10441.0,100.0,1184446,OUTER_TURRET,BUILDING_KILL
0.0,TOWER_BUILDING,1260437,7586983058,2.0,BOT_LANE,13327.0,8226.0,200.0,1200674,INNER_TURRET,BUILDING_KILL
0.0,INHIBITOR_BUILDING,1620563,7586983058,1.0,MID_LANE,11593.0,11669.0,200.0,1610951,,BUILDING_KILL
0.0,TOWER_BUILDING,1620563,7586983058,2.0,TOP_LANE,7943.0,13411.0,200.0,1614021,INNER_TURRET,BUILDING_KILL
0.0,TOWER_BUILDING,1680575,7586983058,1.0,TOP_LANE,10481.0,13650.0,200.0,1626807,BASE_TURRET,BUILDING_KILL
0.0,INHIBITOR_BUILDING,1680575,7586983058,4.0,TOP_LANE,11275.0,13663.0,200.0,1630392,,BUILDING_KILL
0.0,TOWER_BUILDING,1740593,7586983058,5.0,BOT_LANE,13624.0,10572.0,200.0,1692948,BASE_TURRET,BUILDING_KILL
0.0,INHIBITOR_BUILDING,1740593,7586983058,4.0,BOT_LANE,13594.0,11319.0,200.0,1703370,,BUILDING_KILL
0.0,TOWER_BUILDING,1740593,7586983058,4.0,MID_LANE,13052.0,12612.0,200.0,1711498,NEXUS_TURRET,BUILDING_KILL
0.0,TOWER_BUILDING,1756859,7586983058,5.0,MID_LANE,12611.0,13084.0,200.0,1744640,NEXUS_TURRET,BUILDING_KILL
0.0,TOWER_BUILDING,780255,7586014455,9.0,BOT_LANE,10504.0,1029.0,100.0,766801,OUTER_TURRET,BUILDING_KILL
0.0,TOWER_BUILDING,900307,7586014455,6.0,MID_LANE,5846.0,6396.0,100.0,844859,OUTER_TURRET,BUILDING_KILL
0.0,TOWER_BUILDING,1080354,7586014455,9.0,TOP_LANE,981.0,10441.0,100.0,1042897,OUTER_TURRET,BUILDING_KILL
0.0,TOWER_BUILDING,1080354,7586014455,1.0,BOT_LANE,13866.0,4505.0,200.0,1050220,OUTER_TURRET,BUILDING_KILL
0.0,TOWER_BUILDING,1140384,7586014455,3.0,TOP_LANE,4318.0,13875.0,200.0,1102510,OUTER_TURRET,BUILDING_KILL
0.0,TOWER_BUILDING,1380457,7586014455,4.0,MID_LANE,8955.0,8510.0,200.0,1357671,OUTER_TURRET,BUILDING_KILL
0.0,TOWER_BUILDING,1860538,7586014455,7.0,TOP_LANE,1512.0,6699.0,100.0,1810884,INNER_TURRET,BUILDING_KILL
0.0,TOWER_BUILDING,1860538,7586014455,6.0,MID_LANE,5048.0,4812.0,100.0,1838233,INNER_TURRET,BUILDING_KILL
0.0,TOWER_BUILDING,2220591,7586014455,0.0,MID_LANE,9767.0,10113.0,200.0,2177979,INNER_TURRET,BUILDING_KILL
0.0,TOWER_BUILDING,2257993,7586014455,9.0,MID_LANE,3651.0,3696.0,100.0,2233287,BASE_TURRET,BUILDING_KILL
0.0,INHIBITOR_BUILDING,2257993,7586014455,7.0,MID_LANE,3210.0,3217.0,100.0,2236460,,BUILDING_KILL
0.0,TOWER_BUILDING,2257993,7586014455,9.0,MID_LANE,2177.0,1807.0,100.0,2246040,NEXUS_TURRET,BUILDING_KILL
0.0,TOWER_BUILDING,2257993,7586014455,9.0,MID_LANE,1748.0,2270.0,100.0,2248345,NEXUS_TURRET,BUILDING_KILL
0.0,TOWER_BUILDING,900334,7586301122,2.0,TOP_LANE,4318.0,13875.0,200.0,894087,OUTER_TURRET,BUILDING_KILL
0.0,TOWER_BUILDING,900334,7586301122,9.0,BOT_LANE,10504.0,1029.0,100.0,897494,OUTER_TURRET,BUILDING_KILL
0.0,TOWER_BUILDING,960335,7586301122,3.0,MID_LANE,8955.0,8510.0,200.0,907348,OUTER_TURRET,BUILDING_KILL
0.0,TOWER_BUILDING,1020366,7586301122,1.0,MID_LANE,9767.0,10113.0,200.0,986732,INNER_TURRET,BUILDING_KILL
0.0,TOWER_BUILDING,1200410,7586301122,3.0,BOT_LANE,13866.0,4505.0,200.0,1168810,OUTER_TURRET,BUILDING_KILL
0.0,TOWER_BUILDING,1320462,7586301122,1.0,TOP_LANE,7943.0,13411.0,200.0,1267548,INNER_TURRET,BUILDING_KILL
0.0,TOWER_BUILDING,1560554,7586301122,8.0,MID_LANE,5846.0,6396.0,100.0,1535754,OUTER_TURRET,BUILDING_KILL
0.0,TOWER_BUILDING,1620574,7586301122,9.0,MID_LANE,5048.0,4812.0,100.0,1614229,INNER_TURRET,BUILDING_KILL
0.0,TOWER_BUILDING,1740597,7586301122,3.0,BOT_LANE,13327.0,8226.0,200.0,1699845,INNER_TURRET,BUILDING_KILL
0.0,TOWER_BUILDING,1740597,7586301122,8.0,TOP_LANE,981.0,10441.0,100.0,1721127,OUTER_TURRET,BUILDING_KILL
0.0,TOWER_BUILDING,1740597,7586301122,8.0,TOP_LANE,1512.0,6699.0,100.0,1738637,INNER_TURRET,BUILDING_KILL
0.0,TOWER_BUILDING,1800628,7586301122,9.0,BOT_LANE,6919.0,1483.0,100.0,1787153,INNER_TURRET,BUILDING_KILL
0.0,TOWER_BUILDING,1980664,7586301122,8.0,MID_LANE,3651.0,3696.0,100.0,1960836,BASE_TURRET,BUILDING_KILL
0.0,INHIBITOR_BUILDING,1980664,7586301122,9.0,MID_LANE,3210.0,3217.0,100.0,1970797,,BUILDING_KILL
0.0,TOWER_BUILDING,2091656,7586301122,8.0,MID_LANE,1748.0,2270.0,100.0,2075841,NEXUS_TURRET,BUILDING_KILL
0.0,TOWER_BUILDING,2091656,7586301122,8.0,MID_LANE,2177.0,1807.0,100.0,2078283,NEXUS_TURRET,BUILDING_KILL
0.0,TOWER_BUILDING,840357,7586469340,1.0,TOP_LANE,4318.0,13875.0,200.0,788944,OUTER_TURRET,BUILDING_KILL
0.0,TOWER_BUILDING,900377,7586469340,9.0,BOT_LANE,10504.0,1029.0,100.0,840402,OUTER_TURRET,BUILDING_KILL
0.0,TOWER_BUILDING,900377,7586469340,5.0,MID_LANE,8955.0,8510.0,200.0,854994,OUTER_TURRET,BUILDING_KILL
0.0,TOWER_BUILDING,900377,7586469340,6.0,TOP_LANE,981.0,10441.0,100.0,871356,OUTER_TURRET,BUILDING_KILL
0.0,TOWER_BUILDING,912358,7586469340,1.0,BOT_LANE,13866.0,4505.0,200.0,904489,OUTER_TURRET,BUILDING_KILL
0.0,TOWER_BUILDING,900335,7587030029,6.0,TOP_LANE,981.0,10441.0,100.0,898373,OUTER_TURRET,BUILDING_KILL
0.0,TOWER_BUILDING,960359,7587030029,8.0,MID_LANE,5846.0,6396.0,100.0,918584,OUTER_TURRET,BUILDING_KILL
0.0,TOWER_BUILDING,1020366,7587030029,6.0,BOT_LANE,10504.0,1029.0,100.0,983618,OUTER_TURRET,BUILDING_KILL
0.0,TOWER_BUILDING,1380441,7587030029,7.0,MID_LANE,5048.0,4812.0,100.0,1328668,INNER_TURRET,BUILDING_KILL
0.0,TOWER_BUILDING,1440461,7587030029,9.0,MID_LANE,3651.0,3696.0,100.0,1416109,BASE_TURRET,BUILDING_KILL
0.0,TOWER_BUILDING,1560480,7587030029,6.0,BOT_LANE,6919.0,1483.0,100.0,1528955,INNER_TURRET,BUILDING_KILL
0.0,TOWER_BUILDING,1560480,7587030029,6.0,BOT_LANE,4281.0,1253.0,100.0,1549250,BASE_TURRET,BUILDING_KILL
0.0,INHIBITOR_BUILDING,1560480,7587030029,6.0,BOT_LANE,3468.0,1230.0,100.0,1557540,,BUILDING_KILL
0.0,TOWER_BUILDING,1680525,7587030029,6.0,MID_LANE,2177.0,1807.0,100.0,1640560,NEXUS_TURRET,BUILDING_KILL
0.0,INHIBITOR_BUILDING,1728774,7587030029,9.0,MID_LANE,3210.0,3217.0,100.0,1724286,,BUILDING_KILL
0.0,TOWER_BUILDING,900352,7585823327,6.0,TOP_LANE,981.0,10441.0,100.0,888415,OUTER_TURRET,BUILDING_KILL
0.0,TOWER_BUILDING,1080420,7585823327,1.0,BOT_LANE,13866.0,4505.0,200.0,1021566,OUTER_TURRET,BUILDING_KILL
0.0,TOWER_BUILDING,1200481,7585823327,7.0,MID_LANE,5846.0,6396.0,100.0,1165996,OUTER_TURRET,BUILDING_KILL
0.0,TOWER_BUILDING,1320532,7585823327,6.0,BOT_LANE,10504.0,1029.0,100.0,1262824,OUTER_TURRET,BUILDING_KILL
0.0,TOWER_BUILDING,1320532,7585823327,1.0,TOP_LANE,4318.0,13875.0,200.0,1284994,OUTER_TURRET,BUILDING_KILL
0.0,TOWER_BUILDING,1500587,7585823327,6.0,BOT_LANE,6919.0,1483.0,100.0,1453310,INNER_TURRET,BUILDING_KILL
0.0,TOWER_BUILDING,1500587,7585823327,1.0,MID_LANE,8955.0,8510.0,200.0,1461293,OUTER_TURRET,BUILDING_KILL
0.0,TOWER_BUILDING,1500587,7585823327,6.0,BOT_LANE,4281.0,1253.0,100.0,1475100,BASE_TURRET,BUILDING_KILL
0.0,TOWER_BUILDING,1680641,7585823327,1.0,TOP_LANE,7943.0,13411.0,200.0,1644894,INNER_TURRET,BUILDING_KILL
0.0,TOWER_BUILDING,1980684,7585823327,0.0,MID_LANE,9767.0,10113.0,200.0,1940066,INNER_TURRET,BUILDING_KILL
0.0,TOWER_BUILDING,1980684,7585823327,1.0,MID_LANE,11134.0,11207.0,200.0,1978580,BASE_TURRET,BUILDING_KILL
0.0,INHIBITOR_BUILDING,2039758,7585823327,1.0,MID_LANE,11593.0,11669.0,200.0,1986531,,BUILDING_KILL
0.0,TOWER_BUILDING,2039758,7585823327,2.0,BOT_LANE,13327.0,8226.0,200.0,2020024,INNER_TURRET,BUILDING_KILL
0.0,TOWER_BUILDING,900338,7586399105,1.0,TOP_LANE,4318.0,13875.0,200.0,847600,OUTER_TURRET,BUILDING_KILL
0.0,TOWER_BUILDING,960341,7586399105,2.0,BOT_LANE,13866.0,4505.0,200.0,948937,OUTER_TURRET,BUILDING_KILL
0.0,TOWER_BUILDING,1020360,7586399105,9.0,BOT_LANE,10504.0,1029.0,100.0,1017156,OUTER_TURRET,BUILDING_KILL
0.0,TOWER_BUILDING,1140418,7586399105,9.0,MID_LANE,5846.0,6396.0,100.0,1120140,OUTER_TURRET,BUILDING_KILL
0.0,TOWER_BUILDING,1200442,7586399105,2.0,TOP_LANE,7943.0,13411.0,200.0,1163252,INNER_TURRET,BUILDING_KILL
0.0,TOWER_BUILDING,1320484,7586399105,1.0,MID_LANE,8955.0,8510.0,200.0,1306612,OUTER_TURRET,BUILDING_KILL
0.0,TOWER_BUILDING,1380491,7586399105,6.0,TOP_LANE,981.0,10441.0,100.0,1352536,OUTER_TURRET,BUILDING_KILL
0.0,TOWER_BUILDING,1500499,7586399105,8.0,MID_LANE,5048.0,4812.0,100.0,1474451,INNER_TURRET,BUILDING_KILL
0.0,TOWER_BUILDING,1500499,7586399105,8.0,MID_LANE,3651.0,3696.0,100.0,1485142,BASE_TURRET,BUILDING_KILL
0.0,TOWER_BUILDING,1560506,7586399105,6.0,BOT_LANE,6919.0,1483.0,100.0,1531720,INNER_TURRET,BUILDING_KILL
0.0,TOWER_BUILDING,1740581,7586399105,2.0,MID_LANE,9767.0,10113.0,200.0,1685870,INNER_TURRET,BUILDING_KILL
0.0,TOWER_BUILDING,2040630,7586399105,8.0,TOP_LANE,1512.0,6699.0,100.0,2011195,INNER_TURRET,BUILDING_KILL
0.0,INHIBITOR_BUILDING,2168606,7586399105,9.0,MID_LANE,3210.0,3217.0,100.0,2161391,,BUILDING_KILL
0.0,TOWER_BUILDING,900387,7587555077,5.0,TOP_LANE,4318.0,13875.0,200.0,887650,OUTER_TURRET,BUILDING_KILL
0.0,TOWER_BUILDING,960402,7587555077,9.0,BOT_LANE,10504.0,1029.0,100.0,920126,OUTER_TURRET,BUILDING_KILL
0.0,TOWER_BUILDING,960402,7587555077,1.0,BOT_LANE,13866.0,4505.0,200.0,952050,OUTER_TURRET,BUILDING_KILL
0.0,TOWER_BUILDING,1020408,7587555077,7.0,MID_LANE,5846.0,6396.0,100.0,996979,OUTER_TURRET,BUILDING_KILL
0.0,TOWER_BUILDING,1020408,7587555077,2.0,TOP_LANE,7943.0,13411.0,200.0,1006874,INNER_TURRET,BUILDING_KILL
0.0,TOWER_BUILDING,1140457,7587555077,5.0,MID_LANE,8955.0,8510.0,200.0,1094599,OUTER_TURRET,BUILDING_KILL
0.0,TOWER_BUILDING,1140457,7587555077,6.0,TOP_LANE,981.0,10441.0,100.0,1104972,OUTER_TURRET,BUILDING_KILL
0.0,TOWER_BUILDING,1260491,7587555077,1.0,MID_LANE,9767.0,10113.0,200.0,1229953,INNER_TURRET,BUILDING_KILL
0.0,TOWER_BUILDING,1500558,7587555077,9.0,MID_LANE,5048.0,4812.0,100.0,1473128,INNER_TURRET,BUILDING_KILL
0.0,TOWER_BUILDING,900301,7587228178,10.0,BOT_LANE,10504.0,1029.0,100.0,845788,OUTER_TURRET,BUILDING_KILL
0.0,TOWER_BUILDING,900301,7587228178,2.0,MID_LANE,8955.0,8510.0,200.0,851901,OUTER_TURRET,BUILDING_KILL
0.0,TOWER_BUILDING,900301,7587228178,1.0,TOP_LANE,4318.0,13875.0,200.0,869387,OUTER_TURRET,BUILDING_KILL
0.0,TOWER_BUILDING,960320,7587228178,6.0,MID_LANE,5846.0,6396.0,100.0,923448,OUTER_TURRET,BUILDING_KILL
0.0,TOWER_BUILDING,1080354,7587228178,4.0,BOT_LANE,13866.0,4505.0,200.0,1042547,OUTER_TURRET,BUILDING_KILL
0.0,TOWER_BUILDING,1320425,7587228178,2.0,MID_LANE,9767.0,10113.0,200.0,1302339,INNER_TURRET,BUILDING_KILL
0.0,TOWER_BUILDING,1320425,7587228178,8.0,TOP_LANE,981.0,10441.0,100.0,1309933,OUTER_TURRET,BUILDING_KILL
0.0,TOWER_BUILDING,1620513,7587228178,9.0,MID_LANE,5048.0,4812.0,100.0,1604896,INNER_TURRET,BUILDING_KILL
0.0,TOWER_BUILDING,1680536,7587228178,1.0,TOP_LANE,7943.0,13411.0,200.0,1671664,INNER_TURRET,BUILDING_KILL
0.0,TOWER_BUILDING,1740546,7587228178,8.0,BOT_LANE,6919.0,1483.0,100.0,1728898,INNER_TURRET,BUILDING_KILL
0.0,TOWER_BUILDING,1860595,7587228178,3.0,BOT_LANE,13327.0,8226.0,200.0,1847229,INNER_TURRET,BUILDING_KILL
0.0,TOWER_BUILDING,1920626,7587228178,7.0,MID_LANE,3651.0,3696.0,100.0,1898402,BASE_TURRET,BUILDING_KILL
0.0,INHIBITOR_BUILDING,1920626,7587228178,10.0,MID_LANE,3210.0,3217.0,100.0,1903218,,BUILDING_KILL
0.0,TOWER_BUILDING,2073271,7587228178,8.0,MID_LANE,1748.0,2270.0,100.0,2060610,NEXUS_TURRET,BUILDING_KILL
0.0,TOWER_BUILDING,2073271,7587228178,9.0,MID_LANE,2177.0,1807.0,100.0,2064179,NEXUS_TURRET,BUILDING_KILL
0.0,TOWER_BUILDING,900347,7587123515,9.0,MID_LANE,5846.0,6396.0,100.0,851266,OUTER_TURRET,BUILDING_KILL
0.0,TOWER_BUILDING,900347,7587123515,6.0,BOT_LANE,10504.0,1029.0,100.0,855307,OUTER_TURRET,BUILDING_KILL
0.0,TOWER_BUILDING,1080416,7587123515,7.0,TOP_LANE,981.0,10441.0,100.0,1069933,OUTER_TURRET,BUILDING_KILL
0.0,TOWER_BUILDING,1080416,7587123515,3.0,BOT_LANE,13866.0,4505.0,200.0,1072338,OUTER_TURRET,BUILDING_KILL
0.0,TOWER_BUILDING,1140439,7587123515,6.0,TOP_LANE,1512.0,6699.0,100.0,1087617,INNER_TURRET,BUILDING_KILL
0.0,TOWER_BUILDING,1140439,7587123515,6.0,TOP_LANE,1169.0,4287.0,100.0,1123148,BASE_TURRET,BUILDING_KILL
0.0,INHIBITOR_BUILDING,1140439,7587123515,7.0,TOP_LANE,1172.0,3583.0,100.0,1130930,,BUILDING_KILL
0.0,TOWER_BUILDING,1260466,7587123515,1.0,TOP_LANE,4318.0,13875.0,200.0,1248609,OUTER_TURRET,BUILDING_KILL
0.0,TOWER_BUILDING,1320477,7587123515,6.0,BOT_LANE,6919.0,1483.0,100.0,1264006,INNER_TURRET,BUILDING_KILL
0.0,TOWER_BUILDING,1320477,7587123515,9.0,MID_LANE,5048.0,4812.0,100.0,1273696,INNER_TURRET,BUILDING_KILL
0.0,TOWER_BUILDING,1320477,7587123515,6.0,MID_LANE,3651.0,3696.0,100.0,1291008,BASE_TURRET,BUILDING_KILL
0.0,TOWER_BUILDING,1440494,7587123515,6.0,BOT_LANE,4281.0,1253.0,100.0,1383422,BASE_TURRET,BUILDING_KILL
0.0,INHIBITOR_BUILDING,1440494,7587123515,9.0,BOT_LANE,3468.0,1230.0,100.0,1390358,,BUILDING_KILL
0.0,INHIBITOR_BUILDING,1440494,7587123515,9.0,MID_LANE,3210.0,3217.0,100.0,1397539,,BUILDING_KILL
0.0,TOWER_BUILDING,1615659,7587123515,6.0,MID_LANE,2177.0,1807.0,100.0,1607337,NEXUS_TURRET,BUILDING_KILL
0.0,TOWER_BUILDING,1615659,7587123515,8.0,MID_LANE,1748.0,2270.0,100.0,1608238,NEXUS_TURRET,BUILDING_KILL
0.0,TOWER_BUILDING,780375,7587497568,6.0,TOP_LANE,981.0,10441.0,100.0,757983,OUTER_TURRET,BUILDING_KILL
0.0,TOWER_BUILDING,900388,7587497568,8.0,MID_LANE,5846.0,6396.0,100.0,848074,OUTER_TURRET,BUILDING_KILL
0.0,TOWER_BUILDING,900388,7587497568,9.0,BOT_LANE,10504.0,1029.0,100.0,872398,OUTER_TURRET,BUILDING_KILL
200.0,TOWER_BUILDING,1020421,7587497568,3.0,BOT_LANE,13866.0,4505.0,200.0,984158,OUTER_TURRET,BUILDING_KILL
0.0,TOWER_BUILDING,1020421,7587497568,6.0,TOP_LANE,1512.0,6699.0,100.0,1001325,INNER_TURRET,BUILDING_KILL
0.0,TOWER_BUILDING,1080431,7587497568,9.0,MID_LANE,5048.0,4812.0,100.0,1054870,INNER_TURRET,BUILDING_KILL
250.0,TOWER_BUILDING,1200479,7587497568,1.0,TOP_LANE,4318.0,13875.0,200.0,1140981,OUTER_TURRET,BUILDING_KILL
0.0,TOWER_BUILDING,1260484,7587497568,9.0,MID_LANE,3651.0,3696.0,100.0,1223002,BASE_TURRET,BUILDING_KILL
0.0,INHIBITOR_BUILDING,1260484,7587497568,9.0,MID_LANE,3210.0,3217.0,100.0,1228545,,BUILDING_KILL
400.0,TOWER_BUILDING,1320491,7587497568,1.0,TOP_LANE,7943.0,13411.0,200.0,1301904,INNER_TURRET,BUILDING_KILL
250.0,TOWER_BUILDING,1320491,7587497568,4.0,MID_LANE,8955.0,8510.0,200.0,1308692,OUTER_TURRET,BUILDING_KILL
400.0,TOWER_BUILDING,1431872,7587497568,1.0,BOT_LANE,13327.0,8226.0,200.0,1391719,INNER_TURRET,BUILDING_KILL
0.0,TOWER_BUILDING,1431872,7587497568,6.0,MID_LANE,1748.0,2270.0,100.0,1414680,NEXUS_TURRET,BUILDING_KILL
0.0,TOWER_BUILDING,1431872,7587497568,9.0,MID_LANE,2177.0,1807.0,100.0,1415114,NEXUS_TURRET,BUILDING_KILL
0.0,TOWER_BUILDING,936752,7587424216,6.0,TOP_LANE,981.0,10441.0,100.0,904837,OUTER_TURRET,BUILDING_KILL
0.0,TOWER_BUILDING,900349,7586192530,1.0,TOP_LANE,4318.0,13875.0,200.0,888832,OUTER_TURRET,BUILDING_KILL
0.0,TOWER_BUILDING,1020379,7586192530,0.0,BOT_LANE,10504.0,1029.0,100.0,1010145,OUTER_TURRET,BUILDING_KILL
0.0,TOWER_BUILDING,1140412,7586192530,8.0,MID_LANE,5846.0,6396.0,100.0,1113083,OUTER_TURRET,BUILDING_KILL
0.0,TOWER_BUILDING,1200432,7586192530,3.0,BOT_LANE,13866.0,4505.0,200.0,1191105,OUTER_TURRET,BUILDING_KILL
0.0,TOWER_BUILDING,1320465,7586192530,3.0,TOP_LANE,7943.0,13411.0,200.0,1262093,INNER_TURRET,BUILDING_KILL
0.0,TOWER_BUILDING,1380487,7586192530,9.0,MID_LANE,5048.0,4812.0,100.0,1327913,INNER_TURRET,BUILDING_KILL
0.0,TOWER_BUILDING,1380487,7586192530,6.0,TOP_LANE,981.0,10441.0,100.0,1337470,OUTER_TURRET,BUILDING_KILL
0.0,TOWER_BUILDING,1380487,7586192530,3.0,MID_LANE,8955.0,8510.0,200.0,1360288,OUTER_TURRET,BUILDING_KILL
0.0,TOWER_BUILDING,1440505,7586192530,8.0,TOP_LANE,1512.0,6699.0,100.0,1436631,INNER_TURRET,BUILDING_KILL
0.0,TOWER_BUILDING,1560550,7586192530,1.0,BOT_LANE,13327.0,8226.0,200.0,1510350,INNER_TURRET,BUILDING_KILL
0.0,TOWER_BUILDING,1680604,7586192530,6.0,BOT_LANE,6919.0,1483.0,100.0,1666578,INNER_TURRET,BUILDING_KILL
0.0,TOWER_BUILDING,1740637,7586192530,6.0,MID_LANE,3651.0,3696.0,100.0,1718213,BASE_TURRET,BUILDING_KILL
0.0,INHIBITOR_BUILDING,1800647,7586192530,10.0,MID_LANE,3210.0,3217.0,100.0,1791457,,BUILDING_KILL
0.0,TOWER_BUILDING,780228,7586453359,1.0,TOP_LANE,4318.0,13875.0,200.0,741222,OUTER_TURRET,BUILDING_KILL
0.0,TOWER_BUILDING,900263,7586453359,1.0,TOP_LANE,7943.0,13411.0,200.0,883849,INNER_TURRET,BUILDING_KILL
0.0,TOWER_BUILDING,900263,7586453359,4.0,BOT_LANE,13866.0,4505.0,200.0,884818,OUTER_TURRET,BUILDING_KILL
0.0,TOWER_BUILDING,900383,7586276176,9.0,BOT_LANE,10504.0,1029.0,100.0,865512,OUTER_TURRET,BUILDING_KILL
0.0,TOWER_BUILDING,900383,7586276176,8.0,MID_LANE,5846.0,6396.0,100.0,889591,OUTER_TURRET,BUILDING_KILL
0.0,TOWER_BUILDING,960384,7586276176,4.0,MID_LANE,8955.0,8510.0,200.0,919272,OUTER_TURRET,BUILDING_KILL
0.0,TOWER_BUILDING,960384,7586276176,6.0,TOP_LANE,981.0,10441.0,100.0,951934,OUTER_TURRET,BUILDING_KILL
0.0,TOWER_BUILDING,1020414,7586276176,1.0,TOP_LANE,4318.0,13875.0,200.0,981456,OUTER_TURRET,BUILDING_KILL
0.0,TOWER_BUILDING,1260495,7586276176,1.0,BOT_LANE,13866.0,4505.0,200.0,1259077,OUTER_TURRET,BUILDING_KILL
0.0,TOWER_BUILDING,1440572,7586276176,1.0,MID_LANE,9767.0,10113.0,200.0,1388690,INNER_TURRET,BUILDING_KILL
0.0,TOWER_BUILDING,2147365,7586276176,6.0,MID_LANE,5048.0,4812.0,100.0,2115882,INNER_TURRET,BUILDING_KILL
0.0,TOWER_BUILDING,2147365,7586276176,6.0,MID_LANE,3651.0,3696.0,100.0,2125571,BASE_TURRET,BUILDING_KILL
0.0,INHIBITOR_BUILDING,2147365,7586276176,6.0,MID_LANE,3210.0,3217.0,100.0,2129012,,BUILDING_KILL
0.0,TOWER_BUILDING,2147365,7586276176,6.0,MID_LANE,1748.0,2270.0,100.0,2135191,NEXUS_TURRET,BUILDING_KILL
0.0,TOWER_BUILDING,2147365,7586276176,6.0,MID_LANE,2177.0,1807.0,100.0,2137445,NEXUS_TURRET,BUILDING_KILL
0.0,TOWER_BUILDING,780252,7587584157,1.0,TOP_LANE,4318.0,13875.0,200.0,754026,OUTER_TURRET,BUILDING_KILL
0.0,TOWER_BUILDING,780252,7587584157,4.0,BOT_LANE,13866.0,4505.0,200.0,774916,OUTER_TURRET,BUILDING_KILL
0.0,TOWER_BUILDING,1020281,7587584157,8.0,BOT_LANE,10504.0,1029.0,100.0,965133,OUTER_TURRET,BUILDING_KILL
0.0,TOWER_BUILDING,1020281,7587584157,2.0,MID_LANE,8955.0,8510.0,200.0,1007412,OUTER_TURRET,BUILDING_KILL
0.0,TOWER_BUILDING,1140316,7587584157,1.0,BOT_LANE,13327.0,8226.0,200.0,1114909,INNER_TURRET,BUILDING_KILL
0.0,TOWER_BUILDING,1440424,7587584157,4.0,MID_LANE,9767.0,10113.0,200.0,1385379,INNER_TURRET,BUILDING_KILL
300.0,TOWER_BUILDING,1560459,7587584157,0.0,TOP_LANE,981.0,10441.0,100.0,1525471,OUTER_TURRET,BUILDING_KILL
0.0,TOWER_BUILDING,1606386,7587584157,1.0,MID_LANE,11134.0,11207.0,200.0,1578241,BASE_TURRET,BUILDING_KILL
0.0,INHIBITOR_BUILDING,1606386,7587584157,4.0,MID_LANE,11593.0,11669.0,200.0,1583656,,BUILDING_KILL
0.0,TOWER_BUILDING,1606386,7587584157,4.0,MID_LANE,13052.0,12612.0,200.0,1591303,NEXUS_TURRET,BUILDING_KILL
0.0,TOWER_BUILDING,1606386,7587584157,4.0,MID_LANE,12611.0,13084.0,200.0,1593507,NEXUS_TURRET,BUILDING_KILL
0.0,TOWER_BUILDING,720297,7586597294,3.0,MID_LANE,8955.0,8510.0,200.0,694240,OUTER_TURRET,BUILDING_KILL
0.0,TOWER_BUILDING,840339,7586597294,3.0,BOT_LANE,13866.0,4505.0,200.0,817077,OUTER_TURRET,BUILDING_KILL
0.0,TOWER_BUILDING,960384,7586597294,3.0,BOT_LANE,13327.0,8226.0,200.0,908015,INNER_TURRET,BUILDING_KILL
0.0,TOWER_BUILDING,960384,7586597294,1.0,TOP_LANE,4318.0,13875.0,200.0,921897,OUTER_TURRET,BUILDING_KILL
0.0,TOWER_BUILDING,1140427,7586597294,0.0,MID_LANE,9767.0,10113.0,200.0,1120200,INNER_TURRET,BUILDING_KILL
300.0,TOWER_BUILDING,1260441,7586597294,9.0,MID_LANE,5846.0,6396.0,100.0,1251654,OUTER_TURRET,BUILDING_KILL
300.0,TOWER_BUILDING,1260441,7586597294,6.0,TOP_LANE,981.0,10441.0,100.0,1258009,OUTER_TURRET,BUILDING_KILL
0.0,TOWER_BUILDING,1320452,7586597294,2.0,MID_LANE,11134.0,11207.0,200.0,1300705,BASE_TURRET,BUILDING_KILL
0.0,INHIBITOR_BUILDING,1320452,7586597294,1.0,MID_LANE,11593.0,11669.0,200.0,1305248,,BUILDING_KILL
0.0,TOWER_BUILDING,1320452,7586597294,1.0,TOP_LANE,7943.0,13411.0,200.0,1319013,INNER_TURRET,BUILDING_KILL
0.0,TOWER_BUILDING,1355061,7586597294,4.0,MID_LANE,13052.0,12612.0,200.0,1341965,NEXUS_TURRET,BUILDING_KILL
0.0,TOWER_BUILDING,1355061,7586597294,5.0,MID_LANE,12611.0,13084.0,200.0,1346341,NEXUS_TURRET,BUILDING_KILL
0.0,TOWER_BUILDING,900323,7587427759,1.0,BOT_LANE,13866.0,4505.0,200.0,855276,OUTER_TURRET,BUILDING_KILL
0.0,TOWER_BUILDING,960348,7587427759,3.0,TOP_LANE,4318.0,13875.0,200.0,951626,OUTER_TURRET,BUILDING_KILL
0.0,TOWER_BUILDING,1020355,7587427759,6.0,BOT_LANE,10504.0,1029.0,100.0,961951,OUTER_TURRET,BUILDING_KILL
0.0,TOWER_BUILDING,1140385,7587427759,4.0,MID_LANE,8955.0,8510.0,200.0,1116659,OUTER_TURRET,BUILDING_KILL
0.0,TOWER_BUILDING,1380437,7587427759,3.0,TOP_LANE,7943.0,13411.0,200.0,1357068,INNER_TURRET,BUILDING_KILL
0.0,TOWER_BUILDING,1500501,7587427759,9.0,MID_LANE,5846.0,6396.0,100.0,1482447,OUTER_TURRET,BUILDING_KILL
0.0,TOWER_BUILDING,1620552,7587427759,9.0,MID_LANE,5048.0,4812.0,100.0,1599297,INNER_TURRET,BUILDING_KILL
0.0,TOWER_BUILDING,1740590,7587427759,4.0,MID_LANE,9767.0,10113.0,200.0,1719909,INNER_TURRET,BUILDING_KILL
0.0,TOWER_BUILDING,1740590,7587427759,4.0,MID_LANE,11134.0,11207.0,200.0,1731774,BASE_TURRET,BUILDING_KILL
0.0,INHIBITOR_BUILDING,1800590,7587427759,1.0,MID_LANE,11593.0,11669.0,200.0,1745132,,BUILDING_KILL
0.0,TOWER_BUILDING,1800590,7587427759,3.0,MID_LANE,13052.0,12612.0,200.0,1789996,NEXUS_TURRET,BUILDING_KILL
0.0,TOWER_BUILDING,1800590,7587427759,3.0,MID_LANE,12611.0,13084.0,200.0,1793369,NEXUS_TURRET,BUILDING_KILL
0.0,TOWER_BUILDING,900287,7587570967,4.0,BOT_LANE,13866.0,4505.0,200.0,843010,OUTER_TURRET,BUILDING_KILL
0.0,TOWER_BUILDING,960292,7587570967,10.0,BOT_LANE,10504.0,1029.0,100.0,940176,OUTER_TURRET,BUILDING_KILL
0.0,TOWER_BUILDING,1020323,7587570967,1.0,TOP_LANE,4318.0,13875.0,200.0,984446,OUTER_TURRET,BUILDING_KILL
0.0,TOWER_BUILDING,1140348,7587570967,1.0,MID_LANE,8955.0,8510.0,200.0,1090780,OUTER_TURRET,BUILDING_KILL
0.0,TOWER_BUILDING,1140348,7587570967,8.0,TOP_LANE,981.0,10441.0,100.0,1127221,OUTER_TURRET,BUILDING_KILL
0.0,TOWER_BUILDING,1200370,7587570967,7.0,TOP_LANE,1512.0,6699.0,100.0,1143186,INNER_TURRET,BUILDING_KILL
0.0,TOWER_BUILDING,1200370,7587570967,9.0,MID_LANE,5846.0,6396.0,100.0,1154244,OUTER_TURRET,BUILDING_KILL
0.0,TOWER_BUILDING,1500434,7587570967,3.0,BOT_LANE,13327.0,8226.0,200.0,1467206,INNER_TURRET,BUILDING_KILL
0.0,TOWER_BUILDING,1668978,7587570967,4.0,MID_LANE,9767.0,10113.0,200.0,1636822,INNER_TURRET,BUILDING_KILL
0.0,TOWER_BUILDING,1668978,7587570967,2.0,MID_LANE,11134.0,11207.0,200.0,1645147,BASE_TURRET,BUILDING_KILL
0.0,INHIBITOR_BUILDING,1668978,7587570967,4.0,MID_LANE,11593.0,11669.0,200.0,1647885,,BUILDING_KILL
0.0,TOWER_BUILDING,1668978,7587570967,1.0,MID_LANE,13052.0,12612.0,200.0,1654298,NEXUS_TURRET,BUILDING_KILL
0.0,TOWER_BUILDING,1668978,7587570967,1.0,MID_LANE,12611.0,13084.0,200.0,1657203,NEXUS_TURRET,BUILDING_KILL
0.0,TOWER_BUILDING,1020348,7586450949,3.0,BOT_LANE,13866.0,4505.0,200.0,983345,OUTER_TURRET,BUILDING_KILL
0.0,TOWER_BUILDING,1080364,7586450949,8.0,TOP_LANE,981.0,10441.0,100.0,1062317,OUTER_TURRET,BUILDING_KILL
0.0,TOWER_BUILDING,1140396,7586450949,7.0,MID_LANE,5846.0,6396.0,100.0,1134707,OUTER_TURRET,BUILDING_KILL
0.0,TOWER_BUILDING,1320436,7586450949,10.0,BOT_LANE,10504.0,1029.0,100.0,1313218,OUTER_TURRET,BUILDING_KILL
0.0,TOWER_BUILDING,1380470,7586450949,3.0,MID_LANE,8955.0,8510.0,200.0,1326549,OUTER_TURRET,BUILDING_KILL
0.0,TOWER_BUILDING,1500500,7586450949,7.0,TOP_LANE,1512.0,6699.0,100.0,1490463,INNER_TURRET,BUILDING_KILL
0.0,TOWER_BUILDING,1560524,7586450949,1.0,TOP_LANE,4318.0,13875.0,200.0,1553710,OUTER_TURRET,BUILDING_KILL
0.0,TOWER_BUILDING,1620546,7586450949,6.0,MID_LANE,5048.0,4812.0,100.0,1595657,INNER_TURRET,BUILDING_KILL
0.0,TOWER_BUILDING,1620546,7586450949,6.0,MID_LANE,3651.0,3696.0,100.0,1604174,BASE_TURRET,BUILDING_KILL
0.0,INHIBITOR_BUILDING,1620546,7586450949,7.0,MID_LANE,3210.0,3217.0,100.0,1607861,,BUILDING_KILL
0.0,TOWER_BUILDING,1680548,7586450949,10.0,BOT_LANE,6919.0,1483.0,100.0,1636728,INNER_TURRET,BUILDING_KILL
0.0,TOWER_BUILDING,1680548,7586450949,9.0,BOT_LANE,4281.0,1253.0,100.0,1654782,BASE_TURRET,BUILDING_KILL
0.0,INHIBITOR_BUILDING,1680548,7586450949,10.0,BOT_LANE,3468.0,1230.0,100.0,1659717,,BUILDING_KILL
0.0,TOWER_BUILDING,1800572,7586450949,9.0,MID_LANE,2177.0,1807.0,100.0,1786961,NEXUS_TURRET,BUILDING_KILL
0.0,TOWER_BUILDING,1800572,7586450949,9.0,MID_LANE,1748.0,2270.0,100.0,1796017,NEXUS_TURRET,BUILDING_KILL
0.0,TOWER_BUILDING,900324,7587571803,8.0,TOP_LANE,981.0,10441.0,100.0,842452,OUTER_TURRET,BUILDING_KILL
0.0,TOWER_BUILDING,900324,7587571803,6.0,BOT_LANE,10504.0,1029.0,100.0,891028,OUTER_TURRET,BUILDING_KILL
250.0,TOWER_BUILDING,1080380,7587571803,1.0,TOP_LANE,4318.0,13875.0,200.0,1047421,OUTER_TURRET,BUILDING_KILL
0.0,TOWER_BUILDING,1080380,7587571803,9.0,MID_LANE,5846.0,6396.0,100.0,1059457,OUTER_TURRET,BUILDING_KILL
0.0,TOWER_BUILDING,1140386,7587571803,6.0,TOP_LANE,1512.0,6699.0,100.0,1135623,INNER_TURRET,BUILDING_KILL
0.0,TOWER_BUILDING,1200415,7587571803,9.0,MID_LANE,5048.0,4812.0,100.0,1165340,INNER_TURRET,BUILDING_KILL
0.0,TOWER_BUILDING,1260430,7587571803,9.0,BOT_LANE,6919.0,1483.0,100.0,1254735,INNER_TURRET,BUILDING_KILL
0.0,TOWER_BUILDING,1489217,7587571803,6.0,BOT_LANE,4281.0,1253.0,100.0,1457984,BASE_TURRET,BUILDING_KILL
0.0,INHIBITOR_BUILDING,1489217,7587571803,9.0,BOT_LANE,3468.0,1230.0,100.0,1463640,,BUILDING_KILL
0.0,TOWER_BUILDING,1489217,7587571803,8.0,MID_LANE,3651.0,3696.0,100.0,1467882,BASE_TURRET,BUILDING_KILL
0.0,TOWER_BUILDING,1489217,7587571803,7.0,MID_LANE,2177.0,1807.0,100.0,1472191,NEXUS_TURRET,BUILDING_KILL
0.0,TOWER_BUILDING,1489217,7587571803,9.0,MID_LANE,1748.0,2270.0,100.0,1477211,NEXUS_TURRET,BUILDING_KILL
0.0,TOWER_BUILDING,660245,7587523887,10.0,BOT_LANE,10504.0,1029.0,100.0,604086,OUTER_TURRET,BUILDING_KILL
0.0,TOWER_BUILDING,1020309,7587523887,8.0,TOP_LANE,981.0,10441.0,100.0,982857,OUTER_TURRET,BUILDING_KILL
0.0,TOWER_BUILDING,1080327,7587523887,1.0,TOP_LANE,4318.0,13875.0,200.0,1074649,OUTER_TURRET,BUILDING_KILL
0.0,TOWER_BUILDING,1140348,7587523887,9.0,MID_LANE,5846.0,6396.0,100.0,1128740,OUTER_TURRET,BUILDING_KILL
0.0,TOWER_BUILDING,1260378,7587523887,8.0,TOP_LANE,1512.0,6699.0,100.0,1207747,INNER_TURRET,BUILDING_KILL
0.0,TOWER_BUILDING,1380393,7587523887,1.0,MID_LANE,8955.0,8510.0,200.0,1352852,OUTER_TURRET,BUILDING_KILL
0.0,TOWER_BUILDING,1440396,7587523887,1.0,BOT_LANE,13866.0,4505.0,200.0,1427513,OUTER_TURRET,BUILDING_KILL
0.0,TOWER_BUILDING,1620461,7587523887,1.0,MID_LANE,9767.0,10113.0,200.0,1573945,INNER_TURRET,BUILDING_KILL
0.0,TOWER_BUILDING,1680485,7587523887,8.0,BOT_LANE,6919.0,1483.0,100.0,1670698,INNER_TURRET,BUILDING_KILL
0.0,TOWER_BUILDING,1740513,7587523887,1.0,TOP_LANE,7943.0,13411.0,200.0,1739326,INNER_TURRET,BUILDING_KILL
0.0,TOWER_BUILDING,1920552,7587523887,8.0,BOT_LANE,4281.0,1253.0,100.0,1896548,BASE_TURRET,BUILDING_KILL
0.0,TOWER_BUILDING,1920552,7587523887,10.0,MID_LANE,5048.0,4812.0,100.0,1906284,INNER_TURRET,BUILDING_KILL
0.0,TOWER_BUILDING,2040580,7587523887,1.0,MID_LANE,11134.0,11207.0,200.0,1986464,BASE_TURRET,BUILDING_KILL
0.0,INHIBITOR_BUILDING,2078043,7587523887,4.0,MID_LANE,11593.0,11669.0,200.0,2061971,,BUILDING_KILL
0.0,TOWER_BUILDING,2078043,7587523887,1.0,MID_LANE,13052.0,12612.0,200.0,2068726,NEXUS_TURRET,BUILDING_KILL
0.0,TOWER_BUILDING,2078043,7587523887,1.0,MID_LANE,12611.0,13084.0,200.0,2071230,NEXUS_TURRET,BUILDING_KILL
0.0,TOWER_BUILDING,900312,7586707851,9.0,BOT_LANE,10504.0,1029.0,100.0,867550,OUTER_TURRET,BUILDING_KILL
0.0,TOWER_BUILDING,1020313,7586707851,4.0,BOT_LANE,13866.0,4505.0,200.0,987876,OUTER_TURRET,BUILDING_KILL
0.0,TOWER_BUILDING,1140360,7586707851,6.0,TOP_LANE,981.0,10441.0,100.0,1095565,OUTER_TURRET,BUILDING_KILL
0.0,TOWER_BUILDING,1140360,7586707851,4.0,MID_LANE,8955.0,8510.0,200.0,1125804,OUTER_TURRET,BUILDING_KILL
0.0,TOWER_BUILDING,1200386,7586707851,7.0,MID_LANE,5846.0,6396.0,100.0,1158555,OUTER_TURRET,BUILDING_KILL
0.0,TOWER_BUILDING,1200386,7586707851,10.0,MID_LANE,5048.0,4812.0,100.0,1187616,INNER_TURRET,BUILDING_KILL
0.0,TOWER_BUILDING,1320430,7586707851,10.0,TOP_LANE,1512.0,6699.0,100.0,1313062,INNER_TURRET,BUILDING_KILL
0.0,TOWER_BUILDING,1380450,7586707851,8.0,TOP_LANE,1169.0,4287.0,100.0,1324929,BASE_TURRET,BUILDING_KILL
0.0,INHIBITOR_BUILDING,1380450,7586707851,9.0,TOP_LANE,1172.0,3583.0,100.0,1332619,,BUILDING_KILL
0.0,TOWER_BUILDING,1380450,7586707851,4.0,MID_LANE,9767.0,10113.0,200.0,1335615,INNER_TURRET,BUILDING_KILL
0.0,TOWER_BUILDING,1620525,7586707851,0.0,MID_LANE,1748.0,2270.0,100.0,1572818,NEXUS_TURRET,BUILDING_KILL
0.0,TOWER_BUILDING,1620525,7586707851,0.0,MID_LANE,11134.0,11207.0,200.0,1580299,BASE_TURRET,BUILDING_KILL
0.0,INHIBITOR_BUILDING,1740539,7586707851,8.0,TOP_LANE,1172.0,3583.0,100.0,1682211,,BUILDING_KILL
0.0,TOWER_BUILDING,1740539,7586707851,9.0,MID_LANE,3651.0,3696.0,100.0,1686811,BASE_TURRET,BUILDING_KILL
0.0,INHIBITOR_BUILDING,1740539,7586707851,9.0,MID_LANE,3210.0,3217.0,100.0,1691220,,BUILDING_KILL
0.0,TOWER_BUILDING,1740539,7586707851,6.0,MID_LANE,2177.0,1807.0,100.0,1736383,NEXUS_TURRET,BUILDING_KILL
0.0,TOWER_BUILDING,720286,7587036377,1.0,TOP_LANE,4318.0,13875.0,200.0,661783,OUTER_TURRET,BUILDING_KILL
0.0,TOWER_BUILDING,720286,7587036377,9.0,BOT_LANE,10504.0,1029.0,100.0,675729,OUTER_TURRET,BUILDING_KILL
0.0,TOWER_BUILDING,960339,7587036377,6.0,MID_LANE,5846.0,6396.0,100.0,914711,OUTER_TURRET,BUILDING_KILL
0.0,TOWER_BUILDING,960339,7587036377,9.0,TOP_LANE,981.0,10441.0,100.0,921224,OUTER_TURRET,BUILDING_KILL
0.0,TOWER_BUILDING,840298,7586505972,6.0,TOP_LANE,981.0,10441.0,100.0,811583,OUTER_TURRET,BUILDING_KILL
0.0,TOWER_BUILDING,960324,7586505972,4.0,BOT_LANE,13866.0,4505.0,200.0,901852,OUTER_TURRET,BUILDING_KILL
0.0,TOWER_BUILDING,960324,7586505972,8.0,MID_LANE,5846.0,6396.0,100.0,919756,OUTER_TURRET,BUILDING_KILL
0.0,TOWER_BUILDING,1020351,7586505972,8.0,BOT_LANE,10504.0,1029.0,100.0,1018924,OUTER_TURRET,BUILDING_KILL
0.0,TOWER_BUILDING,1140414,7586505972,2.0,TOP_LANE,4318.0,13875.0,200.0,1092108,OUTER_TURRET,BUILDING_KILL
0.0,TOWER_BUILDING,1320482,7586505972,5.0,MID_LANE,8955.0,8510.0,200.0,1292887,OUTER_TURRET,BUILDING_KILL
0.0,TOWER_BUILDING,1440507,7586505972,1.0,TOP_LANE,7943.0,13411.0,200.0,1402671,INNER_TURRET,BUILDING_KILL
0.0,TOWER_BUILDING,1500533,7586505972,8.0,BOT_LANE,6919.0,1483.0,100.0,1477377,INNER_TURRET,BUILDING_KILL
0.0,TOWER_BUILDING,1500533,7586505972,2.0,MID_LANE,9767.0,10113.0,200.0,1488266,INNER_TURRET,BUILDING_KILL
0.0,TOWER_BUILDING,1620543,7586505972,8.0,TOP_LANE,1512.0,6699.0,100.0,1620343,INNER_TURRET,BUILDING_KILL
0.0,TOWER_BUILDING,1680569,7586505972,10.0,MID_LANE,5048.0,4812.0,100.0,1627657,INNER_TURRET,BUILDING_KILL
0.0,TOWER_BUILDING,1680569,7586505972,7.0,MID_LANE,3651.0,3696.0,100.0,1636019,BASE_TURRET,BUILDING_KILL
0.0,INHIBITOR_BUILDING,1680569,7586505972,10.0,MID_LANE,3210.0,3217.0,100.0,1641464,,BUILDING_KILL
0.0,TOWER_BUILDING,1680569,7586505972,6.0,BOT_LANE,4281.0,1253.0,100.0,1647465,BASE_TURRET,BUILDING_KILL
0.0,INHIBITOR_BUILDING,1680569,7586505972,10.0,BOT_LANE,3468.0,1230.0,100.0,1654679,,BUILDING_KILL
0.0,TOWER_BUILDING,1898322,7586505972,8.0,MID_LANE,1748.0,2270.0,100.0,1886824,NEXUS_TURRET,BUILDING_KILL
0.0,TOWER_BUILDING,1898322,7586505972,8.0,MID_LANE,2177.0,1807.0,100.0,1888862,NEXUS_TURRET,BUILDING_KILL
0.0,TOWER_BUILDING,900318,7587398075,3.0,BOT_LANE,13866.0,4505.0,200.0,844551,OUTER_TURRET,BUILDING_KILL
0.0,TOWER_BUILDING,960346,7587398075,2.0,BOT_LANE,13327.0,8226.0,200.0,950385,INNER_TURRET,BUILDING_KILL
0.0,TOWER_BUILDING,960346,7587398075,6.0,TOP_LANE,981.0,10441.0,100.0,950852,OUTER_TURRET,BUILDING_KILL
0.0,TOWER_BUILDING,1020365,7587398075,4.0,MID_LANE,8955.0,8510.0,200.0,981442,OUTER_TURRET,BUILDING_KILL
0.0,TOWER_BUILDING,1080383,7587398075,8.0,BOT_LANE,10504.0,1029.0,100.0,1080083,OUTER_TURRET,BUILDING_KILL
0.0,TOWER_BUILDING,1140413,7587398075,2.0,TOP_LANE,4318.0,13875.0,200.0,1107934,OUTER_TURRET,BUILDING_KILL
0.0,TOWER_BUILDING,1200428,7587398075,8.0,BOT_LANE,6919.0,1483.0,100.0,1146524,INNER_TURRET,BUILDING_KILL
0.0,TOWER_BUILDING,1200428,7587398075,10.0,MID_LANE,5846.0,6396.0,100.0,1173319,OUTER_TURRET,BUILDING_KILL
0.0,TOWER_BUILDING,1800605,7587398075,8.0,MID_LANE,5048.0,4812.0,100.0,1785938,INNER_TURRET,BUILDING_KILL
0.0,TOWER_BUILDING,1920650,7587398075,3.0,MID_LANE,9767.0,10113.0,200.0,1867237,INNER_TURRET,BUILDING_KILL
0.0,TOWER_BUILDING,1920650,7587398075,2.0,MID_LANE,11134.0,11207.0,200.0,1878559,BASE_TURRET,BUILDING_KILL
0.0,INHIBITOR_BUILDING,1920650,7587398075,3.0,MID_LANE,11593.0,11669.0,200.0,1889258,,BUILDING_KILL
0.0,TOWER_BUILDING,2100698,7587398075,7.0,MID_LANE,3651.0,3696.0,100.0,2093239,BASE_TURRET,BUILDING_KILL
0.0,INHIBITOR_BUILDING,2100698,7587398075,7.0,MID_LANE,3210.0,3217.0,100.0,2098874,,BUILDING_KILL
0.0,TOWER_BUILDING,2160770,7587398075,9.0,MID_LANE,2177.0,1807.0,100.0,2147436,NEXUS_TURRET,BUILDING_KILL
0.0,TOWER_BUILDING,2160770,7587398075,9.0,MID_LANE,1748.0,2270.0,100.0,2152079,NEXUS_TURRET,BUILDING_KILL
0.0,TOWER_BUILDING,660247,7586238796,4.0,BOT_LANE,13866.0,4505.0,200.0,659826,OUTER_TURRET,BUILDING_KILL
0.0,TOWER_BUILDING,960324,7586238796,2.0,MID_LANE,8955.0,8510.0,200.0,959455,OUTER_TURRET,BUILDING_KILL
0.0,TOWER_BUILDING,1080332,7586238796,2.0,TOP_LANE,4318.0,13875.0,200.0,1066402,OUTER_TURRET,BUILDING_KILL
0.0,TOWER_BUILDING,1140339,7586238796,4.0,TOP_LANE,7943.0,13411.0,200.0,1130854,INNER_TURRET,BUILDING_KILL
0.0,TOWER_BUILDING,1200361,7586238796,2.0,TOP_LANE,10481.0,13650.0,200.0,1142351,BASE_TURRET,BUILDING_KILL
300.0,TOWER_BUILDING,1200361,7586238796,8.0,MID_LANE,5846.0,6396.0,100.0,1148964,OUTER_TURRET,BUILDING_KILL
0.0,TOWER_BUILDING,1380408,7586238796,2.0,MID_LANE,9767.0,10113.0,200.0,1362743,INNER_TURRET,BUILDING_KILL
0.0,TOWER_BUILDING,1440424,7586238796,2.0,MID_LANE,11134.0,11207.0,200.0,1380675,BASE_TURRET,BUILDING_KILL
300.0,TOWER_BUILDING,1440424,7586238796,8.0,TOP_LANE,981.0,10441.0,100.0,1393829,OUTER_TURRET,BUILDING_KILL
250.0,TOWER_BUILDING,1500444,7586238796,6.0,BOT_LANE,10504.0,1029.0,100.0,1488213,OUTER_TURRET,BUILDING_KILL
0.0,INHIBITOR_BUILDING,1680499,7586238796,2.0,MID_LANE,11593.0,11669.0,200.0,1654596,,BUILDING_KILL
0.0,INHIBITOR_BUILDING,1680499,7586238796,4.0,TOP_LANE,11275.0,13663.0,200.0,1665842,,BUILDING_KILL
0.0,TOWER_BUILDING,1715044,7586238796,4.0,MID_LANE,12611.0,13084.0,200.0,1704825,NEXUS_TURRET,BUILDING_KILL
0.0,TOWER_BUILDING,1715044,7586238796,2.0,MID_LANE,13052.0,12612.0,200.0,1706860,NEXUS_TURRET,BUILDING_KILL
0.0,TOWER_BUILDING,900327,7586225645,9.0,BOT_LANE,10504.0,1029.0,100.0,853874,OUTER_TURRET,BUILDING_KILL
0.0,TOWER_BUILDING,960335,7586225645,1.0,BOT_LANE,13866.0,4505.0,200.0,951940,OUTER_TURRET,BUILDING_KILL
0.0,TOWER_BUILDING,1140380,7586225645,1.0,TOP_LANE,4318.0,13875.0,200.0,1126317,OUTER_TURRET,BUILDING_KILL
0.0,TOWER_BUILDING,1380454,7586225645,4.0,MID_LANE,8955.0,8510.0,200.0,1352435,OUTER_TURRET,BUILDING_KILL
0.0,TOWER_BUILDING,1500471,7586225645,4.0,MID_LANE,9767.0,10113.0,200.0,1460624,INNER_TURRET,BUILDING_KILL
0.0,TOWER_BUILDING,1620501,7586225645,2.0,TOP_LANE,7943.0,13411.0,200.0,1612549,INNER_TURRET,BUILDING_KILL
0.0,TOWER_BUILDING,1680510,7586225645,1.0,MID_LANE,11134.0,11207.0,200.0,1658179,BASE_TURRET,BUILDING_KILL
0.0,TOWER_BUILDING,1680510,7586225645,4.0,BOT_LANE,13327.0,8226.0,200.0,1665358,INNER_TURRET,BUILDING_KILL
0.0,INHIBITOR_BUILDING,1680510,7586225645,2.0,MID_LANE,11593.0,11669.0,200.0,1668164,,BUILDING_KILL
0.0,TOWER_BUILDING,1680510,7586225645,4.0,BOT_LANE,13624.0,10572.0,200.0,1678339,BASE_TURRET,BUILDING_KILL
0.0,TOWER_BUILDING,1680510,7586225645,2.0,MID_LANE,13052.0,12612.0,200.0,1679274,NEXUS_TURRET,BUILDING_KILL
0.0,INHIBITOR_BUILDING,1694851,7586225645,4.0,BOT_LANE,13594.0,11319.0,200.0,1683082,,BUILDING_KILL
0.0,TOWER_BUILDING,1694851,7586225645,2.0,MID_LANE,12611.0,13084.0,200.0,1685921,NEXUS_TURRET,BUILDING_KILL
0.0,TOWER_BUILDING,840292,7587203986,7.0,BOT_LANE,10504.0,1029.0,100.0,808862,OUTER_TURRET,BUILDING_KILL
0.0,TOWER_BUILDING,840292,7587203986,2.0,TOP_LANE,4318.0,13875.0,200.0,820864,OUTER_TURRET,BUILDING_KILL
0.0,TOWER_BUILDING,1140398,7587203986,4.0,MID_LANE,8955.0,8510.0,200.0,1125338,OUTER_TURRET,BUILDING_KILL
0.0,TOWER_BUILDING,1140398,7587203986,3.0,BOT_LANE,13866.0,4505.0,200.0,1138347,OUTER_TURRET,BUILDING_KILL
0.0,TOWER_BUILDING,1320450,7587203986,3.0,TOP_LANE,7943.0,13411.0,200.0,1285803,INNER_TURRET,BUILDING_KILL
0.0,TOWER_BUILDING,1380471,7587203986,2.0,BOT_LANE,13327.0,8226.0,200.0,1346723,INNER_TURRET,BUILDING_KILL
0.0,TOWER_BUILDING,1680578,7587203986,8.0,TOP_LANE,981.0,10441.0,100.0,1643194,OUTER_TURRET,BUILDING_KILL
0.0,TOWER_BUILDING,1680578,7587203986,3.0,MID_LANE,9767.0,10113.0,200.0,1654895,INNER_TURRET,BUILDING_KILL
0.0,TOWER_BUILDING,1680578,7587203986,8.0,TOP_LANE,1512.0,6699.0,100.0,1668589,INNER_TURRET,BUILDING_KILL
0.0,TOWER_BUILDING,1740589,7587203986,4.0,BOT_LANE,13624.0,10572.0,200.0,1685867,BASE_TURRET,BUILDING_KILL
0.0,TOWER_BUILDING,1740589,7587203986,8.0,TOP_LANE,1169.0,4287.0,100.0,1687871,BASE_TURRET,BUILDING_KILL
0.0,INHIBITOR_BUILDING,1740589,7587203986,3.0,BOT_LANE,13594.0,11319.0,200.0,1689908,,BUILDING_KILL
0.0,TOWER_BUILDING,1740589,7587203986,1.0,MID_LANE,11134.0,11207.0,200.0,1695242,BASE_TURRET,BUILDING_KILL
0.0,INHIBITOR_BUILDING,1740589,7587203986,1.0,MID_LANE,11593.0,11669.0,200.0,1702195,,BUILDING_KILL
0.0,TOWER_BUILDING,1980664,7587203986,8.0,MID_LANE,5846.0,6396.0,100.0,1935428,OUTER_TURRET,BUILDING_KILL
0.0,INHIBITOR_BUILDING,2078596,7587203986,4.0,MID_LANE,11593.0,11669.0,200.0,2073520,,BUILDING_KILL
0.0,TOWER_BUILDING,900338,7587255632,1.0,TOP_LANE,4318.0,13875.0,200.0,868962,OUTER_TURRET,BUILDING_KILL
0.0,TOWER_BUILDING,900338,7587255632,4.0,BOT_LANE,13866.0,4505.0,200.0,870481,OUTER_TURRET,BUILDING_KILL
0.0,TOWER_BUILDING,960348,7587255632,7.0,BOT_LANE,10504.0,1029.0,100.0,951910,OUTER_TURRET,BUILDING_KILL
0.0,TOWER_BUILDING,1020483,7587255632,4.0,MID_LANE,8955.0,8510.0,200.0,967888,OUTER_TURRET,BUILDING_KILL
0.0,TOWER_BUILDING,1020483,7587255632,7.0,BOT_LANE,6919.0,1483.0,100.0,992605,INNER_TURRET,BUILDING_KILL
0.0,TOWER_BUILDING,1020483,7587255632,4.0,MID_LANE,9767.0,10113.0,200.0,1013036,INNER_TURRET,BUILDING_KILL
0.0,TOWER_BUILDING,840286,7587285679,9.0,BOT_LANE,10504.0,1029.0,100.0,811179,OUTER_TURRET,BUILDING_KILL
0.0,TOWER_BUILDING,900298,7587285679,1.0,TOP_LANE,4318.0,13875.0,200.0,840954,OUTER_TURRET,BUILDING_KILL
0.0,TOWER_BUILDING,900298,7587285679,9.0,MID_LANE,5846.0,6396.0,100.0,880232,OUTER_TURRET,BUILDING_KILL
0.0,TOWER_BUILDING,1080320,7587285679,6.0,MID_LANE,5048.0,4812.0,100.0,1050022,INNER_TURRET,BUILDING_KILL
0.0,TOWER_BUILDING,1140350,7587285679,1.0,BOT_LANE,13866.0,4505.0,200.0,1105121,OUTER_TURRET,BUILDING_KILL
0.0,TOWER_BUILDING,1200355,7587285679,1.0,BOT_LANE,13327.0,8226.0,200.0,1171321,INNER_TURRET,BUILDING_KILL
0.0,TOWER_BUILDING,1380414,7587285679,4.0,MID_LANE,8955.0,8510.0,200.0,1355568,OUTER_TURRET,BUILDING_KILL
0.0,TOWER_BUILDING,1440446,7587285679,4.0,MID_LANE,9767.0,10113.0,200.0,1427016,INNER_TURRET,BUILDING_KILL
0.0,TOWER_BUILDING,1560485,7587285679,6.0,TOP_LANE,981.0,10441.0,100.0,1512364,OUTER_TURRET,BUILDING_KILL
0.0,TOWER_BUILDING,1800510,7587285679,1.0,TOP_LANE,7943.0,13411.0,200.0,1789268,INNER_TURRET,BUILDING_KILL
0.0,TOWER_BUILDING,1825875,7587285679,5.0,MID_LANE,11134.0,11207.0,200.0,1815666,BASE_TURRET,BUILDING_KILL
0.0,INHIBITOR_BUILDING,1825875,7587285679,2.0,MID_LANE,11593.0,11669.0,200.0,1819073,,BUILDING_KILL
0.0,TOWER_BUILDING,720285,7586077396,7.0,TOP_LANE,981.0,10441.0,100.0,703803,OUTER_TURRET,BUILDING_KILL
0.0,TOWER_BUILDING,900332,7586077396,9.0,BOT_LANE,10504.0,1029.0,100.0,871740,OUTER_TURRET,BUILDING_KILL
0.0,TOWER_BUILDING,960339,7586077396,9.0,MID_LANE,5846.0,6396.0,100.0,938120,OUTER_TURRET,BUILDING_KILL
0.0,TOWER_BUILDING,1020354,7586077396,6.0,TOP_LANE,1512.0,6699.0,100.0,992248,INNER_TURRET,BUILDING_KILL
0.0,TOWER_BUILDING,1080369,7586077396,9.0,MID_LANE,5048.0,4812.0,100.0,1071429,INNER_TURRET,BUILDING_KILL
0.0,TOWER_BUILDING,1140374,7586077396,8.0,BOT_LANE,6919.0,1483.0,100.0,1123839,INNER_TURRET,BUILDING_KILL
0.0,TOWER_BUILDING,1140374,7586077396,6.0,MID_LANE,3651.0,3696.0,100.0,1126445,BASE_TURRET,BUILDING_KILL
350.0,TOWER_BUILDING,1320444,7586077396,4.0,TOP_LANE,4318.0,13875.0,200.0,1275500,OUTER_TURRET,BUILDING_KILL
0.0,INHIBITOR_BUILDING,1320444,7586077396,7.0,MID_LANE,3210.0,3217.0,100.0,1279174,,BUILDING_KILL
0.0,TOWER_BUILDING,1320444,7586077396,6.0,BOT_LANE,4281.0,1253.0,100.0,1287642,BASE_TURRET,BUILDING_KILL
0.0,TOWER_BUILDING,1320444,7586077396,9.0,MID_LANE,1748.0,2270.0,100.0,1288877,NEXUS_TURRET,BUILDING_KILL
0.0,TOWER_BUILDING,1320444,7586077396,9.0,MID_LANE,2177.0,1807.0,100.0,1293587,NEXUS_TURRET,BUILDING_KILL
0.0,INHIBITOR_BUILDING,1320444,7586077396,6.0,BOT_LANE,3468.0,1230.0,100.0,1301265,,BUILDING_KILL
0.0,TOWER_BUILDING,840322,7586758073,4.0,BOT_LANE,13866.0,4505.0,200.0,817920,OUTER_TURRET,BUILDING_KILL
0.0,TOWER_BUILDING,900322,7586758073,1.0,TOP_LANE,4318.0,13875.0,200.0,890030,OUTER_TURRET,BUILDING_KILL
0.0,TOWER_BUILDING,960349,7586758073,4.0,MID_LANE,8955.0,8510.0,200.0,946015,OUTER_TURRET,BUILDING_KILL
200.0,TOWER_BUILDING,1080364,7586758073,8.0,BOT_LANE,10504.0,1029.0,100.0,1023660,OUTER_TURRET,BUILDING_KILL
0.0,TOWER_BUILDING,1080364,7586758073,2.0,MID_LANE,9767.0,10113.0,200.0,1032345,INNER_TURRET,BUILDING_KILL
0.0,TOWER_BUILDING,1080364,7586758073,2.0,MID_LANE,11134.0,11207.0,200.0,1041485,BASE_TURRET,BUILDING_KILL
0.0,INHIBITOR_BUILDING,1080364,7586758073,5.0,MID_LANE,11593.0,11669.0,200.0,1050393,,BUILDING_KILL
250.0,TOWER_BUILDING,1080364,7586758073,6.0,TOP_LANE,981.0,10441.0,100.0,1061016,OUTER_TURRET,BUILDING_KILL
0.0,TOWER_BUILDING,1080364,7586758073,4.0,MID_LANE,13052.0,12612.0,200.0,1074753,NEXUS_TURRET,BUILDING_KILL
0.0,TOWER_BUILDING,1080364,7586758073,5.0,MID_LANE,12611.0,13084.0,200.0,1080097,NEXUS_TURRET,BUILDING_KILL
0.0,TOWER_BUILDING,780290,7587339609,9.0,BOT_LANE,10504.0,1029.0,100.0,745191,OUTER_TURRET,BUILDING_KILL
0.0,TOWER_BUILDING,960319,7587339609,9.0,MID_LANE,5846.0,6396.0,100.0,943506,OUTER_TURRET,BUILDING_KILL
0.0,TOWER_BUILDING,1020320,7587339609,1.0,MID_LANE,8955.0,8510.0,200.0,1003883,OUTER_TURRET,BUILDING_KILL
0.0,TOWER_BUILDING,1020320,7587339609,8.0,TOP_LANE,981.0,10441.0,100.0,1016918,OUTER_TURRET,BUILDING_KILL
0.0,TOWER_BUILDING,1080352,7587339609,3.0,BOT_LANE,13866.0,4505.0,200.0,1045040,OUTER_TURRET,BUILDING_KILL
0.0,TOWER_BUILDING,1140362,7587339609,1.0,TOP_LANE,4318.0,13875.0,200.0,1124761,OUTER_TURRET,BUILDING_KILL
0.0,TOWER_BUILDING,1200366,7587339609,6.0,TOP_LANE,1512.0,6699.0,100.0,1189774,INNER_TURRET,BUILDING_KILL
0.0,TOWER_BUILDING,1200366,7587339609,9.0,MID_LANE,5048.0,4812.0,100.0,1194589,INNER_TURRET,BUILDING_KILL
0.0,TOWER_BUILDING,1317551,7587339609,9.0,BOT_LANE,6919.0,1483.0,100.0,1284341,INNER_TURRET,BUILDING_KILL
0.0,TOWER_BUILDING,660302,7586144906,5.0,BOT_LANE,13866.0,4505.0,200.0,655200,OUTER_TURRET,BUILDING_KILL
0.0,TOWER_BUILDING,840350,7586144906,6.0,TOP_LANE,981.0,10441.0,100.0,799724,OUTER_TURRET,BUILDING_KILL
0.0,TOWER_BUILDING,960402,7586144906,1.0,TOP_LANE,4318.0,13875.0,200.0,934731,OUTER_TURRET,BUILDING_KILL
0.0,TOWER_BUILDING,960402,7586144906,3.0,BOT_LANE,13327.0,8226.0,200.0,953870,INNER_TURRET,BUILDING_KILL
0.0,TOWER_BUILDING,1020433,7586144906,1.0,TOP_LANE,7943.0,13411.0,200.0,1002267,INNER_TURRET,BUILDING_KILL
0.0,TOWER_BUILDING,1020433,7586144906,2.0,BOT_LANE,13624.0,10572.0,200.0,1007378,BASE_TURRET,BUILDING_KILL
0.0,TOWER_BUILDING,1080448,7586144906,4.0,MID_LANE,8955.0,8510.0,200.0,1032445,OUTER_TURRET,BUILDING_KILL
0.0,TOWER_BUILDING,1140460,7586144906,1.0,MID_LANE,9767.0,10113.0,200.0,1106569,INNER_TURRET,BUILDING_KILL
0.0,TOWER_BUILDING,1320526,7586144906,2.0,MID_LANE,11134.0,11207.0,200.0,1261533,BASE_TURRET,BUILDING_KILL
0.0,INHIBITOR_BUILDING,1320526,7586144906,2.0,MID_LANE,11593.0,11669.0,200.0,1267311,,BUILDING_KILL
0.0,INHIBITOR_BUILDING,1320526,7586144906,0.0,BOT_LANE,13594.0,11319.0,200.0,1300399,,BUILDING_KILL
0.0,TOWER_BUILDING,1500556,7586144906,4.0,MID_LANE,13052.0,12612.0,200.0,1458329,NEXUS_TURRET,BUILDING_KILL
0.0,TOWER_BUILDING,1560569,7586144906,3.0,MID_LANE,12611.0,13084.0,200.0,1502272,NEXUS_TURRET,BUILDING_KILL
0.0,INHIBITOR_BUILDING,1740624,7586144906,5.0,MID_LANE,11593.0,11669.0,200.0,1694381,,BUILDING_KILL
0.0,TOWER_BUILDING,1800652,7586144906,9.0,BOT_LANE,10504.0,1029.0,100.0,1748575,OUTER_TURRET,BUILDING_KILL
0.0,TOWER_BUILDING,1800652,7586144906,7.0,MID_LANE,5846.0,6396.0,100.0,1752183,OUTER_TURRET,BUILDING_KILL
0.0,TOWER_BUILDING,1800652,7586144906,6.0,BOT_LANE,6919.0,1483.0,100.0,1759617,INNER_TURRET,BUILDING_KILL
0.0,INHIBITOR_BUILDING,1860665,7586144906,3.0,BOT_LANE,13594.0,11319.0,200.0,1820604,,BUILDING_KILL
0.0,TOWER_BUILDING,1915629,7586144906,1.0,MID_LANE,13052.0,12612.0,200.0,1895239,NEXUS_TURRET,BUILDING_KILL
0.0,TOWER_BUILDING,1915629,7586144906,2.0,MID_LANE,12611.0,13084.0,200.0,1908848,NEXUS_TURRET,BUILDING_KILL
0.0,TOWER_BUILDING,1020361,7585816671,7.0,BOT_LANE,10504.0,1029.0,100.0,962643,OUTER_TURRET,BUILDING_KILL
0.0,TOWER_BUILDING,1020361,7585816671,8.0,BOT_LANE,6919.0,1483.0,100.0,997287,INNER_TURRET,BUILDING_KILL
0.0,TOWER_BUILDING,1080383,7585816671,2.0,MID_LANE,8955.0,8510.0,200.0,1029616,OUTER_TURRET,BUILDING_KILL
0.0,TOWER_BUILDING,1080383,7585816671,1.0,TOP_LANE,4318.0,13875.0,200.0,1041759,OUTER_TURRET,BUILDING_KILL
0.0,TOWER_BUILDING,1200417,7585816671,8.0,MID_LANE,5846.0,6396.0,100.0,1179861,OUTER_TURRET,BUILDING_KILL
0.0,TOWER_BUILDING,1380447,7585816671,2.0,BOT_LANE,13866.0,4505.0,200.0,1376946,OUTER_TURRET,BUILDING_KILL
0.0,TOWER_BUILDING,1440467,7585816671,6.0,TOP_LANE,981.0,10441.0,100.0,1391402,OUTER_TURRET,BUILDING_KILL
0.0,TOWER_BUILDING,1440467,7585816671,6.0,TOP_LANE,1512.0,6699.0,100.0,1414213,INNER_TURRET,BUILDING_KILL
0.0,TOWER_BUILDING,1440467,7585816671,4.0,MID_LANE,9767.0,10113.0,200.0,1418889,INNER_TURRET,BUILDING_KILL
0.0,TOWER_BUILDING,1500491,7585816671,1.0,TOP_LANE,7943.0,13411.0,200.0,1482890,INNER_TURRET,BUILDING_KILL
0.0,TOWER_BUILDING,1839658,7585816671,9.0,MID_LANE,5048.0,4812.0,100.0,1811203,INNER_TURRET,BUILDING_KILL
0.0,TOWER_BUILDING,780270,7587340123,1.0,TOP_LANE,4318.0,13875.0,200.0,744618,OUTER_TURRET,BUILDING_KILL
0.0,TOWER_BUILDING,900310,7587340123,4.0,BOT_LANE,13866.0,4505.0,200.0,851286,OUTER_TURRET,BUILDING_KILL
0.0,TOWER_BUILDING,960314,7587340123,1.0,MID_LANE,8955.0,8510.0,200.0,919392,OUTER_TURRET,BUILDING_KILL
0.0,TOWER_BUILDING,1140351,7587340123,9.0,BOT_LANE,10504.0,1029.0,100.0,1102846,OUTER_TURRET,BUILDING_KILL
0.0,TOWER_BUILDING,1200359,7587340123,8.0,MID_LANE,5846.0,6396.0,100.0,1147172,OUTER_TURRET,BUILDING_KILL
0.0,TOWER_BUILDING,1200359,7587340123,1.0,MID_LANE,9767.0,10113.0,200.0,1197086,INNER_TURRET,BUILDING_KILL
0.0,TOWER_BUILDING,1260364,7587340123,6.0,TOP_LANE,981.0,10441.0,100.0,1204613,OUTER_TURRET,BUILDING_KILL
0.0,TOWER_BUILDING,1560441,7587340123,6.0,MID_LANE,5048.0,4812.0,100.0,1511377,INNER_TURRET,BUILDING_KILL
0.0,TOWER_BUILDING,720282,7585770101,6.0,TOP_LANE,981.0,10441.0,100.0,711779,OUTER_TURRET,BUILDING_KILL
0.0,TOWER_BUILDING,900341,7585770101,3.0,TOP_LANE,4318.0,13875.0,200.0,889523,OUTER_TURRET,BUILDING_KILL
0.0,TOWER_BUILDING,900341,7585770101,6.0,BOT_LANE,10504.0,1029.0,100.0,890826,OUTER_TURRET,BUILDING_KILL
0.0,TOWER_BUILDING,1140392,7585770101,8.0,BOT_LANE,6919.0,1483.0,100.0,1132141,INNER_TURRET,BUILDING_KILL
0.0,TOWER_BUILDING,1200408,7585770101,8.0,BOT_LANE,4281.0,1253.0,100.0,1161063,BASE_TURRET,BUILDING_KILL
0.0,TOWER_BUILDING,1200408,7585770101,4.0,MID_LANE,8955.0,8510.0,200.0,1178493,OUTER_TURRET,BUILDING_KILL
0.0,TOWER_BUILDING,1380469,7585770101,4.0,MID_LANE,9767.0,10113.0,200.0,1359506,INNER_TURRET,BUILDING_KILL
0.0,TOWER_BUILDING,1440481,7585770101,3.0,BOT_LANE,13866.0,4505.0,200.0,1406815,OUTER_TURRET,BUILDING_KILL
0.0,TOWER_BUILDING,1440481,7585770101,6.0,TOP_LANE,1512.0,6699.0,100.0,1430949,INNER_TURRET,BUILDING_KILL
0.0,TOWER_BUILDING,1500502,7585770101,4.0,MID_LANE,11134.0,11207.0,200.0,1453522,BASE_TURRET,BUILDING_KILL
0.0,INHIBITOR_BUILDING,1500502,7585770101,4.0,MID_LANE,11593.0,11669.0,200.0,1462906,,BUILDING_KILL
0.0,TOWER_BUILDING,1560529,7585770101,10.0,MID_LANE,5846.0,6396.0,100.0,1506801,OUTER_TURRET,BUILDING_KILL
0.0,TOWER_BUILDING,1800559,7585770101,3.0,BOT_LANE,13327.0,8226.0,200.0,1766070,INNER_TURRET,BUILDING_KILL
0.0,TOWER_BUILDING,1800559,7585770101,3.0,BOT_LANE,13624.0,10572.0,200.0,1793842,BASE_TURRET,BUILDING_KILL
0.0,INHIBITOR_BUILDING,1800559,7585770101,5.0,BOT_LANE,13594.0,11319.0,200.0,1796982,,BUILDING_KILL
0.0,TOWER_BUILDING,1813969,7585770101,2.0,MID_LANE,13052.0,12612.0,200.0,1803171,NEXUS_TURRET,BUILDING_KILL
0.0,TOWER_BUILDING,1813969,7585770101,1.0,MID_LANE,12611.0,13084.0,200.0,1805743,NEXUS_TURRET,BUILDING_KILL
0.0,TOWER_BUILDING,720279,7586392214,6.0,TOP_LANE,981.0,10441.0,100.0,661663,OUTER_TURRET,BUILDING_KILL
0.0,TOWER_BUILDING,960321,7586392214,9.0,MID_LANE,5846.0,6396.0,100.0,923173,OUTER_TURRET,BUILDING_KILL
0.0,TOWER_BUILDING,960321,7586392214,8.0,BOT_LANE,10504.0,1029.0,100.0,924858,OUTER_TURRET,BUILDING_KILL
250.0,TOWER_BUILDING,1020346,7586392214,3.0,BOT_LANE,13866.0,4505.0,200.0,1012551,OUTER_TURRET,BUILDING_KILL
0.0,TOWER_BUILDING,1080371,7586392214,6.0,MID_LANE,5048.0,4812.0,100.0,1032853,INNER_TURRET,BUILDING_KILL
0.0,TOWER_BUILDING,1200411,7586392214,2.0,MID_LANE,8955.0,8510.0,200.0,1181788,OUTER_TURRET,BUILDING_KILL
0.0,TOWER_BUILDING,1380482,7586392214,4.0,BOT_LANE,13327.0,8226.0,200.0,1325407,INNER_TURRET,BUILDING_KILL
0.0,TOWER_BUILDING,1440503,7586392214,8.0,TOP_LANE,1512.0,6699.0,100.0,1409827,INNER_TURRET,BUILDING_KILL
0.0,TOWER_BUILDING,1440503,7586392214,0.0,MID_LANE,9767.0,10113.0,200.0,1419935,INNER_TURRET,BUILDING_KILL
0.0,TOWER_BUILDING,1620546,7586392214,6.0,MID_LANE,3651.0,3696.0,100.0,1620446,BASE_TURRET,BUILDING_KILL
0.0,INHIBITOR_BUILDING,1643769,7586392214,6.0,MID_LANE,3210.0,3217.0,100.0,1624621,,BUILDING_KILL
0.0,TOWER_BUILDING,1643769,7586392214,7.0,MID_LANE,1748.0,2270.0,100.0,1632797,NEXUS_TURRET,BUILDING_KILL
0.0,TOWER_BUILDING,1643769,7586392214,9.0,MID_LANE,2177.0,1807.0,100.0,1635001,NEXUS_TURRET,BUILDING_KILL
0.0,TOWER_BUILDING,720254,7587003698,8.0,BOT_LANE,10504.0,1029.0,100.0,686181,OUTER_TURRET,BUILDING_KILL
0.0,TOWER_BUILDING,840293,7587003698,8.0,TOP_LANE,981.0,10441.0,100.0,828575,OUTER_TURRET,BUILDING_KILL
0.0,TOWER_BUILDING,900312,7587003698,9.0,MID_LANE,5846.0,6396.0,100.0,883643,OUTER_TURRET,BUILDING_KILL
0.0,TOWER_BUILDING,900372,7586703701,6.0,TOP_LANE,981.0,10441.0,100.0,865232,OUTER_TURRET,BUILDING_KILL
0.0,TOWER_BUILDING,960396,7586703701,4.0,MID_LANE,8955.0,8510.0,200.0,944156,OUTER_TURRET,BUILDING_KILL
0.0,TOWER_BUILDING,1020398,7586703701,8.0,BOT_LANE,10504.0,1029.0,100.0,978890,OUTER_TURRET,BUILDING_KILL
0.0,TOWER_BUILDING,1080412,7586703701,1.0,BOT_LANE,13866.0,4505.0,200.0,1068283,OUTER_TURRET,BUILDING_KILL
0.0,TOWER_BUILDING,1123427,7586703701,6.0,TOP_LANE,1512.0,6699.0,100.0,1112338,INNER_TURRET,BUILDING_KILL
0.0,TOWER_BUILDING,900371,7587337564,6.0,BOT_LANE,10504.0,1029.0,100.0,857744,OUTER_TURRET,BUILDING_KILL
0.0,TOWER_BUILDING,1020430,7587337564,0.0,TOP_LANE,4318.0,13875.0,200.0,985370,OUTER_TURRET,BUILDING_KILL
0.0,TOWER_BUILDING,1080449,7587337564,6.0,BOT_LANE,6919.0,1483.0,100.0,1022033,INNER_TURRET,BUILDING_KILL
0.0,TOWER_BUILDING,1080449,7587337564,9.0,MID_LANE,5846.0,6396.0,100.0,1059266,OUTER_TURRET,BUILDING_KILL
250.0,TOWER_BUILDING,1080449,7587337564,3.0,BOT_LANE,13866.0,4505.0,200.0,1062038,OUTER_TURRET,BUILDING_KILL
0.0,TOWER_BUILDING,1140474,7587337564,8.0,MID_LANE,5048.0,4812.0,100.0,1088565,INNER_TURRET,BUILDING_KILL
0.0,TOWER_BUILDING,1140474,7587337564,6.0,TOP_LANE,981.0,10441.0,100.0,1134204,OUTER_TURRET,BUILDING_KILL
0.0,TOWER_BUILDING,1320496,7587337564,9.0,MID_LANE,3651.0,3696.0,100.0,1304686,BASE_TURRET,BUILDING_KILL
0.0,INHIBITOR_BUILDING,1320496,7587337564,9.0,MID_LANE,3210.0,3217.0,100.0,1307859,,BUILDING_KILL
0.0,TOWER_BUILDING,1320496,7587337564,6.0,MID_LANE,2177.0,1807.0,100.0,1315808,NEXUS_TURRET,BUILDING_KILL
0.0,TOWER_BUILDING,1320496,7587337564,7.0,MID_LANE,1748.0,2270.0,100.0,1316956,NEXUS_TURRET,BUILDING_KILL
0.0,TOWER_BUILDING,720262,7587157805,6.0,TOP_LANE,981.0,10441.0,100.0,679672,OUTER_TURRET,BUILDING_KILL
0.0,TOWER_BUILDING,780272,7587157805,9.0,BOT_LANE,10504.0,1029.0,100.0,753937,OUTER_TURRET,BUILDING_KILL
0.0,TOWER_BUILDING,840280,7587157805,1.0,MID_LANE,8955.0,8510.0,200.0,829105,OUTER_TURRET,BUILDING_KILL
0.0,TOWER_BUILDING,840280,7587157805,4.0,BOT_LANE,13866.0,4505.0,200.0,837240,OUTER_TURRET,BUILDING_KILL
0.0,TOWER_BUILDING,960342,7587157805,1.0,TOP_LANE,4318.0,13875.0,200.0,916578,OUTER_TURRET,BUILDING_KILL
0.0,TOWER_BUILDING,960342,7587157805,1.0,TOP_LANE,7943.0,13411.0,200.0,944874,INNER_TURRET,BUILDING_KILL
0.0,TOWER_BUILDING,1020359,7587157805,8.0,MID_LANE,5846.0,6396.0,100.0,975248,OUTER_TURRET,BUILDING_KILL
0.0,TOWER_BUILDING,1080384,7587157805,1.0,MID_LANE,9767.0,10113.0,200.0,1036829,INNER_TURRET,BUILDING_KILL
0.0,TOWER_BUILDING,1200399,7587157805,3.0,BOT_LANE,13327.0,8226.0,200.0,1143696,INNER_TURRET,BUILDING_KILL
0.0,TOWER_BUILDING,1440469,7587157805,1.0,BOT_LANE,13624.0,10572.0,200.0,1432438,BASE_TURRET,BUILDING_KILL
0.0,TOWER_BUILDING,1500478,7587157805,9.0,MID_LANE,5048.0,4812.0,100.0,1459846,INNER_TURRET,BUILDING_KILL
0.0,TOWER_BUILDING,1560491,7587157805,6.0,BOT_LANE,6919.0,1483.0,100.0,1520801,INNER_TURRET,BUILDING_KILL
0.0,INHIBITOR_BUILDING,1680525,7587157805,1.0,BOT_LANE,13594.0,11319.0,200.0,1626028,,BUILDING_KILL
0.0,TOWER_BUILDING,1860601,7587157805,1.0,TOP_LANE,10481.0,13650.0,200.0,1802104,BASE_TURRET,BUILDING_KILL
0.0,INHIBITOR_BUILDING,1920603,7587157805,1.0,TOP_LANE,11275.0,13663.0,200.0,1906010,,BUILDING_KILL
0.0,INHIBITOR_BUILDING,2040634,7587157805,1.0,BOT_LANE,13594.0,11319.0,200.0,2022636,,BUILDING_KILL
0.0,TOWER_BUILDING,2100643,7587157805,1.0,MID_LANE,13052.0,12612.0,200.0,2049593,NEXUS_TURRET,BUILDING_KILL
0.0,TOWER_BUILDING,2100643,7587157805,0.0,MID_LANE,12611.0,13084.0,200.0,2074690,NEXUS_TURRET,BUILDING_KILL
0.0,TOWER_BUILDING,2160664,7587157805,1.0,MID_LANE,11134.0,11207.0,200.0,2147582,BASE_TURRET,BUILDING_KILL
0.0,INHIBITOR_BUILDING,2280694,7587157805,1.0,MID_LANE,11593.0,11669.0,200.0,2229195,,BUILDING_KILL
0.0,INHIBITOR_BUILDING,2400736,7587157805,1.0,TOP_LANE,11275.0,13663.0,200.0,2345168,,BUILDING_KILL
0.0,INHIBITOR_BUILDING,2460743,7587157805,1.0,BOT_LANE,13594.0,11319.0,200.0,2431995,,BUILDING_KILL
0.0,TOWER_BUILDING,2580776,7587157805,1.0,MID_LANE,13052.0,12612.0,200.0,2568273,NEXUS_TURRET,BUILDING_KILL
0.0,TOWER_BUILDING,2580776,7587157805,1.0,MID_LANE,12611.0,13084.0,200.0,2571412,NEXUS_TURRET,BUILDING_KILL
0.0,TOWER_BUILDING,2760855,7587157805,9.0,MID_LANE,3651.0,3696.0,100.0,2750121,BASE_TURRET,BUILDING_KILL
0.0,INHIBITOR_BUILDING,3000904,7587157805,4.0,BOT_LANE,13594.0,11319.0,200.0,2981664,,BUILDING_KILL
0.0,INHIBITOR_BUILDING,3000904,7587157805,10.0,MID_LANE,3210.0,3217.0,100.0,2984474,,BUILDING_KILL
0.0,TOWER_BUILDING,3000904,7587157805,8.0,MID_LANE,1748.0,2270.0,100.0,2991219,NEXUS_TURRET,BUILDING_KILL
0.0,TOWER_BUILDING,3000904,7587157805,9.0,MID_LANE,2177.0,1807.0,100.0,2993423,NEXUS_TURRET,BUILDING_KILL
0.0,TOWER_BUILDING,840348,7587276388,6.0,TOP_LANE,981.0,10441.0,100.0,826433,OUTER_TURRET,BUILDING_KILL
0.0,TOWER_BUILDING,900363,7587276388,4.0,BOT_LANE,13866.0,4505.0,200.0,845060,OUTER_TURRET,BUILDING_KILL
0.0,TOWER_BUILDING,900363,7587276388,6.0,TOP_LANE,1512.0,6699.0,100.0,852942,INNER_TURRET,BUILDING_KILL
0.0,TOWER_BUILDING,960391,7587276388,4.0,MID_LANE,8955.0,8510.0,200.0,915107,OUTER_TURRET,BUILDING_KILL
0.0,TOWER_BUILDING,1140420,7587276388,4.0,BOT_LANE,13327.0,8226.0,200.0,1139537,INNER_TURRET,BUILDING_KILL
0.0,TOWER_BUILDING,1260460,7587276388,9.0,MID_LANE,5846.0,6396.0,100.0,1249896,OUTER_TURRET,BUILDING_KILL
0.0,TOWER_BUILDING,1260460,7587276388,3.0,TOP_LANE,4318.0,13875.0,200.0,1252735,OUTER_TURRET,BUILDING_KILL
0.0,TOWER_BUILDING,1260460,7587276388,6.0,BOT_LANE,10504.0,1029.0,100.0,1257491,OUTER_TURRET,BUILDING_KILL
0.0,TOWER_BUILDING,1380488,7587276388,4.0,MID_LANE,9767.0,10113.0,200.0,1334192,INNER_TURRET,BUILDING_KILL
0.0,TOWER_BUILDING,1380488,7587276388,4.0,MID_LANE,11134.0,11207.0,200.0,1344080,BASE_TURRET,BUILDING_KILL
0.0,INHIBITOR_BUILDING,1380488,7587276388,5.0,MID_LANE,11593.0,11669.0,200.0,1372668,,BUILDING_KILL
0.0,TOWER_BUILDING,1388036,7587276388,4.0,MID_LANE,13052.0,12612.0,200.0,1381556,NEXUS_TURRET,BUILDING_KILL
0.0,TOWER_BUILDING,954824,7585902136,9.0,BOT_LANE,10504.0,1029.0,100.0,919976,OUTER_TURRET,BUILDING_KILL
0.0,TOWER_BUILDING,780319,7587333126,1.0,TOP_LANE,4318.0,13875.0,200.0,739148,OUTER_TURRET,BUILDING_KILL
0.0,TOWER_BUILDING,840337,7587333126,3.0,BOT_LANE,13866.0,4505.0,200.0,815433,OUTER_TURRET,BUILDING_KILL
0.0,TOWER_BUILDING,960377,7587333126,3.0,BOT_LANE,13327.0,8226.0,200.0,907694,INNER_TURRET,BUILDING_KILL
0.0,TOWER_BUILDING,960377,7587333126,4.0,MID_LANE,8955.0,8510.0,200.0,926263,OUTER_TURRET,BUILDING_KILL
0.0,TOWER_BUILDING,1080427,7587333126,1.0,BOT_LANE,13624.0,10572.0,200.0,1036952,BASE_TURRET,BUILDING_KILL
0.0,INHIBITOR_BUILDING,1080427,7587333126,1.0,BOT_LANE,13594.0,11319.0,200.0,1047495,,BUILDING_KILL
0.0,TOWER_BUILDING,1080427,7587333126,3.0,TOP_LANE,7943.0,13411.0,200.0,1055527,INNER_TURRET,BUILDING_KILL
0.0,TOWER_BUILDING,720140,7587389335,4.0,BOT_LANE,13866.0,4505.0,200.0,695618,OUTER_TURRET,BUILDING_KILL
0.0,TOWER_BUILDING,1080332,7587389335,4.0,TOP_LANE,4318.0,13875.0,200.0,1048500,OUTER_TURRET,BUILDING_KILL
0.0,TOWER_BUILDING,1140349,7587389335,4.0,MID_LANE,8955.0,8510.0,200.0,1106657,OUTER_TURRET,BUILDING_KILL
0.0,TOWER_BUILDING,1140349,7587389335,4.0,MID_LANE,9767.0,10113.0,200.0,1122706,INNER_TURRET,BUILDING_KILL
0.0,TOWER_BUILDING,1140349,7587389335,8.0,BOT_LANE,10504.0,1029.0,100.0,1131723,OUTER_TURRET,BUILDING_KILL
0.0,TOWER_BUILDING,1200355,7587389335,6.0,TOP_LANE,981.0,10441.0,100.0,1186884,OUTER_TURRET,BUILDING_KILL
0.0,TOWER_BUILDING,1260366,7587389335,9.0,MID_LANE,5846.0,6396.0,100.0,1228216,OUTER_TURRET,BUILDING_KILL
0.0,TOWER_BUILDING,1440402,7587389335,4.0,BOT_LANE,13327.0,8226.0,200.0,1398989,INNER_TURRET,BUILDING_KILL
0.0,TOWER_BUILDING,1440402,7587389335,4.0,BOT_LANE,13624.0,10572.0,200.0,1427167,BASE_TURRET,BUILDING_KILL
0.0,TOWER_BUILDING,1560434,7587389335,4.0,MID_LANE,11134.0,11207.0,200.0,1541416,BASE_TURRET,BUILDING_KILL
0.0,INHIBITOR_BUILDING,1560434,7587389335,4.0,MID_LANE,11593.0,11669.0,200.0,1549432,,BUILDING_KILL
0.0,TOWER_BUILDING,1620442,7587389335,2.0,TOP_LANE,7943.0,13411.0,200.0,1568708,INNER_TURRET,BUILDING_KILL
0.0,TOWER_BUILDING,1620442,7587389335,4.0,TOP_LANE,10481.0,13650.0,200.0,1580529,BASE_TURRET,BUILDING_KILL
0.0,INHIBITOR_BUILDING,1620442,7587389335,4.0,TOP_LANE,11275.0,13663.0,200.0,1589646,,BUILDING_KILL
0.0,TOWER_BUILDING,1620442,7587389335,3.0,MID_LANE,13052.0,12612.0,200.0,1616479,NEXUS_TURRET,BUILDING_KILL
0.0,TOWER_BUILDING,1620442,7587389335,2.0,MID_LANE,12611.0,13084.0,200.0,1618350,NEXUS_TURRET,BUILDING_KILL
0.0,TOWER_BUILDING,840308,7586601364,1.0,TOP_LANE,4318.0,13875.0,200.0,800402,OUTER_TURRET,BUILDING_KILL
0.0,TOWER_BUILDING,960317,7586601364,8.0,BOT_LANE,10504.0,1029.0,100.0,947388,OUTER_TURRET,BUILDING_KILL
0.0,TOWER_BUILDING,1080343,7586601364,6.0,TOP_LANE,981.0,10441.0,100.0,1021273,OUTER_TURRET,BUILDING_KILL
0.0,TOWER_BUILDING,1260402,7586601364,6.0,BOT_LANE,6919.0,1483.0,100.0,1236208,INNER_TURRET,BUILDING_KILL
0.0,TOWER_BUILDING,1320420,7586601364,6.0,BOT_LANE,4281.0,1253.0,100.0,1263910,BASE_TURRET,BUILDING_KILL
0.0,TOWER_BUILDING,1320420,7586601364,2.0,MID_LANE,8955.0,8510.0,200.0,1273596,OUTER_TURRET,BUILDING_KILL
0.0,TOWER_BUILDING,1440454,7586601364,1.0,BOT_LANE,13866.0,4505.0,200.0,1440388,OUTER_TURRET,BUILDING_KILL
0.0,TOWER_BUILDING,1500455,7586601364,4.0,MID_LANE,9767.0,10113.0,200.0,1449790,INNER_TURRET,BUILDING_KILL
0.0,TOWER_BUILDING,1500455,7586601364,6.0,TOP_LANE,1512.0,6699.0,100.0,1466442,INNER_TURRET,BUILDING_KILL
0.0,TOWER_BUILDING,1620494,7586601364,9.0,MID_LANE,5846.0,6396.0,100.0,1598359,OUTER_TURRET,BUILDING_KILL
0.0,TOWER_BUILDING,1740531,7586601364,4.0,MID_LANE,11134.0,11207.0,200.0,1719316,BASE_TURRET,BUILDING_KILL
0.0,INHIBITOR_BUILDING,1740531,7586601364,4.0,MID_LANE,11593.0,11669.0,200.0,1723382,,BUILDING_KILL
0.0,TOWER_BUILDING,1740531,7586601364,3.0,MID_LANE,13052.0,12612.0,200.0,1736864,NEXUS_TURRET,BUILDING_KILL
0.0,TOWER_BUILDING,1790578,7586601364,5.0,MID_LANE,12611.0,13084.0,200.0,1778739,NEXUS_TURRET,BUILDING_KILL
0.0,TOWER_BUILDING,900353,7586858202,8.0,BOT_LANE,10504.0,1029.0,100.0,895690,OUTER_TURRET,BUILDING_KILL
0.0,TOWER_BUILDING,960372,7586858202,10.0,MID_LANE,5846.0,6396.0,100.0,905998,OUTER_TURRET,BUILDING_KILL
0.0,TOWER_BUILDING,960372,7586858202,1.0,TOP_LANE,4318.0,13875.0,200.0,944241,OUTER_TURRET,BUILDING_KILL
0.0,TOWER_BUILDING,960350,7586598034,5.0,TOP_LANE,4318.0,13875.0,200.0,919918,OUTER_TURRET,BUILDING_KILL
0.0,TOWER_BUILDING,1020356,7586598034,9.0,BOT_LANE,10504.0,1029.0,100.0,961485,OUTER_TURRET,BUILDING_KILL
0.0,TOWER_BUILDING,1260451,7586598034,9.0,MID_LANE,5846.0,6396.0,100.0,1243063,OUTER_TURRET,BUILDING_KILL
0.0,TOWER_BUILDING,1320457,7586598034,5.0,BOT_LANE,13866.0,4505.0,200.0,1293504,OUTER_TURRET,BUILDING_KILL
0.0,TOWER_BUILDING,1320457,7586598034,2.0,MID_LANE,8955.0,8510.0,200.0,1294907,OUTER_TURRET,BUILDING_KILL
0.0,TOWER_BUILDING,1320457,7586598034,4.0,BOT_LANE,13327.0,8226.0,200.0,1311573,INNER_TURRET,BUILDING_KILL
0.0,TOWER_BUILDING,1320457,7586598034,8.0,TOP_LANE,981.0,10441.0,100.0,1314412,OUTER_TURRET,BUILDING_KILL
0.0,TOWER_BUILDING,1440487,7586598034,4.0,MID_LANE,9767.0,10113.0,200.0,1391487,INNER_TURRET,BUILDING_KILL
0.0,TOWER_BUILDING,1440487,7586598034,2.0,MID_LANE,11134.0,11207.0,200.0,1405704,BASE_TURRET,BUILDING_KILL
0.0,TOWER_BUILDING,1800528,7586598034,9.0,MID_LANE,5048.0,4812.0,100.0,1758723,INNER_TURRET,BUILDING_KILL
0.0,TOWER_BUILDING,720286,7586518668,2.0,TOP_LANE,4318.0,13875.0,200.0,666124,OUTER_TURRET,BUILDING_KILL
0.0,TOWER_BUILDING,780306,7586518668,6.0,TOP_LANE,981.0,10441.0,100.0,767473,OUTER_TURRET,BUILDING_KILL
0.0,TOWER_BUILDING,840313,7586518668,4.0,BOT_LANE,13866.0,4505.0,200.0,806172,OUTER_TURRET,BUILDING_KILL
0.0,TOWER_BUILDING,900342,7586518668,9.0,MID_LANE,5846.0,6396.0,100.0,845333,OUTER_TURRET,BUILDING_KILL
0.0,TOWER_BUILDING,900342,7586518668,9.0,BOT_LANE,10504.0,1029.0,100.0,894552,OUTER_TURRET,BUILDING_KILL
0.0,TOWER_BUILDING,900367,7586999470,10.0,BOT_LANE,10504.0,1029.0,100.0,864945,OUTER_TURRET,BUILDING_KILL
0.0,TOWER_BUILDING,1020400,7586999470,3.0,BOT_LANE,13866.0,4505.0,200.0,977647,OUTER_TURRET,BUILDING_KILL
0.0,TOWER_BUILDING,1080410,7586999470,9.0,MID_LANE,5846.0,6396.0,100.0,1028527,OUTER_TURRET,BUILDING_KILL
0.0,TOWER_BUILDING,1200433,7586999470,9.0,TOP_LANE,981.0,10441.0,100.0,1180411,OUTER_TURRET,BUILDING_KILL
0.0,TOWER_BUILDING,1320439,7586999470,9.0,MID_LANE,5048.0,4812.0,100.0,1271059,INNER_TURRET,BUILDING_KILL
0.0,TOWER_BUILDING,1320439,7586999470,10.0,BOT_LANE,6919.0,1483.0,100.0,1304773,INNER_TURRET,BUILDING_KILL
0.0,TOWER_BUILDING,1500484,7586999470,10.0,MID_LANE,3651.0,3696.0,100.0,1482075,BASE_TURRET,BUILDING_KILL
0.0,INHIBITOR_BUILDING,1500484,7586999470,9.0,MID_LANE,3210.0,3217.0,100.0,1492989,,BUILDING_KILL
0.0,TOWER_BUILDING,1552073,7586999470,6.0,TOP_LANE,1512.0,6699.0,100.0,1501754,INNER_TURRET,BUILDING_KILL
0.0,TOWER_BUILDING,720262,7586184010,9.0,BOT_LANE,10504.0,1029.0,100.0,686312,OUTER_TURRET,BUILDING_KILL
0.0,TOWER_BUILDING,840321,7586184010,10.0,MID_LANE,5846.0,6396.0,100.0,832973,OUTER_TURRET,BUILDING_KILL
0.0,TOWER_BUILDING,960350,7586184010,6.0,TOP_LANE,981.0,10441.0,100.0,952400,OUTER_TURRET,BUILDING_KILL
0.0,TOWER_BUILDING,1080403,7586184010,10.0,MID_LANE,5048.0,4812.0,100.0,1046617,INNER_TURRET,BUILDING_KILL
0.0,TOWER_BUILDING,1080403,7586184010,9.0,MID_LANE,3651.0,3696.0,100.0,1060737,BASE_TURRET,BUILDING_KILL
0.0,TOWER_BUILDING,1200462,7586184010,9.0,BOT_LANE,6919.0,1483.0,100.0,1173789,INNER_TURRET,BUILDING_KILL
250.0,TOWER_BUILDING,1260474,7586184010,3.0,TOP_LANE,4318.0,13875.0,200.0,1252172,OUTER_TURRET,BUILDING_KILL
250.0,TOWER_BUILDING,1320505,7586184010,4.0,MID_LANE,8955.0,8510.0,200.0,1269458,OUTER_TURRET,BUILDING_KILL
0.0,TOWER_BUILDING,1380529,7586184010,9.0,TOP_LANE,1512.0,6699.0,100.0,1376945,INNER_TURRET,BUILDING_KILL
0.0,INHIBITOR_BUILDING,1440550,7586184010,8.0,MID_LANE,3210.0,3217.0,100.0,1385813,,BUILDING_KILL
0.0,TOWER_BUILDING,1620612,7586184010,7.0,TOP_LANE,1169.0,4287.0,100.0,1592132,BASE_TURRET,BUILDING_KILL
0.0,INHIBITOR_BUILDING,1620612,7586184010,10.0,TOP_LANE,1172.0,3583.0,100.0,1595540,,BUILDING_KILL
0.0,TOWER_BUILDING,1620612,7586184010,9.0,MID_LANE,1748.0,2270.0,100.0,1604862,NEXUS_TURRET,BUILDING_KILL
0.0,TOWER_BUILDING,1620612,7586184010,10.0,MID_LANE,2177.0,1807.0,100.0,1609707,NEXUS_TURRET,BUILDING_KILL
0.0,TOWER_BUILDING,900278,7585897716,4.0,MID_LANE,8955.0,8510.0,200.0,851967,OUTER_TURRET,BUILDING_KILL
0.0,TOWER_BUILDING,1020301,7585897716,3.0,BOT_LANE,13866.0,4505.0,200.0,983352,OUTER_TURRET,BUILDING_KILL
0.0,TOWER_BUILDING,1080330,7585897716,9.0,TOP_LANE,981.0,10441.0,100.0,1067326,OUTER_TURRET,BUILDING_KILL
0.0,TOWER_BUILDING,1140340,7585897716,1.0,TOP_LANE,4318.0,13875.0,200.0,1105696,OUTER_TURRET,BUILDING_KILL
0.0,TOWER_BUILDING,1380399,7585897716,1.0,TOP_LANE,7943.0,13411.0,200.0,1358224,INNER_TURRET,BUILDING_KILL
0.0,TOWER_BUILDING,1380399,7585897716,1.0,TOP_LANE,10481.0,13650.0,200.0,1377328,BASE_TURRET,BUILDING_KILL
0.0,TOWER_BUILDING,1440429,7585897716,8.0,BOT_LANE,10504.0,1029.0,100.0,1428445,OUTER_TURRET,BUILDING_KILL
0.0,TOWER_BUILDING,1440429,7585897716,9.0,MID_LANE,5846.0,6396.0,100.0,1429781,OUTER_TURRET,BUILDING_KILL
0.0,TOWER_BUILDING,1620494,7585897716,1.0,BOT_LANE,13327.0,8226.0,200.0,1573345,INNER_TURRET,BUILDING_KILL
0.0,TOWER_BUILDING,1620494,7585897716,1.0,BOT_LANE,13624.0,10572.0,200.0,1592471,BASE_TURRET,BUILDING_KILL
0.0,INHIBITOR_BUILDING,1620494,7585897716,1.0,BOT_LANE,13594.0,11319.0,200.0,1600673,,BUILDING_KILL
0.0,TOWER_BUILDING,1620494,7585897716,1.0,MID_LANE,13052.0,12612.0,200.0,1613458,NEXUS_TURRET,BUILDING_KILL
0.0,TOWER_BUILDING,1639771,7585897716,1.0,MID_LANE,12611.0,13084.0,200.0,1626639,NEXUS_TURRET,BUILDING_KILL
0.0,TOWER_BUILDING,900361,7587548536,9.0,BOT_LANE,10504.0,1029.0,100.0,866305,OUTER_TURRET,BUILDING_KILL
0.0,TOWER_BUILDING,960371,7587548536,7.0,MID_LANE,5846.0,6396.0,100.0,918275,OUTER_TURRET,BUILDING_KILL
0.0,TOWER_BUILDING,960371,7587548536,6.0,TOP_LANE,981.0,10441.0,100.0,932530,OUTER_TURRET,BUILDING_KILL
0.0,TOWER_BUILDING,960371,7587548536,4.0,MID_LANE,8955.0,8510.0,200.0,952590,OUTER_TURRET,BUILDING_KILL
0.0,TOWER_BUILDING,1020379,7587548536,3.0,BOT_LANE,13866.0,4505.0,200.0,962547,OUTER_TURRET,BUILDING_KILL
0.0,TOWER_BUILDING,1080395,7587548536,6.0,BOT_LANE,6919.0,1483.0,100.0,1064057,INNER_TURRET,BUILDING_KILL
0.0,TOWER_BUILDING,1080395,7587548536,9.0,MID_LANE,5048.0,4812.0,100.0,1074543,INNER_TURRET,BUILDING_KILL
0.0,TOWER_BUILDING,1200407,7587548536,3.0,TOP_LANE,4318.0,13875.0,200.0,1163114,OUTER_TURRET,BUILDING_KILL
0.0,TOWER_BUILDING,1260418,7587548536,4.0,MID_LANE,9767.0,10113.0,200.0,1246330,INNER_TURRET,BUILDING_KILL
0.0,TOWER_BUILDING,1620528,7587548536,6.0,BOT_LANE,4281.0,1253.0,100.0,1563664,BASE_TURRET,BUILDING_KILL
0.0,INHIBITOR_BUILDING,1620528,7587548536,6.0,BOT_LANE,3468.0,1230.0,100.0,1568773,,BUILDING_KILL
0.0,TOWER_BUILDING,1860600,7587548536,8.0,MID_LANE,2177.0,1807.0,100.0,1837860,NEXUS_TURRET,BUILDING_KILL
0.0,TOWER_BUILDING,2040613,7587548536,7.0,TOP_LANE,1512.0,6699.0,100.0,1997571,INNER_TURRET,BUILDING_KILL
320.0,TOWER_BUILDING,2040613,7587548536,4.0,BOT_LANE,13327.0,8226.0,200.0,2022270,INNER_TURRET,BUILDING_KILL
0.0,INHIBITOR_BUILDING,2160643,7587548536,7.0,BOT_LANE,3468.0,1230.0,100.0,2101638,,BUILDING_KILL
0.0,TOWER_BUILDING,2160643,7587548536,9.0,MID_LANE,3651.0,3696.0,100.0,2106113,BASE_TURRET,BUILDING_KILL
0.0,INHIBITOR_BUILDING,2160643,7587548536,8.0,MID_LANE,3210.0,3217.0,100.0,2110566,,BUILDING_KILL
0.0,TOWER_BUILDING,2460705,7587548536,6.0,TOP_LANE,1169.0,4287.0,100.0,2412368,BASE_TURRET,BUILDING_KILL
0.0,TOWER_BUILDING,720227,7586691718,9.0,BOT_LANE,10504.0,1029.0,100.0,713328,OUTER_TURRET,BUILDING_KILL
0.0,TOWER_BUILDING,900256,7586691718,9.0,MID_LANE,5846.0,6396.0,100.0,851251,OUTER_TURRET,BUILDING_KILL
0.0,TOWER_BUILDING,1020266,7586691718,0.0,TOP_LANE,981.0,10441.0,100.0,1002487,OUTER_TURRET,BUILDING_KILL
0.0,TOWER_BUILDING,1140297,7586691718,9.0,MID_LANE,5048.0,4812.0,100.0,1131683,INNER_TURRET,BUILDING_KILL
0.0,TOWER_BUILDING,1200329,7586691718,7.0,BOT_LANE,6919.0,1483.0,100.0,1152465,INNER_TURRET,BUILDING_KILL
250.0,TOWER_BUILDING,1200329,7586691718,2.0,TOP_LANE,4318.0,13875.0,200.0,1156005,OUTER_TURRET,BUILDING_KILL
0.0,TOWER_BUILDING,1200329,7586691718,10.0,BOT_LANE,4281.0,1253.0,100.0,1164518,BASE_TURRET,BUILDING_KILL
0.0,INHIBITOR_BUILDING,1200329,7586691718,9.0,BOT_LANE,3468.0,1230.0,100.0,1171420,,BUILDING_KILL
0.0,TOWER_BUILDING,1320357,7586691718,1.0,MID_LANE,8955.0,8510.0,200.0,1264854,OUTER_TURRET,BUILDING_KILL
0.0,TOWER_BUILDING,1380366,7586691718,8.0,TOP_LANE,1512.0,6699.0,100.0,1343410,INNER_TURRET,BUILDING_KILL
0.0,TOWER_BUILDING,1860232,7586691718,9.0,MID_LANE,3651.0,3696.0,100.0,1847900,BASE_TURRET,BUILDING_KILL
0.0,INHIBITOR_BUILDING,1860232,7586691718,7.0,MID_LANE,3210.0,3217.0,100.0,1851140,,BUILDING_KILL
0.0,TOWER_BUILDING,840306,7587412927,6.0,BOT_LANE,10504.0,1029.0,100.0,809142,OUTER_TURRET,BUILDING_KILL
0.0,TOWER_BUILDING,840306,7587412927,4.0,TOP_LANE,4318.0,13875.0,200.0,838002,OUTER_TURRET,BUILDING_KILL
0.0,TOWER_BUILDING,900336,7587412927,1.0,BOT_LANE,13866.0,4505.0,200.0,849490,OUTER_TURRET,BUILDING_KILL
0.0,TOWER_BUILDING,1200454,7587412927,4.0,MID_LANE,8955.0,8510.0,200.0,1160222,OUTER_TURRET,BUILDING_KILL
0.0,TOWER_BUILDING,1200454,7587412927,3.0,MID_LANE,9767.0,10113.0,200.0,1196848,INNER_TURRET,BUILDING_KILL
0.0,TOWER_BUILDING,1320483,7587412927,1.0,TOP_LANE,7943.0,13411.0,200.0,1306458,INNER_TURRET,BUILDING_KILL
0.0,TOWER_BUILDING,1440525,7587412927,4.0,BOT_LANE,13327.0,8226.0,200.0,1404277,INNER_TURRET,BUILDING_KILL
0.0,TOWER_BUILDING,1800631,7587412927,1.0,MID_LANE,11134.0,11207.0,200.0,1756383,BASE_TURRET,BUILDING_KILL
0.0,INHIBITOR_BUILDING,1800631,7587412927,3.0,MID_LANE,11593.0,11669.0,200.0,1770573,,BUILDING_KILL
0.0,TOWER_BUILDING,1800631,7587412927,1.0,MID_LANE,13052.0,12612.0,200.0,1791063,NEXUS_TURRET,BUILDING_KILL
0.0,TOWER_BUILDING,1800631,7587412927,1.0,MID_LANE,12611.0,13084.0,200.0,1792449,NEXUS_TURRET,BUILDING_KILL
0.0,TOWER_BUILDING,780319,7587498625,2.0,TOP_LANE,4318.0,13875.0,200.0,752692,OUTER_TURRET,BUILDING_KILL
0.0,TOWER_BUILDING,960393,7587498625,7.0,BOT_LANE,10504.0,1029.0,100.0,938946,OUTER_TURRET,BUILDING_KILL
0.0,TOWER_BUILDING,960393,7587498625,2.0,MID_LANE,8955.0,8510.0,200.0,947843,OUTER_TURRET,BUILDING_KILL
0.0,TOWER_BUILDING,1080445,7587498625,5.0,BOT_LANE,13866.0,4505.0,200.0,1037072,OUTER_TURRET,BUILDING_KILL
0.0,TOWER_BUILDING,1200485,7587498625,6.0,TOP_LANE,981.0,10441.0,100.0,1188964,OUTER_TURRET,BUILDING_KILL
0.0,TOWER_BUILDING,1380512,7587498625,9.0,MID_LANE,5846.0,6396.0,100.0,1329481,OUTER_TURRET,BUILDING_KILL
0.0,TOWER_BUILDING,1680581,7587498625,6.0,TOP_LANE,1512.0,6699.0,100.0,1644008,INNER_TURRET,BUILDING_KILL
0.0,TOWER_BUILDING,1680581,7587498625,7.0,MID_LANE,5048.0,4812.0,100.0,1658483,INNER_TURRET,BUILDING_KILL
0.0,TOWER_BUILDING,1680581,7587498625,6.0,TOP_LANE,1169.0,4287.0,100.0,1659752,BASE_TURRET,BUILDING_KILL
0.0,TOWER_BUILDING,1680581,7587498625,8.0,MID_LANE,3651.0,3696.0,100.0,1668465,BASE_TURRET,BUILDING_KILL
0.0,INHIBITOR_BUILDING,1680581,7587498625,8.0,MID_LANE,3210.0,3217.0,100.0,1672406,,BUILDING_KILL
0.0,INHIBITOR_BUILDING,1680581,7587498625,7.0,TOP_LANE,1172.0,3583.0,100.0,1678711,,BUILDING_KILL
0.0,TOWER_BUILDING,1800597,7587498625,10.0,BOT_LANE,6919.0,1483.0,100.0,1762106,INNER_TURRET,BUILDING_KILL
0.0,TOWER_BUILDING,1800597,7587498625,6.0,BOT_LANE,4281.0,1253.0,100.0,1772149,BASE_TURRET,BUILDING_KILL
0.0,INHIBITOR_BUILDING,1800597,7587498625,10.0,BOT_LANE,3468.0,1230.0,100.0,1777639,,BUILDING_KILL
0.0,TOWER_BUILDING,1800597,7587498625,7.0,MID_LANE,1748.0,2270.0,100.0,1797458,NEXUS_TURRET,BUILDING_KILL
0.0,TOWER_BUILDING,1800597,7587498625,10.0,MID_LANE,2177.0,1807.0,100.0,1798427,NEXUS_TURRET,BUILDING_KILL
0.0,TOWER_BUILDING,660277,7585980136,1.0,TOP_LANE,4318.0,13875.0,200.0,619845,OUTER_TURRET,BUILDING_KILL
0.0,TOWER_BUILDING,840314,7585980136,1.0,MID_LANE,8955.0,8510.0,200.0,798434,OUTER_TURRET,BUILDING_KILL
0.0,TOWER_BUILDING,900317,7585980136,4.0,BOT_LANE,13866.0,4505.0,200.0,853082,OUTER_TURRET,BUILDING_KILL
0.0,TOWER_BUILDING,960338,7585980136,1.0,BOT_LANE,13327.0,8226.0,200.0,943354,INNER_TURRET,BUILDING_KILL
0.0,TOWER_BUILDING,1140408,7585980136,2.0,MID_LANE,9767.0,10113.0,200.0,1109102,INNER_TURRET,BUILDING_KILL
0.0,TOWER_BUILDING,1140408,7585980136,5.0,MID_LANE,11134.0,11207.0,200.0,1120737,BASE_TURRET,BUILDING_KILL
0.0,INHIBITOR_BUILDING,1200412,7585980136,2.0,MID_LANE,11593.0,11669.0,200.0,1140854,,BUILDING_KILL
0.0,TOWER_BUILDING,1200412,7585980136,2.0,MID_LANE,13052.0,12612.0,200.0,1164668,NEXUS_TURRET,BUILDING_KILL
0.0,TOWER_BUILDING,1337935,7585980136,1.0,BOT_LANE,13624.0,10572.0,200.0,1323337,BASE_TURRET,BUILDING_KILL
0.0,TOWER_BUILDING,1337935,7585980136,2.0,MID_LANE,12611.0,13084.0,200.0,1324443,NEXUS_TURRET,BUILDING_KILL
0.0,TOWER_BUILDING,960386,7586334537,1.0,TOP_LANE,4318.0,13875.0,200.0,924955,OUTER_TURRET,BUILDING_KILL
0.0,TOWER_BUILDING,1020398,7586334537,0.0,MID_LANE,8955.0,8510.0,200.0,969764,OUTER_TURRET,BUILDING_KILL
0.0,TOWER_BUILDING,1080427,7586334537,1.0,MID_LANE,9767.0,10113.0,200.0,1063421,INNER_TURRET,BUILDING_KILL
0.0,TOWER_BUILDING,1080427,7586334537,2.0,BOT_LANE,13866.0,4505.0,200.0,1063421,OUTER_TURRET,BUILDING_KILL
0.0,TOWER_BUILDING,1320496,7586334537,2.0,MID_LANE,11134.0,11207.0,200.0,1282672,BASE_TURRET,BUILDING_KILL
0.0,INHIBITOR_BUILDING,1320496,7586334537,5.0,MID_LANE,11593.0,11669.0,200.0,1288817,,BUILDING_KILL
250.0,TOWER_BUILDING,1380524,7586334537,6.0,BOT_LANE,10504.0,1029.0,100.0,1342675,OUTER_TURRET,BUILDING_KILL
0.0,TOWER_BUILDING,1500549,7586334537,4.0,BOT_LANE,13327.0,8226.0,200.0,1456039,INNER_TURRET,BUILDING_KILL
0.0,TOWER_BUILDING,1500549,7586334537,1.0,BOT_LANE,13624.0,10572.0,200.0,1468854,BASE_TURRET,BUILDING_KILL
300.0,TOWER_BUILDING,1500549,7586334537,6.0,TOP_LANE,981.0,10441.0,100.0,1470424,OUTER_TURRET,BUILDING_KILL
0.0,INHIBITOR_BUILDING,1500549,7586334537,2.0,BOT_LANE,13594.0,11319.0,200.0,1473429,,BUILDING_KILL
0.0,TOWER_BUILDING,1500549,7586334537,4.0,MID_LANE,13052.0,12612.0,200.0,1489497,NEXUS_TURRET,BUILDING_KILL
0.0,TOWER_BUILDING,1500549,7586334537,4.0,MID_LANE,12611.0,13084.0,200.0,1500012,NEXUS_TURRET,BUILDING_KILL
0.0,TOWER_BUILDING,960340,7587369929,0.0,BOT_LANE,10504.0,1029.0,100.0,931332,OUTER_TURRET,BUILDING_KILL
0.0,TOWER_BUILDING,960340,7587369929,9.0,MID_LANE,5846.0,6396.0,100.0,948270,OUTER_TURRET,BUILDING_KILL
0.0,TOWER_BUILDING,1020359,7587369929,0.0,TOP_LANE,981.0,10441.0,100.0,1003670,OUTER_TURRET,BUILDING_KILL
0.0,TOWER_BUILDING,1140374,7587369929,1.0,TOP_LANE,4318.0,13875.0,200.0,1138071,OUTER_TURRET,BUILDING_KILL
0.0,TOWER_BUILDING,1260401,7587369929,4.0,BOT_LANE,13866.0,4505.0,200.0,1200526,OUTER_TURRET,BUILDING_KILL
0.0,TOWER_BUILDING,1260401,7587369929,0.0,MID_LANE,8955.0,8510.0,200.0,1219183,OUTER_TURRET,BUILDING_KILL
0.0,TOWER_BUILDING,1320404,7587369929,6.0,TOP_LANE,1512.0,6699.0,100.0,1309668,INNER_TURRET,BUILDING_KILL
0.0,TOWER_BUILDING,1380415,7587369929,2.0,MID_LANE,9767.0,10113.0,200.0,1355321,INNER_TURRET,BUILDING_KILL
0.0,TOWER_BUILDING,1380415,7587369929,1.0,TOP_LANE,7943.0,13411.0,200.0,1371552,INNER_TURRET,BUILDING_KILL
0.0,TOWER_BUILDING,1560492,7587369929,9.0,MID_LANE,5048.0,4812.0,100.0,1509929,INNER_TURRET,BUILDING_KILL
0.0,TOWER_BUILDING,1800561,7587369929,6.0,BOT_LANE,6919.0,1483.0,100.0,1740649,INNER_TURRET,BUILDING_KILL
0.0,TOWER_BUILDING,1800561,7587369929,6.0,BOT_LANE,4281.0,1253.0,100.0,1752940,BASE_TURRET,BUILDING_KILL
0.0,INHIBITOR_BUILDING,1800561,7587369929,6.0,BOT_LANE,3468.0,1230.0,100.0,1773831,,BUILDING_KILL
0.0,TOWER_BUILDING,720250,7587523714,2.0,TOP_LANE,4318.0,13875.0,200.0,716577,OUTER_TURRET,BUILDING_KILL
0.0,TOWER_BUILDING,900278,7587523714,3.0,BOT_LANE,13866.0,4505.0,200.0,886908,OUTER_TURRET,BUILDING_KILL
0.0,TOWER_BUILDING,960294,7587523714,1.0,TOP_LANE,7943.0,13411.0,200.0,914649,INNER_TURRET,BUILDING_KILL
0.0,TOWER_BUILDING,1020325,7587523714,8.0,BOT_LANE,10504.0,1029.0,100.0,978447,OUTER_TURRET,BUILDING_KILL
0.0,TOWER_BUILDING,1020325,7587523714,2.0,MID_LANE,8955.0,8510.0,200.0,1011290,OUTER_TURRET,BUILDING_KILL
0.0,TOWER_BUILDING,1080353,7587523714,7.0,BOT_LANE,6919.0,1483.0,100.0,1021527,INNER_TURRET,BUILDING_KILL
0.0,TOWER_BUILDING,1080353,7587523714,4.0,MID_LANE,9767.0,10113.0,200.0,1027906,INNER_TURRET,BUILDING_KILL
0.0,TOWER_BUILDING,1200382,7587523714,8.0,TOP_LANE,981.0,10441.0,100.0,1154479,OUTER_TURRET,BUILDING_KILL
0.0,TOWER_BUILDING,1200382,7587523714,1.0,BOT_LANE,13327.0,8226.0,200.0,1170642,INNER_TURRET,BUILDING_KILL
0.0,TOWER_BUILDING,1200382,7587523714,8.0,TOP_LANE,1512.0,6699.0,100.0,1173790,INNER_TURRET,BUILDING_KILL
0.0,TOWER_BUILDING,1200382,7587523714,2.0,BOT_LANE,13624.0,10572.0,200.0,1185245,BASE_TURRET,BUILDING_KILL
0.0,TOWER_BUILDING,1440446,7587523714,8.0,MID_LANE,5846.0,6396.0,100.0,1419795,OUTER_TURRET,BUILDING_KILL
0.0,TOWER_BUILDING,1680513,7587523714,2.0,MID_LANE,11134.0,11207.0,200.0,1662523,BASE_TURRET,BUILDING_KILL
0.0,TOWER_BUILDING,1720617,7587523714,1.0,TOP_LANE,10481.0,13650.0,200.0,1685531,BASE_TURRET,BUILDING_KILL
0.0,INHIBITOR_BUILDING,1720617,7587523714,2.0,MID_LANE,11593.0,11669.0,200.0,1693920,,BUILDING_KILL
0.0,TOWER_BUILDING,1720617,7587523714,1.0,MID_LANE,13052.0,12612.0,200.0,1709115,NEXUS_TURRET,BUILDING_KILL
0.0,INHIBITOR_BUILDING,1720617,7587523714,3.0,TOP_LANE,11275.0,13663.0,200.0,1710250,,BUILDING_KILL
0.0,TOWER_BUILDING,1720617,7587523714,1.0,MID_LANE,12611.0,13084.0,200.0,1712621,NEXUS_TURRET,BUILDING_KILL
0.0,TOWER_BUILDING,900353,7586249989,1.0,TOP_LANE,4318.0,13875.0,200.0,848829,OUTER_TURRET,BUILDING_KILL
0.0,TOWER_BUILDING,900353,7586249989,9.0,BOT_LANE,10504.0,1029.0,100.0,849264,OUTER_TURRET,BUILDING_KILL
0.0,TOWER_BUILDING,960367,7586249989,0.0,BOT_LANE,13866.0,4505.0,200.0,927343,OUTER_TURRET,BUILDING_KILL
0.0,TOWER_BUILDING,1200394,7586249989,4.0,MID_LANE,8955.0,8510.0,200.0,1149580,OUTER_TURRET,BUILDING_KILL
0.0,TOWER_BUILDING,1380441,7586249989,8.0,MID_LANE,5846.0,6396.0,100.0,1371991,OUTER_TURRET,BUILDING_KILL
0.0,TOWER_BUILDING,1440456,7586249989,9.0,MID_LANE,5048.0,4812.0,100.0,1394777,INNER_TURRET,BUILDING_KILL
0.0,TOWER_BUILDING,1440456,7586249989,8.0,TOP_LANE,981.0,10441.0,100.0,1433557,OUTER_TURRET,BUILDING_KILL
0.0,TOWER_BUILDING,1680555,7586249989,8.0,BOT_LANE,6919.0,1483.0,100.0,1638822,INNER_TURRET,BUILDING_KILL
0.0,TOWER_BUILDING,1800600,7586249989,0.0,BOT_LANE,13327.0,8226.0,200.0,1795215,INNER_TURRET,BUILDING_KILL
0.0,TOWER_BUILDING,2038311,7586249989,8.0,MID_LANE,3651.0,3696.0,100.0,2017359,BASE_TURRET,BUILDING_KILL
0.0,INHIBITOR_BUILDING,2038311,7586249989,9.0,MID_LANE,3210.0,3217.0,100.0,2021540,,BUILDING_KILL
0.0,TOWER_BUILDING,2038311,7586249989,6.0,MID_LANE,1748.0,2270.0,100.0,2030124,NEXUS_TURRET,BUILDING_KILL
0.0,TOWER_BUILDING,2038311,7586249989,9.0,MID_LANE,2177.0,1807.0,100.0,2031896,NEXUS_TURRET,BUILDING_KILL
0.0,TOWER_BUILDING,600295,7586805329,1.0,TOP_LANE,4318.0,13875.0,200.0,599016,OUTER_TURRET,BUILDING_KILL
0.0,TOWER_BUILDING,840344,7586805329,1.0,BOT_LANE,13866.0,4505.0,200.0,828172,OUTER_TURRET,BUILDING_KILL
0.0,TOWER_BUILDING,945301,7586805329,4.0,MID_LANE,8955.0,8510.0,200.0,911660,OUTER_TURRET,BUILDING_KILL
0.0,TOWER_BUILDING,840373,7586687883,7.0,BOT_LANE,10504.0,1029.0,100.0,839070,OUTER_TURRET,BUILDING_KILL
0.0,TOWER_BUILDING,960396,7586687883,4.0,BOT_LANE,13866.0,4505.0,200.0,907140,OUTER_TURRET,BUILDING_KILL
0.0,TOWER_BUILDING,960396,7586687883,6.0,TOP_LANE,981.0,10441.0,100.0,920322,OUTER_TURRET,BUILDING_KILL
0.0,TOWER_BUILDING,1020424,7586687883,6.0,MID_LANE,5846.0,6396.0,100.0,982096,OUTER_TURRET,BUILDING_KILL
0.0,TOWER_BUILDING,1140438,7586687883,1.0,TOP_LANE,4318.0,13875.0,200.0,1124809,OUTER_TURRET,BUILDING_KILL
0.0,TOWER_BUILDING,900293,7587019519,6.0,TOP_LANE,981.0,10441.0,100.0,870994,OUTER_TURRET,BUILDING_KILL
0.0,TOWER_BUILDING,960324,7587019519,3.0,MID_LANE,8955.0,8510.0,200.0,916220,OUTER_TURRET,BUILDING_KILL
0.0,TOWER_BUILDING,960324,7587019519,1.0,TOP_LANE,4318.0,13875.0,200.0,931418,OUTER_TURRET,BUILDING_KILL
0.0,TOWER_BUILDING,1020334,7587019519,8.0,BOT_LANE,10504.0,1029.0,100.0,1009967,OUTER_TURRET,BUILDING_KILL
0.0,TOWER_BUILDING,1080362,7587019519,2.0,BOT_LANE,13866.0,4505.0,200.0,1057887,OUTER_TURRET,BUILDING_KILL
0.0,TOWER_BUILDING,1080362,7587019519,3.0,BOT_LANE,13327.0,8226.0,200.0,1074155,INNER_TURRET,BUILDING_KILL
0.0,TOWER_BUILDING,1380426,7587019519,5.0,MID_LANE,9767.0,10113.0,200.0,1347807,INNER_TURRET,BUILDING_KILL
0.0,TOWER_BUILDING,1380426,7587019519,5.0,MID_LANE,11134.0,11207.0,200.0,1363957,BASE_TURRET,BUILDING_KILL
0.0,INHIBITOR_BUILDING,1380426,7587019519,3.0,MID_LANE,11593.0,11669.0,200.0,1370930,,BUILDING_KILL
480.0,TOWER_BUILDING,1380426,7587019519,6.0,TOP_LANE,1512.0,6699.0,100.0,1377533,INNER_TURRET,BUILDING_KILL
0.0,TOWER_BUILDING,1380426,7587019519,4.0,MID_LANE,13052.0,12612.0,200.0,1380139,NEXUS_TURRET,BUILDING_KILL
0.0,TOWER_BUILDING,1399507,7587019519,4.0,MID_LANE,12611.0,13084.0,200.0,1388311,NEXUS_TURRET,BUILDING_KILL
0.0,TOWER_BUILDING,960314,7586794068,7.0,TOP_LANE,981.0,10441.0,100.0,952712,OUTER_TURRET,BUILDING_KILL
0.0,TOWER_BUILDING,1020328,7586794068,1.0,BOT_LANE,13866.0,4505.0,200.0,976831,OUTER_TURRET,BUILDING_KILL
0.0,TOWER_BUILDING,1080357,7586794068,6.0,MID_LANE,5846.0,6396.0,100.0,1043194,OUTER_TURRET,BUILDING_KILL
0.0,TOWER_BUILDING,1080357,7586794068,3.0,TOP_LANE,4318.0,13875.0,200.0,1046058,OUTER_TURRET,BUILDING_KILL
0.0,TOWER_BUILDING,1080357,7586794068,2.0,BOT_LANE,13327.0,8226.0,200.0,1077117,INNER_TURRET,BUILDING_KILL
0.0,TOWER_BUILDING,1140388,7586794068,5.0,MID_LANE,8955.0,8510.0,200.0,1086302,OUTER_TURRET,BUILDING_KILL
0.0,TOWER_BUILDING,1140388,7586794068,8.0,TOP_LANE,1512.0,6699.0,100.0,1109533,INNER_TURRET,BUILDING_KILL
0.0,TOWER_BUILDING,1440440,7586794068,4.0,MID_LANE,9767.0,10113.0,200.0,1400666,INNER_TURRET,BUILDING_KILL
0.0,TOWER_BUILDING,1440440,7586794068,5.0,BOT_LANE,13624.0,10572.0,200.0,1414573,BASE_TURRET,BUILDING_KILL
0.0,INHIBITOR_BUILDING,1440440,7586794068,1.0,BOT_LANE,13594.0,11319.0,200.0,1422452,,BUILDING_KILL
0.0,TOWER_BUILDING,1440440,7586794068,4.0,MID_LANE,11134.0,11207.0,200.0,1429099,BASE_TURRET,BUILDING_KILL
0.0,TOWER_BUILDING,1680534,7586794068,3.0,TOP_LANE,7943.0,13411.0,200.0,1659678,INNER_TURRET,BUILDING_KILL
0.0,TOWER_BUILDING,1680534,7586794068,6.0,MID_LANE,5048.0,4812.0,100.0,1663987,INNER_TURRET,BUILDING_KILL
0.0,TOWER_BUILDING,1680534,7586794068,7.0,MID_LANE,3651.0,3696.0,100.0,1671170,BASE_TURRET,BUILDING_KILL
0.0,INHIBITOR_BUILDING,1680534,7586794068,6.0,MID_LANE,3210.0,3217.0,100.0,1674586,,BUILDING_KILL
0.0,TOWER_BUILDING,1740559,7586794068,1.0,MID_LANE,13052.0,12612.0,200.0,1715921,NEXUS_TURRET,BUILDING_KILL
0.0,INHIBITOR_BUILDING,1740559,7586794068,4.0,MID_LANE,11593.0,11669.0,200.0,1732533,,BUILDING_KILL
0.0,INHIBITOR_BUILDING,1740559,7586794068,1.0,BOT_LANE,13594.0,11319.0,200.0,1739883,,BUILDING_KILL
0.0,TOWER_BUILDING,1800582,7586794068,1.0,MID_LANE,12611.0,13084.0,200.0,1794970,NEXUS_TURRET,BUILDING_KILL
0.0,TOWER_BUILDING,900235,7586772210,2.0,TOP_LANE,4318.0,13875.0,200.0,843334,OUTER_TURRET,BUILDING_KILL
0.0,TOWER_BUILDING,900235,7586772210,9.0,BOT_LANE,10504.0,1029.0,100.0,852095,OUTER_TURRET,BUILDING_KILL
0.0,TOWER_BUILDING,1020255,7586772210,9.0,MID_LANE,5846.0,6396.0,100.0,995526,OUTER_TURRET,BUILDING_KILL
0.0,TOWER_BUILDING,1140290,7586772210,8.0,BOT_LANE,6919.0,1483.0,100.0,1080896,INNER_TURRET,BUILDING_KILL
0.0,TOWER_BUILDING,1140290,7586772210,9.0,MID_LANE,5048.0,4812.0,100.0,1114135,INNER_TURRET,BUILDING_KILL
0.0,TOWER_BUILDING,1320411,7586772210,6.0,TOP_LANE,981.0,10441.0,100.0,1287516,OUTER_TURRET,BUILDING_KILL
0.0,TOWER_BUILDING,1481624,7586772210,7.0,TOP_LANE,1512.0,6699.0,100.0,1451478,INNER_TURRET,BUILDING_KILL
0.0,TOWER_BUILDING,1481624,7586772210,9.0,TOP_LANE,1169.0,4287.0,100.0,1464605,BASE_TURRET,BUILDING_KILL
0.0,INHIBITOR_BUILDING,1481624,7586772210,9.0,TOP_LANE,1172.0,3583.0,100.0,1470082,,BUILDING_KILL
0.0,TOWER_BUILDING,840318,7586713975,6.0,TOP_LANE,981.0,10441.0,100.0,839182,OUTER_TURRET,BUILDING_KILL
0.0,TOWER_BUILDING,1140399,7586713975,7.0,MID_LANE,5846.0,6396.0,100.0,1084164,OUTER_TURRET,BUILDING_KILL
0.0,TOWER_BUILDING,1140399,7586713975,6.0,TOP_LANE,1512.0,6699.0,100.0,1133541,INNER_TURRET,BUILDING_KILL
0.0,TOWER_BUILDING,1260429,7586713975,3.0,BOT_LANE,13866.0,4505.0,200.0,1247355,OUTER_TURRET,BUILDING_KILL
0.0,TOWER_BUILDING,1320456,7586713975,4.0,MID_LANE,8955.0,8510.0,200.0,1295950,OUTER_TURRET,BUILDING_KILL
0.0,TOWER_BUILDING,1440496,7586713975,6.0,BOT_LANE,10504.0,1029.0,100.0,1392515,OUTER_TURRET,BUILDING_KILL
0.0,TOWER_BUILDING,1440496,7586713975,6.0,BOT_LANE,6919.0,1483.0,100.0,1435450,INNER_TURRET,BUILDING_KILL
200.0,TOWER_BUILDING,1620551,7586713975,1.0,TOP_LANE,4318.0,13875.0,200.0,1580112,OUTER_TURRET,BUILDING_KILL
0.0,TOWER_BUILDING,1620551,7586713975,9.0,MID_LANE,5048.0,4812.0,100.0,1601351,INNER_TURRET,BUILDING_KILL
0.0,TOWER_BUILDING,1620551,7586713975,10.0,MID_LANE,3651.0,3696.0,100.0,1614861,BASE_TURRET,BUILDING_KILL
0.0,INHIBITOR_BUILDING,1620551,7586713975,7.0,MID_LANE,3210.0,3217.0,100.0,1620065,,BUILDING_KILL
0.0,TOWER_BUILDING,1639320,7586713975,7.0,BOT_LANE,4281.0,1253.0,100.0,1624158,BASE_TURRET,BUILDING_KILL
0.0,INHIBITOR_BUILDING,1639320,7586713975,7.0,BOT_LANE,3468.0,1230.0,100.0,1628400,,BUILDING_KILL
0.0,TOWER_BUILDING,1639320,7586713975,6.0,MID_LANE,2177.0,1807.0,100.0,1631303,NEXUS_TURRET,BUILDING_KILL
0.0,TOWER_BUILDING,1639320,7586713975,8.0,MID_LANE,1748.0,2270.0,100.0,1633942,NEXUS_TURRET,BUILDING_KILL
0.0,TOWER_BUILDING,900299,7586122354,10.0,BOT_LANE,10504.0,1029.0,100.0,847995,OUTER_TURRET,BUILDING_KILL
0.0,TOWER_BUILDING,960307,7586122354,9.0,MID_LANE,5846.0,6396.0,100.0,952679,OUTER_TURRET,BUILDING_KILL
0.0,TOWER_BUILDING,1080339,7586122354,8.0,TOP_LANE,981.0,10441.0,100.0,1062965,OUTER_TURRET,BUILDING_KILL
0.0,TOWER_BUILDING,1200364,7586122354,6.0,MID_LANE,5048.0,4812.0,100.0,1149543,INNER_TURRET,BUILDING_KILL
250.0,TOWER_BUILDING,1200364,7586122354,3.0,BOT_LANE,13866.0,4505.0,200.0,1186123,OUTER_TURRET,BUILDING_KILL
0.0,TOWER_BUILDING,1320401,7586122354,7.0,MID_LANE,3651.0,3696.0,100.0,1277870,BASE_TURRET,BUILDING_KILL
0.0,TOWER_BUILDING,1435501,7586122354,6.0,BOT_LANE,6919.0,1483.0,100.0,1410025,INNER_TURRET,BUILDING_KILL
0.0,TOWER_BUILDING,660253,7586408854,3.0,MID_LANE,8955.0,8510.0,200.0,649477,OUTER_TURRET,BUILDING_KILL
0.0,TOWER_BUILDING,720256,7586408854,1.0,TOP_LANE,4318.0,13875.0,200.0,713221,OUTER_TURRET,BUILDING_KILL
0.0,TOWER_BUILDING,840284,7586408854,4.0,BOT_LANE,13866.0,4505.0,200.0,816851,OUTER_TURRET,BUILDING_KILL
0.0,TOWER_BUILDING,840284,7586408854,1.0,MID_LANE,9767.0,10113.0,200.0,827256,INNER_TURRET,BUILDING_KILL
250.0,TOWER_BUILDING,900300,7586408854,8.0,BOT_LANE,10504.0,1029.0,100.0,898142,OUTER_TURRET,BUILDING_KILL
0.0,TOWER_BUILDING,960309,7586408854,3.0,BOT_LANE,13327.0,8226.0,200.0,953643,INNER_TURRET,BUILDING_KILL
0.0,TOWER_BUILDING,1080370,7586408854,3.0,TOP_LANE,7943.0,13411.0,200.0,1072347,INNER_TURRET,BUILDING_KILL
0.0,TOWER_BUILDING,1200418,7586408854,5.0,MID_LANE,11134.0,11207.0,200.0,1162669,BASE_TURRET,BUILDING_KILL
0.0,TOWER_BUILDING,1200418,7586408854,2.0,BOT_LANE,13624.0,10572.0,200.0,1164706,BASE_TURRET,BUILDING_KILL
0.0,INHIBITOR_BUILDING,1200418,7586408854,3.0,BOT_LANE,13594.0,11319.0,200.0,1170818,,BUILDING_KILL
0.0,INHIBITOR_BUILDING,1200418,7586408854,5.0,MID_LANE,11593.0,11669.0,200.0,1177832,,BUILDING_KILL
350.0,TOWER_BUILDING,1260434,7586408854,8.0,TOP_LANE,981.0,10441.0,100.0,1259979,OUTER_TURRET,BUILDING_KILL
0.0,TOWER_BUILDING,1287903,7586408854,3.0,MID_LANE,13052.0,12612.0,200.0,1269783,NEXUS_TURRET,BUILDING_KILL
0.0,TOWER_BUILDING,1287903,7586408854,3.0,MID_LANE,12611.0,13084.0,200.0,1277399,NEXUS_TURRET,BUILDING_KILL
0.0,TOWER_BUILDING,960336,7586379578,0.0,BOT_LANE,10504.0,1029.0,100.0,923225,OUTER_TURRET,BUILDING_KILL
0.0,TOWER_BUILDING,960336,7586379578,3.0,MID_LANE,8955.0,8510.0,200.0,924995,OUTER_TURRET,BUILDING_KILL
0.0,TOWER_BUILDING,1020369,7586379578,1.0,TOP_LANE,4318.0,13875.0,200.0,984762,OUTER_TURRET,BUILDING_KILL
0.0,TOWER_BUILDING,1200416,7586379578,1.0,MID_LANE,9767.0,10113.0,200.0,1161151,INNER_TURRET,BUILDING_KILL
0.0,TOWER_BUILDING,1200416,7586379578,2.0,MID_LANE,11134.0,11207.0,200.0,1169501,BASE_TURRET,BUILDING_KILL
0.0,TOWER_BUILDING,1260434,7586379578,1.0,BOT_LANE,13866.0,4505.0,200.0,1251244,OUTER_TURRET,BUILDING_KILL
0.0,TOWER_BUILDING,1320452,7586379578,4.0,BOT_LANE,13327.0,8226.0,200.0,1268784,INNER_TURRET,BUILDING_KILL
0.0,TOWER_BUILDING,1440499,7586379578,1.0,TOP_LANE,7943.0,13411.0,200.0,1416043,INNER_TURRET,BUILDING_KILL
0.0,TOWER_BUILDING,900291,7587555444,6.0,BOT_LANE,10504.0,1029.0,100.0,847874,OUTER_TURRET,BUILDING_KILL
0.0,TOWER_BUILDING,900291,7587555444,1.0,TOP_LANE,4318.0,13875.0,200.0,848175,OUTER_TURRET,BUILDING_KILL
0.0,TOWER_BUILDING,960302,7587555444,9.0,MID_LANE,5846.0,6396.0,100.0,925105,OUTER_TURRET,BUILDING_KILL
0.0,TOWER_BUILDING,1020314,7587555444,3.0,BOT_LANE,13866.0,4505.0,200.0,987866,OUTER_TURRET,BUILDING_KILL
0.0,TOWER_BUILDING,1020314,7587555444,4.0,MID_LANE,8955.0,8510.0,200.0,1006866,OUTER_TURRET,BUILDING_KILL
0.0,TOWER_BUILDING,1020314,7587555444,6.0,TOP_LANE,981.0,10441.0,100.0,1011675,OUTER_TURRET,BUILDING_KILL
0.0,TOWER_BUILDING,1080321,7587555444,7.0,TOP_LANE,1512.0,6699.0,100.0,1037326,INNER_TURRET,BUILDING_KILL
0.0,TOWER_BUILDING,1200347,7587555444,9.0,TOP_LANE,1169.0,4287.0,100.0,1154276,BASE_TURRET,BUILDING_KILL
0.0,TOWER_BUILDING,1500391,7587555444,9.0,MID_LANE,5048.0,4812.0,100.0,1477926,INNER_TURRET,BUILDING_KILL
0.0,TOWER_BUILDING,1680430,7587555444,9.0,BOT_LANE,6919.0,1483.0,100.0,1674089,INNER_TURRET,BUILDING_KILL
0.0,TOWER_BUILDING,1800467,7587555444,1.0,BOT_LANE,13327.0,8226.0,200.0,1794757,INNER_TURRET,BUILDING_KILL
0.0,TOWER_BUILDING,1860487,7587555444,8.0,MID_LANE,3651.0,3696.0,100.0,1809953,BASE_TURRET,BUILDING_KILL
0.0,INHIBITOR_BUILDING,1860487,7587555444,7.0,MID_LANE,3210.0,3217.0,100.0,1819352,,BUILDING_KILL
0.0,INHIBITOR_BUILDING,1920495,7587555444,8.0,TOP_LANE,1172.0,3583.0,100.0,1920090,,BUILDING_KILL
0.0,INHIBITOR_BUILDING,2280589,7587555444,9.0,MID_LANE,3210.0,3217.0,100.0,2223852,,BUILDING_KILL
0.0,TOWER_BUILDING,2400636,7587555444,1.0,MID_LANE,9767.0,10113.0,200.0,2350472,INNER_TURRET,BUILDING_KILL
0.0,TOWER_BUILDING,2460648,7587555444,2.0,MID_LANE,11134.0,11207.0,200.0,2449968,BASE_TURRET,BUILDING_KILL
0.0,INHIBITOR_BUILDING,2460648,7587555444,4.0,MID_LANE,11593.0,11669.0,200.0,2453648,,BUILDING_KILL
0.0,TOWER_BUILDING,2460648,7587555444,1.0,MID_LANE,13052.0,12612.0,200.0,2459826,NEXUS_TURRET,BUILDING_KILL
0.0,TOWER_BUILDING,2470934,7587555444,4.0,MID_LANE,12611.0,13084.0,200.0,2461349,NEXUS_TURRET,BUILDING_KILL
0.0,TOWER_BUILDING,900367,7586263284,3.0,MID_LANE,8955.0,8510.0,200.0,852557,OUTER_TURRET,BUILDING_KILL
0.0,TOWER_BUILDING,900367,7586263284,1.0,TOP_LANE,4318.0,13875.0,200.0,873525,OUTER_TURRET,BUILDING_KILL
0.0,TOWER_BUILDING,960389,7586263284,4.0,BOT_LANE,13866.0,4505.0,200.0,934918,OUTER_TURRET,BUILDING_KILL
250.0,TOWER_BUILDING,1020404,7586263284,9.0,BOT_LANE,10504.0,1029.0,100.0,993857,OUTER_TURRET,BUILDING_KILL
0.0,TOWER_BUILDING,1020404,7586263284,4.0,MID_LANE,9767.0,10113.0,200.0,1001136,INNER_TURRET,BUILDING_KILL
0.0,TOWER_BUILDING,1200434,7586263284,2.0,BOT_LANE,13327.0,8226.0,200.0,1155533,INNER_TURRET,BUILDING_KILL
300.0,TOWER_BUILDING,1200434,7586263284,6.0,TOP_LANE,981.0,10441.0,100.0,1190876,OUTER_TURRET,BUILDING_KILL
0.0,TOWER_BUILDING,1260451,7586263284,3.0,TOP_LANE,7943.0,13411.0,200.0,1231832,INNER_TURRET,BUILDING_KILL
0.0,TOWER_BUILDING,1313983,7586263284,4.0,BOT_LANE,13624.0,10572.0,200.0,1268431,BASE_TURRET,BUILDING_KILL
0.0,TOWER_BUILDING,1313983,7586263284,3.0,MID_LANE,11134.0,11207.0,200.0,1280517,BASE_TURRET,BUILDING_KILL
0.0,INHIBITOR_BUILDING,1313983,7586263284,3.0,MID_LANE,11593.0,11669.0,200.0,1285594,,BUILDING_KILL
0.0,INHIBITOR_BUILDING,1313983,7586263284,2.0,BOT_LANE,13594.0,11319.0,200.0,1287799,,BUILDING_KILL
0.0,TOWER_BUILDING,1313983,7586263284,2.0,MID_LANE,13052.0,12612.0,200.0,1296452,NEXUS_TURRET,BUILDING_KILL
0.0,TOWER_BUILDING,1313983,7586263284,3.0,MID_LANE,12611.0,13084.0,200.0,1303307,NEXUS_TURRET,BUILDING_KILL
0.0,TOWER_BUILDING,900314,7587267330,1.0,TOP_LANE,4318.0,13875.0,200.0,889046,OUTER_TURRET,BUILDING_KILL
0.0,TOWER_BUILDING,1020361,7587267330,7.0,BOT_LANE,10504.0,1029.0,100.0,1013355,OUTER_TURRET,BUILDING_KILL
0.0,TOWER_BUILDING,1080391,7587267330,4.0,MID_LANE,8955.0,8510.0,200.0,1022666,OUTER_TURRET,BUILDING_KILL
0.0,TOWER_BUILDING,1080391,7587267330,4.0,MID_LANE,9767.0,10113.0,200.0,1077697,INNER_TURRET,BUILDING_KILL
0.0,TOWER_BUILDING,1140420,7587267330,0.0,BOT_LANE,13866.0,4505.0,200.0,1102444,OUTER_TURRET,BUILDING_KILL
0.0,TOWER_BUILDING,1200427,7587267330,5.0,BOT_LANE,13327.0,8226.0,200.0,1173950,INNER_TURRET,BUILDING_KILL
250.0,TOWER_BUILDING,1260459,7587267330,8.0,TOP_LANE,981.0,10441.0,100.0,1251923,OUTER_TURRET,BUILDING_KILL
0.0,TOWER_BUILDING,1380517,7587267330,3.0,MID_LANE,11134.0,11207.0,200.0,1351846,BASE_TURRET,BUILDING_KILL
0.0,TOWER_BUILDING,1440521,7587267330,2.0,TOP_LANE,7943.0,13411.0,200.0,1438651,INNER_TURRET,BUILDING_KILL
0.0,TOWER_BUILDING,720283,7587213200,3.0,TOP_LANE,4318.0,13875.0,200.0,669835,OUTER_TURRET,BUILDING_KILL
0.0,TOWER_BUILDING,900343,7587213200,4.0,MID_LANE,8955.0,8510.0,200.0,878602,OUTER_TURRET,BUILDING_KILL
0.0,TOWER_BUILDING,956303,7587213200,1.0,BOT_LANE,13866.0,4505.0,200.0,902228,OUTER_TURRET,BUILDING_KILL
0.0,TOWER_BUILDING,840327,7586253914,6.0,TOP_LANE,981.0,10441.0,100.0,833504,OUTER_TURRET,BUILDING_KILL
0.0,TOWER_BUILDING,900340,7586253914,3.0,MID_LANE,8955.0,8510.0,200.0,854436,OUTER_TURRET,BUILDING_KILL
0.0,TOWER_BUILDING,960363,7586253914,3.0,BOT_LANE,13866.0,4505.0,200.0,923497,OUTER_TURRET,BUILDING_KILL
0.0,TOWER_BUILDING,1020378,7586253914,0.0,TOP_LANE,4318.0,13875.0,200.0,983921,OUTER_TURRET,BUILDING_KILL
0.0,TOWER_BUILDING,1020378,7586253914,8.0,BOT_LANE,10504.0,1029.0,100.0,997610,OUTER_TURRET,BUILDING_KILL
0.0,TOWER_BUILDING,1080380,7586253914,6.0,MID_LANE,5846.0,6396.0,100.0,1035889,OUTER_TURRET,BUILDING_KILL
0.0,TOWER_BUILDING,1200433,7586253914,1.0,TOP_LANE,7943.0,13411.0,200.0,1177325,INNER_TURRET,BUILDING_KILL
0.0,TOWER_BUILDING,1320476,7586253914,1.0,MID_LANE,9767.0,10113.0,200.0,1283979,INNER_TURRET,BUILDING_KILL
0.0,TOWER_BUILDING,1320476,7586253914,1.0,MID_LANE,11134.0,11207.0,200.0,1290826,BASE_TURRET,BUILDING_KILL
0.0,TOWER_BUILDING,1440526,7586253914,6.0,MID_LANE,5048.0,4812.0,100.0,1398318,INNER_TURRET,BUILDING_KILL
0.0,TOWER_BUILDING,1560554,7586253914,6.0,TOP_LANE,1512.0,6699.0,100.0,1535699,INNER_TURRET,BUILDING_KILL
0.0,TOWER_BUILDING,1560554,7586253914,1.0,BOT_LANE,13327.0,8226.0,200.0,1540976,INNER_TURRET,BUILDING_KILL
0.0,INHIBITOR_BUILDING,1791404,7586253914,4.0,MID_LANE,11593.0,11669.0,200.0,1774115,,BUILDING_KILL
0.0,TOWER_BUILDING,1791404,7586253914,5.0,MID_LANE,13052.0,12612.0,200.0,1780214,NEXUS_TURRET,BUILDING_KILL
0.0,TOWER_BUILDING,1791404,7586253914,2.0,MID_LANE,12611.0,13084.0,200.0,1784156,NEXUS_TURRET,BUILDING_KILL
0.0,TOWER_BUILDING,780320,7585989085,5.0,BOT_LANE,13866.0,4505.0,200.0,723223,OUTER_TURRET,BUILDING_KILL
0.0,TOWER_BUILDING,1020397,7585989085,4.0,MID_LANE,8955.0,8510.0,200.0,994617,OUTER_TURRET,BUILDING_KILL
0.0,TOWER_BUILDING,1020397,7585989085,3.0,BOT_LANE,13327.0,8226.0,200.0,998701,INNER_TURRET,BUILDING_KILL
0.0,TOWER_BUILDING,1020397,7585989085,6.0,TOP_LANE,981.0,10441.0,100.0,1007217,OUTER_TURRET,BUILDING_KILL
0.0,TOWER_BUILDING,1080413,7585989085,8.0,BOT_LANE,10504.0,1029.0,100.0,1055656,OUTER_TURRET,BUILDING_KILL
0.0,TOWER_BUILDING,1320475,7585989085,3.0,TOP_LANE,4318.0,13875.0,200.0,1283262,OUTER_TURRET,BUILDING_KILL
0.0,TOWER_BUILDING,1440489,7585989085,6.0,TOP_LANE,1512.0,6699.0,100.0,1410312,INNER_TURRET,BUILDING_KILL
0.0,TOWER_BUILDING,1440489,7585989085,6.0,TOP_LANE,1169.0,4287.0,100.0,1430312,BASE_TURRET,BUILDING_KILL
0.0,INHIBITOR_BUILDING,1500521,7585989085,6.0,TOP_LANE,1172.0,3583.0,100.0,1441491,,BUILDING_KILL
0.0,TOWER_BUILDING,1500521,7585989085,8.0,BOT_LANE,6919.0,1483.0,100.0,1460487,INNER_TURRET,BUILDING_KILL
0.0,TOWER_BUILDING,1620542,7585989085,0.0,MID_LANE,1748.0,2270.0,100.0,1568187,NEXUS_TURRET,BUILDING_KILL
0.0,TOWER_BUILDING,1620542,7585989085,7.0,MID_LANE,5846.0,6396.0,100.0,1574366,OUTER_TURRET,BUILDING_KILL
0.0,TOWER_BUILDING,1620542,7585989085,8.0,BOT_LANE,4281.0,1253.0,100.0,1574867,BASE_TURRET,BUILDING_KILL
0.0,TOWER_BUILDING,1620542,7585989085,6.0,MID_LANE,5048.0,4812.0,100.0,1584341,INNER_TURRET,BUILDING_KILL
0.0,TOWER_BUILDING,1620542,7585989085,9.0,MID_LANE,3651.0,3696.0,100.0,1600893,BASE_TURRET,BUILDING_KILL
0.0,INHIBITOR_BUILDING,1620542,7585989085,6.0,MID_LANE,3210.0,3217.0,100.0,1614521,,BUILDING_KILL
0.0,TOWER_BUILDING,840320,7586880067,4.0,BOT_LANE,13866.0,4505.0,200.0,799105,OUTER_TURRET,BUILDING_KILL
0.0,TOWER_BUILDING,960364,7586880067,8.0,MID_LANE,5846.0,6396.0,100.0,910792,OUTER_TURRET,BUILDING_KILL
0.0,TOWER_BUILDING,1020388,7586880067,1.0,TOP_LANE,4318.0,13875.0,200.0,978700,OUTER_TURRET,BUILDING_KILL
0.0,TOWER_BUILDING,1020388,7586880067,1.0,TOP_LANE,7943.0,13411.0,200.0,1011033,INNER_TURRET,BUILDING_KILL
0.0,TOWER_BUILDING,1080405,7586880067,2.0,MID_LANE,8955.0,8510.0,200.0,1032514,OUTER_TURRET,BUILDING_KILL
0.0,TOWER_BUILDING,1380517,7586880067,1.0,MID_LANE,9767.0,10113.0,200.0,1337533,INNER_TURRET,BUILDING_KILL
0.0,TOWER_BUILDING,1380517,7586880067,7.0,TOP_LANE,981.0,10441.0,100.0,1358266,OUTER_TURRET,BUILDING_KILL
0.0,TOWER_BUILDING,1472829,7586880067,3.0,BOT_LANE,13327.0,8226.0,200.0,1443187,INNER_TURRET,BUILDING_KILL
0.0,TOWER_BUILDING,1472829,7586880067,1.0,MID_LANE,11134.0,11207.0,200.0,1450153,BASE_TURRET,BUILDING_KILL
0.0,INHIBITOR_BUILDING,1472829,7586880067,2.0,MID_LANE,11593.0,11669.0,200.0,1453793,,BUILDING_KILL
0.0,TOWER_BUILDING,1472829,7586880067,4.0,MID_LANE,13052.0,12612.0,200.0,1461631,NEXUS_TURRET,BUILDING_KILL
0.0,TOWER_BUILDING,1472829,7586880067,1.0,MID_LANE,12611.0,13084.0,200.0,1464004,NEXUS_TURRET,BUILDING_KILL
0.0,TOWER_BUILDING,840267,7586870202,8.0,BOT_LANE,10504.0,1029.0,100.0,827831,OUTER_TURRET,BUILDING_KILL
0.0,TOWER_BUILDING,900272,7586870202,9.0,MID_LANE,5846.0,6396.0,100.0,850667,OUTER_TURRET,BUILDING_KILL
0.0,TOWER_BUILDING,960280,7586870202,6.0,TOP_LANE,981.0,10441.0,100.0,954802,OUTER_TURRET,BUILDING_KILL
0.0,TOWER_BUILDING,1018237,7586870202,8.0,BOT_LANE,6919.0,1483.0,100.0,994641,INNER_TURRET,BUILDING_KILL
0.0,TOWER_BUILDING,900411,7586970532,4.0,BOT_LANE,13866.0,4505.0,200.0,841879,OUTER_TURRET,BUILDING_KILL
0.0,TOWER_BUILDING,900411,7586970532,6.0,TOP_LANE,981.0,10441.0,100.0,870855,OUTER_TURRET,BUILDING_KILL
0.0,TOWER_BUILDING,1200513,7586970532,9.0,MID_LANE,5846.0,6396.0,100.0,1147589,OUTER_TURRET,BUILDING_KILL
0.0,TOWER_BUILDING,1200513,7586970532,8.0,BOT_LANE,10504.0,1029.0,100.0,1185147,OUTER_TURRET,BUILDING_KILL
0.0,TOWER_BUILDING,1260546,7586970532,4.0,MID_LANE,8955.0,8510.0,200.0,1206425,OUTER_TURRET,BUILDING_KILL
0.0,TOWER_BUILDING,1260546,7586970532,9.0,MID_LANE,5048.0,4812.0,100.0,1244402,INNER_TURRET,BUILDING_KILL
0.0,TOWER_BUILDING,1500617,7586970532,4.0,MID_LANE,9767.0,10113.0,200.0,1453934,INNER_TURRET,BUILDING_KILL
0.0,TOWER_BUILDING,1500617,7586970532,2.0,MID_LANE,11134.0,11207.0,200.0,1461259,BASE_TURRET,BUILDING_KILL
0.0,TOWER_BUILDING,1560639,7586970532,0.0,TOP_LANE,4318.0,13875.0,200.0,1525372,OUTER_TURRET,BUILDING_KILL
0.0,TOWER_BUILDING,1620649,7586970532,7.0,TOP_LANE,1512.0,6699.0,100.0,1597328,INNER_TURRET,BUILDING_KILL
0.0,TOWER_BUILDING,1620649,7586970532,3.0,BOT_LANE,13327.0,8226.0,200.0,1613814,INNER_TURRET,BUILDING_KILL
0.0,INHIBITOR_BUILDING,1620649,7586970532,4.0,MID_LANE,11593.0,11669.0,200.0,1617355,,BUILDING_KILL
0.0,TOWER_BUILDING,1668330,7586970532,5.0,BOT_LANE,13624.0,10572.0,200.0,1626571,BASE_TURRET,BUILDING_KILL
0.0,INHIBITOR_BUILDING,1668330,7586970532,4.0,BOT_LANE,13594.0,11319.0,200.0,1630379,,BUILDING_KILL
0.0,TOWER_BUILDING,1668330,7586970532,3.0,MID_LANE,13052.0,12612.0,200.0,1643529,NEXUS_TURRET,BUILDING_KILL
0.0,TOWER_BUILDING,1668330,7586970532,1.0,MID_LANE,12611.0,13084.0,200.0,1659026,NEXUS_TURRET,BUILDING_KILL
0.0,TOWER_BUILDING,600232,7587126364,1.0,TOP_LANE,4318.0,13875.0,200.0,574441,OUTER_TURRET,BUILDING_KILL
0.0,TOWER_BUILDING,1080342,7587126364,1.0,BOT_LANE,13866.0,4505.0,200.0,1064429,OUTER_TURRET,BUILDING_KILL
0.0,TOWER_BUILDING,1200358,7587126364,10.0,MID_LANE,5846.0,6396.0,100.0,1161746,OUTER_TURRET,BUILDING_KILL
0.0,TOWER_BUILDING,1320402,7587126364,6.0,BOT_LANE,10504.0,1029.0,100.0,1279520,OUTER_TURRET,BUILDING_KILL
0.0,TOWER_BUILDING,1380417,7587126364,1.0,TOP_LANE,7943.0,13411.0,200.0,1353717,INNER_TURRET,BUILDING_KILL
0.0,TOWER_BUILDING,1560452,7587126364,1.0,MID_LANE,8955.0,8510.0,200.0,1551386,OUTER_TURRET,BUILDING_KILL
0.0,TOWER_BUILDING,1663574,7587126364,4.0,BOT_LANE,13327.0,8226.0,200.0,1656460,INNER_TURRET,BUILDING_KILL
0.0,TOWER_BUILDING,960400,7587455238,1.0,TOP_LANE,4318.0,13875.0,200.0,902497,OUTER_TURRET,BUILDING_KILL
0.0,TOWER_BUILDING,840313,7587458071,6.0,TOP_LANE,981.0,10441.0,100.0,827907,OUTER_TURRET,BUILDING_KILL
0.0,TOWER_BUILDING,1020329,7587458071,9.0,BOT_LANE,10504.0,1029.0,100.0,977111,OUTER_TURRET,BUILDING_KILL
0.0,TOWER_BUILDING,1080349,7587458071,8.0,MID_LANE,5846.0,6396.0,100.0,1037689,OUTER_TURRET,BUILDING_KILL
250.0,TOWER_BUILDING,1080349,7587458071,4.0,BOT_LANE,13866.0,4505.0,200.0,1039693,OUTER_TURRET,BUILDING_KILL
0.0,TOWER_BUILDING,1080349,7587458071,9.0,MID_LANE,5048.0,4812.0,100.0,1067320,INNER_TURRET,BUILDING_KILL
300.0,TOWER_BUILDING,1170993,7587458071,4.0,MID_LANE,8955.0,8510.0,200.0,1163934,OUTER_TURRET,BUILDING_KILL
0.0,TOWER_BUILDING,840412,7587299996,9.0,BOT_LANE,10504.0,1029.0,100.0,793590,OUTER_TURRET,BUILDING_KILL
0.0,TOWER_BUILDING,900445,7587299996,9.0,BOT_LANE,6919.0,1483.0,100.0,895895,INNER_TURRET,BUILDING_KILL
0.0,TOWER_BUILDING,960453,7587299996,4.0,MID_LANE,8955.0,8510.0,200.0,911658,OUTER_TURRET,BUILDING_KILL
0.0,TOWER_BUILDING,960453,7587299996,8.0,TOP_LANE,981.0,10441.0,100.0,951568,OUTER_TURRET,BUILDING_KILL
0.0,TOWER_BUILDING,1080465,7587299996,4.0,TOP_LANE,4318.0,13875.0,200.0,1061840,OUTER_TURRET,BUILDING_KILL
0.0,TOWER_BUILDING,1200496,7587299996,3.0,BOT_LANE,13866.0,4505.0,200.0,1173760,OUTER_TURRET,BUILDING_KILL
0.0,TOWER_BUILDING,1200496,7587299996,8.0,MID_LANE,5846.0,6396.0,100.0,1188507,OUTER_TURRET,BUILDING_KILL
0.0,TOWER_BUILDING,1320528,7587299996,9.0,TOP_LANE,1512.0,6699.0,100.0,1299113,INNER_TURRET,BUILDING_KILL
0.0,TOWER_BUILDING,1657993,7587299996,3.0,MID_LANE,9767.0,10113.0,200.0,1624569,INNER_TURRET,BUILDING_KILL
0.0,TOWER_BUILDING,1657993,7587299996,1.0,MID_LANE,11134.0,11207.0,200.0,1633213,BASE_TURRET,BUILDING_KILL
0.0,INHIBITOR_BUILDING,1657993,7587299996,4.0,MID_LANE,11593.0,11669.0,200.0,1637187,,BUILDING_KILL
0.0,TOWER_BUILDING,1657993,7587299996,4.0,MID_LANE,13052.0,12612.0,200.0,1643952,NEXUS_TURRET,BUILDING_KILL
0.0,TOWER_BUILDING,1657993,7587299996,2.0,MID_LANE,12611.0,13084.0,200.0,1647125,NEXUS_TURRET,BUILDING_KILL
0.0,TOWER_BUILDING,960355,7586508273,4.0,BOT_LANE,13866.0,4505.0,200.0,916598,OUTER_TURRET,BUILDING_KILL
0.0,TOWER_BUILDING,960355,7586508273,6.0,TOP_LANE,981.0,10441.0,100.0,921575,OUTER_TURRET,BUILDING_KILL
0.0,TOWER_BUILDING,1020359,7586508273,8.0,MID_LANE,5846.0,6396.0,100.0,970605,OUTER_TURRET,BUILDING_KILL
0.0,TOWER_BUILDING,1080379,7586508273,6.0,TOP_LANE,1512.0,6699.0,100.0,1050414,INNER_TURRET,BUILDING_KILL
0.0,TOWER_BUILDING,1140393,7586508273,6.0,BOT_LANE,10504.0,1029.0,100.0,1105423,OUTER_TURRET,BUILDING_KILL
0.0,TOWER_BUILDING,1200425,7586508273,6.0,BOT_LANE,6919.0,1483.0,100.0,1175344,INNER_TURRET,BUILDING_KILL
0.0,TOWER_BUILDING,1260444,7586508273,7.0,MID_LANE,5048.0,4812.0,100.0,1222903,INNER_TURRET,BUILDING_KILL
250.0,TOWER_BUILDING,1320476,7586508273,4.0,TOP_LANE,4318.0,13875.0,200.0,1286967,OUTER_TURRET,BUILDING_KILL
0.0,TOWER_BUILDING,1794292,7586508273,7.0,MID_LANE,3651.0,3696.0,100.0,1766222,BASE_TURRET,BUILDING_KILL
0.0,INHIBITOR_BUILDING,1794292,7586508273,8.0,MID_LANE,3210.0,3217.0,100.0,1770230,,BUILDING_KILL
0.0,TOWER_BUILDING,1794292,7586508273,6.0,MID_LANE,2177.0,1807.0,100.0,1778405,NEXUS_TURRET,BUILDING_KILL
0.0,TOWER_BUILDING,1794292,7586508273,6.0,MID_LANE,1748.0,2270.0,100.0,1779875,NEXUS_TURRET,BUILDING_KILL
0.0,TOWER_BUILDING,900343,7587376751,1.0,TOP_LANE,4318.0,13875.0,200.0,843952,OUTER_TURRET,BUILDING_KILL
0.0,TOWER_BUILDING,900343,7587376751,9.0,MID_LANE,5846.0,6396.0,100.0,849742,OUTER_TURRET,BUILDING_KILL
0.0,TOWER_BUILDING,960362,7587376751,6.0,TOP_LANE,981.0,10441.0,100.0,927643,OUTER_TURRET,BUILDING_KILL
0.0,TOWER_BUILDING,960362,7587376751,8.0,BOT_LANE,10504.0,1029.0,100.0,947025,OUTER_TURRET,BUILDING_KILL
0.0,TOWER_BUILDING,1320471,7587376751,9.0,BOT_LANE,6919.0,1483.0,100.0,1303758,INNER_TURRET,BUILDING_KILL
150.0,TOWER_BUILDING,1380490,7587376751,1.0,MID_LANE,8955.0,8510.0,200.0,1353168,OUTER_TURRET,BUILDING_KILL
0.0,TOWER_BUILDING,1440508,7587376751,9.0,BOT_LANE,4281.0,1253.0,100.0,1439706,BASE_TURRET,BUILDING_KILL
0.0,INHIBITOR_BUILDING,1500517,7587376751,9.0,BOT_LANE,3468.0,1230.0,100.0,1444716,,BUILDING_KILL
0.0,TOWER_BUILDING,1620537,7587376751,9.0,TOP_LANE,1512.0,6699.0,100.0,1594750,INNER_TURRET,BUILDING_KILL
0.0,TOWER_BUILDING,1740580,7587376751,6.0,MID_LANE,5048.0,4812.0,100.0,1683626,INNER_TURRET,BUILDING_KILL
0.0,TOWER_BUILDING,1740580,7587376751,7.0,TOP_LANE,1169.0,4287.0,100.0,1738785,BASE_TURRET,BUILDING_KILL
0.0,INHIBITOR_BUILDING,1777294,7587376751,7.0,TOP_LANE,1172.0,3583.0,100.0,1744855,,BUILDING_KILL
0.0,INHIBITOR_BUILDING,1777294,7587376751,9.0,BOT_LANE,3468.0,1230.0,100.0,1760419,,BUILDING_KILL
0.0,TOWER_BUILDING,1777294,7587376751,8.0,MID_LANE,2177.0,1807.0,100.0,1763725,NEXUS_TURRET,BUILDING_KILL
0.0,TOWER_BUILDING,1777294,7587376751,7.0,MID_LANE,1748.0,2270.0,100.0,1768367,NEXUS_TURRET,BUILDING_KILL
0.0,TOWER_BUILDING,840323,7586546235,5.0,TOP_LANE,4318.0,13875.0,200.0,792931,OUTER_TURRET,BUILDING_KILL
0.0,TOWER_BUILDING,840323,7586546235,9.0,BOT_LANE,10504.0,1029.0,100.0,802784,OUTER_TURRET,BUILDING_KILL
0.0,TOWER_BUILDING,1140400,7586546235,9.0,MID_LANE,5846.0,6396.0,100.0,1080651,OUTER_TURRET,BUILDING_KILL
0.0,TOWER_BUILDING,1320446,7586546235,1.0,BOT_LANE,13866.0,4505.0,200.0,1279570,OUTER_TURRET,BUILDING_KILL
0.0,TOWER_BUILDING,1320446,7586546235,9.0,TOP_LANE,981.0,10441.0,100.0,1312955,OUTER_TURRET,BUILDING_KILL
0.0,TOWER_BUILDING,1380446,7586546235,9.0,TOP_LANE,1512.0,6699.0,100.0,1332205,INNER_TURRET,BUILDING_KILL
0.0,TOWER_BUILDING,1380446,7586546235,4.0,MID_LANE,8955.0,8510.0,200.0,1352386,OUTER_TURRET,BUILDING_KILL
0.0,TOWER_BUILDING,1440453,7586546235,8.0,BOT_LANE,6919.0,1483.0,100.0,1407629,INNER_TURRET,BUILDING_KILL
0.0,TOWER_BUILDING,1500453,7586546235,3.0,TOP_LANE,7943.0,13411.0,200.0,1448415,INNER_TURRET,BUILDING_KILL
0.0,TOWER_BUILDING,1620490,7586546235,6.0,MID_LANE,5048.0,4812.0,100.0,1581167,INNER_TURRET,BUILDING_KILL
0.0,TOWER_BUILDING,1740504,7586546235,10.0,BOT_LANE,4281.0,1253.0,100.0,1690207,BASE_TURRET,BUILDING_KILL
0.0,INHIBITOR_BUILDING,1740504,7586546235,7.0,BOT_LANE,3468.0,1230.0,100.0,1693848,,BUILDING_KILL
0.0,TOWER_BUILDING,2083709,7586546235,9.0,MID_LANE,3651.0,3696.0,100.0,2046982,BASE_TURRET,BUILDING_KILL
0.0,INHIBITOR_BUILDING,2083709,7586546235,8.0,MID_LANE,3210.0,3217.0,100.0,2051458,,BUILDING_KILL
0.0,TOWER_BUILDING,2083709,7586546235,8.0,MID_LANE,2177.0,1807.0,100.0,2066220,NEXUS_TURRET,BUILDING_KILL
0.0,TOWER_BUILDING,2083709,7586546235,8.0,MID_LANE,1748.0,2270.0,100.0,2070472,NEXUS_TURRET,BUILDING_KILL
0.0,TOWER_BUILDING,720262,7586858145,6.0,TOP_LANE,981.0,10441.0,100.0,682677,OUTER_TURRET,BUILDING_KILL
0.0,TOWER_BUILDING,900301,7586858145,6.0,BOT_LANE,10504.0,1029.0,100.0,866476,OUTER_TURRET,BUILDING_KILL
0.0,TOWER_BUILDING,900301,7586858145,1.0,TOP_LANE,4318.0,13875.0,200.0,896883,OUTER_TURRET,BUILDING_KILL
0.0,TOWER_BUILDING,960309,7586858145,3.0,BOT_LANE,13866.0,4505.0,200.0,928778,OUTER_TURRET,BUILDING_KILL
0.0,TOWER_BUILDING,1020322,7586858145,6.0,MID_LANE,5846.0,6396.0,100.0,967421,OUTER_TURRET,BUILDING_KILL
0.0,TOWER_BUILDING,1020322,7586858145,9.0,MID_LANE,5048.0,4812.0,100.0,978690,INNER_TURRET,BUILDING_KILL
0.0,TOWER_BUILDING,1200383,7586858145,6.0,TOP_LANE,1512.0,6699.0,100.0,1170709,INNER_TURRET,BUILDING_KILL
0.0,TOWER_BUILDING,1200383,7586858145,2.0,MID_LANE,8955.0,8510.0,200.0,1181062,OUTER_TURRET,BUILDING_KILL
0.0,TOWER_BUILDING,1560482,7586858145,9.0,MID_LANE,3651.0,3696.0,100.0,1546195,BASE_TURRET,BUILDING_KILL
0.0,INHIBITOR_BUILDING,1560482,7586858145,6.0,MID_LANE,3210.0,3217.0,100.0,1551903,,BUILDING_KILL
0.0,TOWER_BUILDING,1800590,7586858145,8.0,BOT_LANE,6919.0,1483.0,100.0,1761028,INNER_TURRET,BUILDING_KILL
0.0,TOWER_BUILDING,1800590,7586858145,8.0,BOT_LANE,4281.0,1253.0,100.0,1800089,BASE_TURRET,BUILDING_KILL
0.0,TOWER_BUILDING,1980635,7586858145,3.0,MID_LANE,9767.0,10113.0,200.0,1933382,INNER_TURRET,BUILDING_KILL
0.0,TOWER_BUILDING,1980635,7586858145,6.0,TOP_LANE,1169.0,4287.0,100.0,1963341,BASE_TURRET,BUILDING_KILL
0.0,INHIBITOR_BUILDING,2002292,7586858145,9.0,MID_LANE,3210.0,3217.0,100.0,1988142,,BUILDING_KILL
0.0,INHIBITOR_BUILDING,2002292,7586858145,6.0,TOP_LANE,1172.0,3583.0,100.0,1988977,,BUILDING_KILL
0.0,TOWER_BUILDING,2002292,7586858145,7.0,MID_LANE,1748.0,2270.0,100.0,1996502,NEXUS_TURRET,BUILDING_KILL
0.0,TOWER_BUILDING,720287,7586092032,2.0,TOP_LANE,4318.0,13875.0,200.0,714809,OUTER_TURRET,BUILDING_KILL
0.0,TOWER_BUILDING,960349,7586092032,9.0,MID_LANE,5846.0,6396.0,100.0,923900,OUTER_TURRET,BUILDING_KILL
0.0,TOWER_BUILDING,1020375,7586092032,8.0,BOT_LANE,10504.0,1029.0,100.0,961251,OUTER_TURRET,BUILDING_KILL
0.0,TOWER_BUILDING,1020375,7586092032,8.0,BOT_LANE,6919.0,1483.0,100.0,1019553,INNER_TURRET,BUILDING_KILL
0.0,TOWER_BUILDING,1200447,7586092032,6.0,TOP_LANE,981.0,10441.0,100.0,1169925,OUTER_TURRET,BUILDING_KILL
0.0,TOWER_BUILDING,1440495,7586092032,8.0,TOP_LANE,1512.0,6699.0,100.0,1409057,INNER_TURRET,BUILDING_KILL
0.0,TOWER_BUILDING,1680545,7586092032,9.0,MID_LANE,5048.0,4812.0,100.0,1641455,INNER_TURRET,BUILDING_KILL
0.0,TOWER_BUILDING,1680545,7586092032,9.0,MID_LANE,3651.0,3696.0,100.0,1648402,BASE_TURRET,BUILDING_KILL
0.0,INHIBITOR_BUILDING,1680545,7586092032,8.0,MID_LANE,3210.0,3217.0,100.0,1652112,,BUILDING_KILL
0.0,TOWER_BUILDING,1080437,7586181900,6.0,TOP_LANE,981.0,10441.0,100.0,1040148,OUTER_TURRET,BUILDING_KILL
0.0,TOWER_BUILDING,1080437,7586181900,4.0,MID_LANE,8955.0,8510.0,200.0,1060984,OUTER_TURRET,BUILDING_KILL
0.0,TOWER_BUILDING,1080437,7586181900,9.0,TOP_LANE,1512.0,6699.0,100.0,1072967,INNER_TURRET,BUILDING_KILL
0.0,TOWER_BUILDING,1080437,7586181900,6.0,BOT_LANE,10504.0,1029.0,100.0,1074893,OUTER_TURRET,BUILDING_KILL
0.0,TOWER_BUILDING,1320489,7586181900,9.0,MID_LANE,5846.0,6396.0,100.0,1276306,OUTER_TURRET,BUILDING_KILL
0.0,TOWER_BUILDING,1440551,7586181900,6.0,BOT_LANE,6919.0,1483.0,100.0,1436954,INNER_TURRET,BUILDING_KILL
0.0,TOWER_BUILDING,1607247,7586181900,9.0,MID_LANE,5048.0,4812.0,100.0,1569928,INNER_TURRET,BUILDING_KILL
0.0,TOWER_BUILDING,1607247,7586181900,6.0,MID_LANE,3651.0,3696.0,100.0,1579718,BASE_TURRET,BUILDING_KILL
0.0,INHIBITOR_BUILDING,1607247,7586181900,9.0,MID_LANE,3210.0,3217.0,100.0,1583893,,BUILDING_KILL
0.0,TOWER_BUILDING,1607247,7586181900,7.0,MID_LANE,1748.0,2270.0,100.0,1595302,NEXUS_TURRET,BUILDING_KILL
0.0,TOWER_BUILDING,1607247,7586181900,9.0,MID_LANE,2177.0,1807.0,100.0,1596104,NEXUS_TURRET,BUILDING_KILL
0.0,TOWER_BUILDING,900296,7586689817,4.0,BOT_LANE,13866.0,4505.0,200.0,847284,OUTER_TURRET,BUILDING_KILL
0.0,TOWER_BUILDING,960309,7586689817,6.0,TOP_LANE,981.0,10441.0,100.0,921073,OUTER_TURRET,BUILDING_KILL
0.0,TOWER_BUILDING,1080349,7586689817,6.0,MID_LANE,5846.0,6396.0,100.0,1031395,OUTER_TURRET,BUILDING_KILL
0.0,TOWER_BUILDING,1260406,7586689817,2.0,MID_LANE,8955.0,8510.0,200.0,1254416,OUTER_TURRET,BUILDING_KILL
0.0,TOWER_BUILDING,1320437,7586689817,6.0,TOP_LANE,1512.0,6699.0,100.0,1292082,INNER_TURRET,BUILDING_KILL
0.0,TOWER_BUILDING,1500496,7586689817,8.0,BOT_LANE,10504.0,1029.0,100.0,1471833,OUTER_TURRET,BUILDING_KILL
0.0,TOWER_BUILDING,1560520,7586689817,0.0,TOP_LANE,4318.0,13875.0,200.0,1519318,OUTER_TURRET,BUILDING_KILL
0.0,TOWER_BUILDING,1740542,7586689817,4.0,MID_LANE,9767.0,10113.0,200.0,1684072,INNER_TURRET,BUILDING_KILL
0.0,TOWER_BUILDING,1740542,7586689817,4.0,MID_LANE,11134.0,11207.0,200.0,1693157,BASE_TURRET,BUILDING_KILL
0.0,TOWER_BUILDING,1740542,7586689817,1.0,TOP_LANE,7943.0,13411.0,200.0,1707298,INNER_TURRET,BUILDING_KILL
0.0,INHIBITOR_BUILDING,1858088,7586689817,4.0,MID_LANE,11593.0,11669.0,200.0,1828647,,BUILDING_KILL
0.0,TOWER_BUILDING,1858088,7586689817,5.0,MID_LANE,13052.0,12612.0,200.0,1847117,NEXUS_TURRET,BUILDING_KILL
0.0,TOWER_BUILDING,1858088,7586689817,4.0,MID_LANE,12611.0,13084.0,200.0,1851141,NEXUS_TURRET,BUILDING_KILL
0.0,TOWER_BUILDING,900301,7586245004,2.0,BOT_LANE,13866.0,4505.0,200.0,847644,OUTER_TURRET,BUILDING_KILL
0.0,TOWER_BUILDING,900301,7586245004,6.0,TOP_LANE,981.0,10441.0,100.0,863450,OUTER_TURRET,BUILDING_KILL
0.0,TOWER_BUILDING,1020327,7586245004,2.0,TOP_LANE,4318.0,13875.0,200.0,983396,OUTER_TURRET,BUILDING_KILL
0.0,TOWER_BUILDING,1080360,7586245004,2.0,TOP_LANE,7943.0,13411.0,200.0,1024074,INNER_TURRET,BUILDING_KILL
0.0,TOWER_BUILDING,1140382,7586245004,5.0,MID_LANE,8955.0,8510.0,200.0,1095239,OUTER_TURRET,BUILDING_KILL
0.0,TOWER_BUILDING,1320443,7586245004,4.0,MID_LANE,9767.0,10113.0,200.0,1309141,INNER_TURRET,BUILDING_KILL
0.0,TOWER_BUILDING,1320443,7586245004,4.0,MID_LANE,11134.0,11207.0,200.0,1319040,BASE_TURRET,BUILDING_KILL
0.0,INHIBITOR_BUILDING,1380462,7586245004,2.0,MID_LANE,11593.0,11669.0,200.0,1324618,,BUILDING_KILL
0.0,TOWER_BUILDING,1380462,7586245004,1.0,TOP_LANE,10481.0,13650.0,200.0,1325486,BASE_TURRET,BUILDING_KILL
0.0,INHIBITOR_BUILDING,1380462,7586245004,2.0,TOP_LANE,11275.0,13663.0,200.0,1329237,,BUILDING_KILL
350.0,TOWER_BUILDING,1380462,7586245004,8.0,BOT_LANE,10504.0,1029.0,100.0,1342346,OUTER_TURRET,BUILDING_KILL
0.0,TOWER_BUILDING,1498915,7586245004,4.0,BOT_LANE,13327.0,8226.0,200.0,1466506,INNER_TURRET,BUILDING_KILL
0.0,TOWER_BUILDING,1498915,7586245004,2.0,BOT_LANE,13624.0,10572.0,200.0,1474632,BASE_TURRET,BUILDING_KILL
0.0,INHIBITOR_BUILDING,1498915,7586245004,3.0,BOT_LANE,13594.0,11319.0,200.0,1478106,,BUILDING_KILL
0.0,TOWER_BUILDING,1498915,7586245004,4.0,MID_LANE,13052.0,12612.0,200.0,1484850,NEXUS_TURRET,BUILDING_KILL
0.0,TOWER_BUILDING,1498915,7586245004,4.0,MID_LANE,12611.0,13084.0,200.0,1489796,NEXUS_TURRET,BUILDING_KILL
0.0,TOWER_BUILDING,900323,7587117239,9.0,BOT_LANE,10504.0,1029.0,100.0,872575,OUTER_TURRET,BUILDING_KILL
0.0,TOWER_BUILDING,1020358,7587117239,4.0,MID_LANE,8955.0,8510.0,200.0,992192,OUTER_TURRET,BUILDING_KILL
0.0,TOWER_BUILDING,1020358,7587117239,10.0,TOP_LANE,981.0,10441.0,100.0,1007152,OUTER_TURRET,BUILDING_KILL
0.0,TOWER_BUILDING,1140393,7587117239,10.0,BOT_LANE,6919.0,1483.0,100.0,1113269,INNER_TURRET,BUILDING_KILL
0.0,TOWER_BUILDING,1260439,7587117239,1.0,BOT_LANE,13866.0,4505.0,200.0,1222433,OUTER_TURRET,BUILDING_KILL
0.0,TOWER_BUILDING,1320446,7587117239,1.0,TOP_LANE,4318.0,13875.0,200.0,1286884,OUTER_TURRET,BUILDING_KILL
0.0,TOWER_BUILDING,1320446,7587117239,9.0,MID_LANE,5846.0,6396.0,100.0,1287084,OUTER_TURRET,BUILDING_KILL
0.0,TOWER_BUILDING,1440491,7587117239,4.0,MID_LANE,9767.0,10113.0,200.0,1390583,INNER_TURRET,BUILDING_KILL
0.0,TOWER_BUILDING,1440491,7587117239,4.0,BOT_LANE,13327.0,8226.0,200.0,1409507,INNER_TURRET,BUILDING_KILL
0.0,TOWER_BUILDING,900374,7587155922,4.0,BOT_LANE,13866.0,4505.0,200.0,861121,OUTER_TURRET,BUILDING_KILL
0.0,TOWER_BUILDING,900374,7587155922,3.0,MID_LANE,8955.0,8510.0,200.0,865285,OUTER_TURRET,BUILDING_KILL
0.0,TOWER_BUILDING,1020399,7587155922,6.0,TOP_LANE,981.0,10441.0,100.0,989690,OUTER_TURRET,BUILDING_KILL
0.0,TOWER_BUILDING,1020399,7587155922,2.0,MID_LANE,9767.0,10113.0,200.0,1002722,INNER_TURRET,BUILDING_KILL
0.0,TOWER_BUILDING,1020399,7587155922,8.0,BOT_LANE,10504.0,1029.0,100.0,1007941,OUTER_TURRET,BUILDING_KILL
0.0,TOWER_BUILDING,1200450,7587155922,1.0,TOP_LANE,4318.0,13875.0,200.0,1180896,OUTER_TURRET,BUILDING_KILL
0.0,TOWER_BUILDING,1200450,7587155922,9.0,MID_LANE,5846.0,6396.0,100.0,1200317,OUTER_TURRET,BUILDING_KILL
0.0,TOWER_BUILDING,1260473,7587155922,1.0,TOP_LANE,7943.0,13411.0,200.0,1257787,INNER_TURRET,BUILDING_KILL
0.0,TOWER_BUILDING,1800635,7587155922,9.0,MID_LANE,5048.0,4812.0,100.0,1747069,INNER_TURRET,BUILDING_KILL
0.0,TOWER_BUILDING,1800635,7587155922,0.0,TOP_LANE,1512.0,6699.0,100.0,1798195,INNER_TURRET,BUILDING_KILL
0.0,TOWER_BUILDING,1860638,7587155922,6.0,BOT_LANE,6919.0,1483.0,100.0,1823656,INNER_TURRET,BUILDING_KILL
0.0,TOWER_BUILDING,1892199,7587155922,6.0,BOT_LANE,4281.0,1253.0,100.0,1864983,BASE_TURRET,BUILDING_KILL
0.0,INHIBITOR_BUILDING,1892199,7587155922,6.0,BOT_LANE,3468.0,1230.0,100.0,1871230,,BUILDING_KILL
0.0,TOWER_BUILDING,1892199,7587155922,7.0,MID_LANE,2177.0,1807.0,100.0,1879329,NEXUS_TURRET,BUILDING_KILL
0.0,TOWER_BUILDING,1892199,7587155922,6.0,MID_LANE,1748.0,2270.0,100.0,1879797,NEXUS_TURRET,BUILDING_KILL
0.0,TOWER_BUILDING,780291,7587369805,3.0,MID_LANE,8955.0,8510.0,200.0,732656,OUTER_TURRET,BUILDING_KILL
0.0,TOWER_BUILDING,840303,7587369805,3.0,BOT_LANE,13866.0,4505.0,200.0,807531,OUTER_TURRET,BUILDING_KILL
0.0,TOWER_BUILDING,840303,7587369805,6.0,TOP_LANE,981.0,10441.0,100.0,834225,OUTER_TURRET,BUILDING_KILL
0.0,TOWER_BUILDING,900332,7587369805,1.0,TOP_LANE,4318.0,13875.0,200.0,867141,OUTER_TURRET,BUILDING_KILL
0.0,TOWER_BUILDING,1140416,7587369805,4.0,MID_LANE,9767.0,10113.0,200.0,1104547,INNER_TURRET,BUILDING_KILL
0.0,TOWER_BUILDING,1140416,7587369805,1.0,BOT_LANE,13327.0,8226.0,200.0,1105950,INNER_TURRET,BUILDING_KILL
0.0,TOWER_BUILDING,1140416,7587369805,4.0,MID_LANE,11134.0,11207.0,200.0,1112853,BASE_TURRET,BUILDING_KILL
200.0,TOWER_BUILDING,1260457,7587369805,6.0,BOT_LANE,10504.0,1029.0,100.0,1213978,OUTER_TURRET,BUILDING_KILL
0.0,INHIBITOR_BUILDING,1440526,7587369805,2.0,MID_LANE,11593.0,11669.0,200.0,1424089,,BUILDING_KILL
0.0,TOWER_BUILDING,1440526,7587369805,4.0,MID_LANE,13052.0,12612.0,200.0,1436230,NEXUS_TURRET,BUILDING_KILL
0.0,TOWER_BUILDING,1620594,7587369805,1.0,BOT_LANE,13624.0,10572.0,200.0,1585636,BASE_TURRET,BUILDING_KILL
0.0,TOWER_BUILDING,1740645,7587369805,8.0,BOT_LANE,6919.0,1483.0,100.0,1691549,INNER_TURRET,BUILDING_KILL
0.0,TOWER_BUILDING,1740645,7587369805,8.0,BOT_LANE,4281.0,1253.0,100.0,1715138,BASE_TURRET,BUILDING_KILL
0.0,TOWER_BUILDING,1740645,7587369805,9.0,MID_LANE,5846.0,6396.0,100.0,1727209,OUTER_TURRET,BUILDING_KILL
0.0,TOWER_BUILDING,1800678,7587369805,9.0,MID_LANE,5048.0,4812.0,100.0,1774564,INNER_TURRET,BUILDING_KILL
0.0,TOWER_BUILDING,1800678,7587369805,6.0,TOP_LANE,1512.0,6699.0,100.0,1779507,INNER_TURRET,BUILDING_KILL
0.0,TOWER_BUILDING,1800678,7587369805,9.0,MID_LANE,3651.0,3696.0,100.0,1783489,BASE_TURRET,BUILDING_KILL
0.0,INHIBITOR_BUILDING,1800678,7587369805,7.0,MID_LANE,3210.0,3217.0,100.0,1791376,,BUILDING_KILL
0.0,TOWER_BUILDING,1840245,7587369805,8.0,TOP_LANE,1169.0,4287.0,100.0,1807123,BASE_TURRET,BUILDING_KILL
0.0,INHIBITOR_BUILDING,1840245,7587369805,9.0,TOP_LANE,1172.0,3583.0,100.0,1816345,,BUILDING_KILL
0.0,TOWER_BUILDING,1840245,7587369805,9.0,MID_LANE,1748.0,2270.0,100.0,1834668,NEXUS_TURRET,BUILDING_KILL
0.0,TOWER_BUILDING,840316,7586395288,8.0,BOT_LANE,10504.0,1029.0,100.0,833567,OUTER_TURRET,BUILDING_KILL
0.0,TOWER_BUILDING,960339,7586395288,8.0,MID_LANE,5846.0,6396.0,100.0,912841,OUTER_TURRET,BUILDING_KILL
0.0,TOWER_BUILDING,960339,7586395288,4.0,BOT_LANE,13866.0,4505.0,200.0,952139,OUTER_TURRET,BUILDING_KILL
0.0,TOWER_BUILDING,1080401,7586395288,6.0,TOP_LANE,981.0,10441.0,100.0,1020871,OUTER_TURRET,BUILDING_KILL
0.0,TOWER_BUILDING,1080401,7586395288,4.0,TOP_LANE,4318.0,13875.0,200.0,1070982,OUTER_TURRET,BUILDING_KILL
0.0,TOWER_BUILDING,1320454,7586395288,3.0,MID_LANE,8955.0,8510.0,200.0,1294519,OUTER_TURRET,BUILDING_KILL
0.0,TOWER_BUILDING,1380459,7586395288,1.0,TOP_LANE,7943.0,13411.0,200.0,1370842,INNER_TURRET,BUILDING_KILL
0.0,TOWER_BUILDING,1440463,7586395288,1.0,TOP_LANE,10481.0,13650.0,200.0,1382797,BASE_TURRET,BUILDING_KILL
0.0,TOWER_BUILDING,1440463,7586395288,4.0,MID_LANE,9767.0,10113.0,200.0,1391527,INNER_TURRET,BUILDING_KILL
0.0,TOWER_BUILDING,1440463,7586395288,7.0,MID_LANE,5048.0,4812.0,100.0,1436018,INNER_TURRET,BUILDING_KILL
0.0,TOWER_BUILDING,1620513,7586395288,6.0,MID_LANE,3651.0,3696.0,100.0,1600656,BASE_TURRET,BUILDING_KILL
0.0,INHIBITOR_BUILDING,1740549,7586395288,1.0,TOP_LANE,11275.0,13663.0,200.0,1719807,,BUILDING_KILL
0.0,TOWER_BUILDING,1080367,7587392795,2.0,TOP_LANE,4318.0,13875.0,200.0,1042100,OUTER_TURRET,BUILDING_KILL
0.0,TOWER_BUILDING,1140385,7587392795,9.0,BOT_LANE,10504.0,1029.0,100.0,1128471,OUTER_TURRET,BUILDING_KILL
0.0,TOWER_BUILDING,1200399,7587392795,3.0,BOT_LANE,13866.0,4505.0,200.0,1187314,OUTER_TURRET,BUILDING_KILL
0.0,TOWER_BUILDING,1380421,7587392795,1.0,MID_LANE,8955.0,8510.0,200.0,1329839,OUTER_TURRET,BUILDING_KILL
0.0,TOWER_BUILDING,1440443,7587392795,6.0,TOP_LANE,981.0,10441.0,100.0,1427109,OUTER_TURRET,BUILDING_KILL
0.0,TOWER_BUILDING,1440443,7587392795,9.0,MID_LANE,5846.0,6396.0,100.0,1430215,OUTER_TURRET,BUILDING_KILL
0.0,TOWER_BUILDING,1740527,7587392795,9.0,BOT_LANE,6919.0,1483.0,100.0,1709120,INNER_TURRET,BUILDING_KILL
0.0,TOWER_BUILDING,1740527,7587392795,6.0,MID_LANE,5048.0,4812.0,100.0,1716318,INNER_TURRET,BUILDING_KILL
0.0,TOWER_BUILDING,1740527,7587392795,9.0,BOT_LANE,4281.0,1253.0,100.0,1725035,BASE_TURRET,BUILDING_KILL
0.0,TOWER_BUILDING,1740527,7587392795,6.0,MID_LANE,3651.0,3696.0,100.0,1728564,BASE_TURRET,BUILDING_KILL
0.0,TOWER_BUILDING,1740527,7587392795,8.0,TOP_LANE,1512.0,6699.0,100.0,1734041,INNER_TURRET,BUILDING_KILL
0.0,TOWER_BUILDING,840316,7586303473,2.0,TOP_LANE,4318.0,13875.0,200.0,835807,OUTER_TURRET,BUILDING_KILL
0.0,TOWER_BUILDING,900318,7586303473,5.0,BOT_LANE,13866.0,4505.0,200.0,844447,OUTER_TURRET,BUILDING_KILL
0.0,TOWER_BUILDING,900318,7586303473,8.0,MID_LANE,5846.0,6396.0,100.0,856413,OUTER_TURRET,BUILDING_KILL
0.0,TOWER_BUILDING,960335,7586303473,8.0,BOT_LANE,10504.0,1029.0,100.0,937493,OUTER_TURRET,BUILDING_KILL
0.0,TOWER_BUILDING,1020359,7586303473,9.0,MID_LANE,5048.0,4812.0,100.0,998560,INNER_TURRET,BUILDING_KILL
0.0,TOWER_BUILDING,1080375,7586303473,6.0,TOP_LANE,981.0,10441.0,100.0,1044291,OUTER_TURRET,BUILDING_KILL
0.0,TOWER_BUILDING,1080375,7586303473,7.0,TOP_LANE,1512.0,6699.0,100.0,1073404,INNER_TURRET,BUILDING_KILL
0.0,TOWER_BUILDING,1140396,7586303473,9.0,TOP_LANE,1169.0,4287.0,100.0,1089839,BASE_TURRET,BUILDING_KILL
0.0,INHIBITOR_BUILDING,1140396,7586303473,8.0,TOP_LANE,1172.0,3583.0,100.0,1102768,,BUILDING_KILL
0.0,TOWER_BUILDING,1260429,7586303473,4.0,MID_LANE,8955.0,8510.0,200.0,1215548,OUTER_TURRET,BUILDING_KILL
0.0,TOWER_BUILDING,1320461,7586303473,0.0,MID_LANE,1748.0,2270.0,100.0,1266742,NEXUS_TURRET,BUILDING_KILL
0.0,TOWER_BUILDING,1320461,7586303473,8.0,MID_LANE,3651.0,3696.0,100.0,1279015,BASE_TURRET,BUILDING_KILL
0.0,INHIBITOR_BUILDING,1320461,7586303473,8.0,MID_LANE,3210.0,3217.0,100.0,1290155,,BUILDING_KILL
0.0,TOWER_BUILDING,1380471,7586303473,8.0,MID_LANE,2177.0,1807.0,100.0,1354018,NEXUS_TURRET,BUILDING_KILL
0.0,TOWER_BUILDING,1560514,7586303473,8.0,MID_LANE,1748.0,2270.0,100.0,1535054,NEXUS_TURRET,BUILDING_KILL
0.0,TOWER_BUILDING,1620537,7586303473,2.0,MID_LANE,9767.0,10113.0,200.0,1595493,INNER_TURRET,BUILDING_KILL
0.0,TOWER_BUILDING,1620537,7586303473,4.0,MID_LANE,11134.0,11207.0,200.0,1601837,BASE_TURRET,BUILDING_KILL
0.0,INHIBITOR_BUILDING,1620537,7586303473,2.0,MID_LANE,11593.0,11669.0,200.0,1607104,,BUILDING_KILL
0.0,TOWER_BUILDING,1633623,7586303473,1.0,MID_LANE,13052.0,12612.0,200.0,1622053,NEXUS_TURRET,BUILDING_KILL
0.0,TOWER_BUILDING,1633623,7586303473,1.0,MID_LANE,12611.0,13084.0,200.0,1625161,NEXUS_TURRET,BUILDING_KILL
0.0,TOWER_BUILDING,900313,7587091839,6.0,TOP_LANE,981.0,10441.0,100.0,847580,OUTER_TURRET,BUILDING_KILL
0.0,TOWER_BUILDING,900313,7587091839,3.0,MID_LANE,8955.0,8510.0,200.0,887089,OUTER_TURRET,BUILDING_KILL
0.0,TOWER_BUILDING,1080409,7587091839,6.0,BOT_LANE,10504.0,1029.0,100.0,1033978,OUTER_TURRET,BUILDING_KILL
0.0,TOWER_BUILDING,1200448,7587091839,3.0,BOT_LANE,13866.0,4505.0,200.0,1180426,OUTER_TURRET,BUILDING_KILL
0.0,TOWER_BUILDING,1380503,7587091839,6.0,BOT_LANE,6919.0,1483.0,100.0,1324866,INNER_TURRET,BUILDING_KILL
0.0,TOWER_BUILDING,1440536,7587091839,3.0,TOP_LANE,4318.0,13875.0,200.0,1381539,OUTER_TURRET,BUILDING_KILL
0.0,TOWER_BUILDING,1440536,7587091839,9.0,MID_LANE,5846.0,6396.0,100.0,1386786,OUTER_TURRET,BUILDING_KILL
0.0,TOWER_BUILDING,1440536,7587091839,3.0,TOP_LANE,7943.0,13411.0,200.0,1416989,INNER_TURRET,BUILDING_KILL
0.0,TOWER_BUILDING,1560546,7587091839,4.0,MID_LANE,9767.0,10113.0,200.0,1518731,INNER_TURRET,BUILDING_KILL
0.0,TOWER_BUILDING,1740612,7587091839,7.0,MID_LANE,5048.0,4812.0,100.0,1696751,INNER_TURRET,BUILDING_KILL
0.0,TOWER_BUILDING,1920675,7587091839,6.0,BOT_LANE,4281.0,1253.0,100.0,1899060,BASE_TURRET,BUILDING_KILL
0.0,INHIBITOR_BUILDING,1920675,7587091839,6.0,BOT_LANE,3468.0,1230.0,100.0,1906751,,BUILDING_KILL
0.0,TOWER_BUILDING,1920675,7587091839,6.0,MID_LANE,2177.0,1807.0,100.0,1915759,NEXUS_TURRET,BUILDING_KILL
0.0,TOWER_BUILDING,1944280,7587091839,6.0,MID_LANE,1748.0,2270.0,100.0,1925284,NEXUS_TURRET,BUILDING_KILL
0.0,TOWER_BUILDING,660247,7587582872,1.0,TOP_LANE,4318.0,13875.0,200.0,627968,OUTER_TURRET,BUILDING_KILL
0.0,TOWER_BUILDING,1140421,7587582872,8.0,BOT_LANE,10504.0,1029.0,100.0,1138308,OUTER_TURRET,BUILDING_KILL
0.0,TOWER_BUILDING,1200428,7587582872,2.0,MID_LANE,8955.0,8510.0,200.0,1156302,OUTER_TURRET,BUILDING_KILL
0.0,TOWER_BUILDING,1260441,7587582872,3.0,BOT_LANE,13866.0,4505.0,200.0,1202469,OUTER_TURRET,BUILDING_KILL
0.0,TOWER_BUILDING,1260441,7587582872,7.0,TOP_LANE,981.0,10441.0,100.0,1256854,OUTER_TURRET,BUILDING_KILL
0.0,TOWER_BUILDING,780267,7586606845,9.0,BOT_LANE,10504.0,1029.0,100.0,776034,OUTER_TURRET,BUILDING_KILL
0.0,TOWER_BUILDING,960325,7586606845,5.0,MID_LANE,8955.0,8510.0,200.0,926076,OUTER_TURRET,BUILDING_KILL
0.0,TOWER_BUILDING,1020357,7586606845,7.0,TOP_LANE,981.0,10441.0,100.0,997402,OUTER_TURRET,BUILDING_KILL
0.0,TOWER_BUILDING,1080357,7586606845,8.0,MID_LANE,5846.0,6396.0,100.0,1064112,OUTER_TURRET,BUILDING_KILL
0.0,TOWER_BUILDING,1380442,7586606845,9.0,MID_LANE,5048.0,4812.0,100.0,1369384,INNER_TURRET,BUILDING_KILL
0.0,TOWER_BUILDING,1440449,7586606845,8.0,BOT_LANE,6919.0,1483.0,100.0,1396112,INNER_TURRET,BUILDING_KILL
0.0,TOWER_BUILDING,1500481,7586606845,4.0,TOP_LANE,4318.0,13875.0,200.0,1480382,OUTER_TURRET,BUILDING_KILL
0.0,TOWER_BUILDING,1500481,7586606845,7.0,BOT_LANE,4281.0,1253.0,100.0,1485316,BASE_TURRET,BUILDING_KILL
0.0,TOWER_BUILDING,1500481,7586606845,9.0,MID_LANE,3651.0,3696.0,100.0,1490454,BASE_TURRET,BUILDING_KILL
0.0,INHIBITOR_BUILDING,1500481,7586606845,7.0,BOT_LANE,3468.0,1230.0,100.0,1494833,,BUILDING_KILL
0.0,INHIBITOR_BUILDING,1560494,7586606845,9.0,MID_LANE,3210.0,3217.0,100.0,1500683,,BUILDING_KILL
0.0,TOWER_BUILDING,1718157,7586606845,7.0,MID_LANE,1748.0,2270.0,100.0,1710055,NEXUS_TURRET,BUILDING_KILL
0.0,TOWER_BUILDING,1718157,7586606845,7.0,MID_LANE,2177.0,1807.0,100.0,1710489,NEXUS_TURRET,BUILDING_KILL
0.0,TOWER_BUILDING,720275,7587246502,9.0,BOT_LANE,10504.0,1029.0,100.0,693105,OUTER_TURRET,BUILDING_KILL
0.0,TOWER_BUILDING,840298,7587246502,8.0,TOP_LANE,981.0,10441.0,100.0,837693,OUTER_TURRET,BUILDING_KILL
0.0,TOWER_BUILDING,900305,7587246502,10.0,MID_LANE,5846.0,6396.0,100.0,860406,OUTER_TURRET,BUILDING_KILL
0.0,TOWER_BUILDING,900305,7587246502,6.0,BOT_LANE,6919.0,1483.0,100.0,861909,INNER_TURRET,BUILDING_KILL
0.0,TOWER_BUILDING,780221,7587266934,4.0,BOT_LANE,13866.0,4505.0,200.0,773080,OUTER_TURRET,BUILDING_KILL
0.0,TOWER_BUILDING,780221,7587266934,1.0,TOP_LANE,4318.0,13875.0,200.0,776888,OUTER_TURRET,BUILDING_KILL
0.0,TOWER_BUILDING,900242,7587266934,4.0,MID_LANE,8955.0,8510.0,200.0,847374,OUTER_TURRET,BUILDING_KILL
0.0,TOWER_BUILDING,840304,7586975812,2.0,TOP_LANE,4318.0,13875.0,200.0,839870,OUTER_TURRET,BUILDING_KILL
0.0,TOWER_BUILDING,900335,7586975812,1.0,MID_LANE,8955.0,8510.0,200.0,862843,OUTER_TURRET,BUILDING_KILL
0.0,TOWER_BUILDING,960363,7586975812,8.0,BOT_LANE,10504.0,1029.0,100.0,923779,OUTER_TURRET,BUILDING_KILL
0.0,TOWER_BUILDING,960363,7586975812,3.0,BOT_LANE,13866.0,4505.0,200.0,952096,OUTER_TURRET,BUILDING_KILL
0.0,TOWER_BUILDING,1020370,7586975812,2.0,BOT_LANE,13327.0,8226.0,200.0,974415,INNER_TURRET,BUILDING_KILL
0.0,TOWER_BUILDING,1140388,7586975812,2.0,MID_LANE,9767.0,10113.0,200.0,1083767,INNER_TURRET,BUILDING_KILL
0.0,TOWER_BUILDING,1140388,7586975812,2.0,TOP_LANE,7943.0,13411.0,200.0,1097261,INNER_TURRET,BUILDING_KILL
0.0,TOWER_BUILDING,720161,7586832178,4.0,BOT_LANE,13866.0,4505.0,200.0,684902,OUTER_TURRET,BUILDING_KILL
0.0,TOWER_BUILDING,840250,7586832178,5.0,MID_LANE,8955.0,8510.0,200.0,799006,OUTER_TURRET,BUILDING_KILL
0.0,TOWER_BUILDING,840250,7586832178,5.0,MID_LANE,9767.0,10113.0,200.0,830960,INNER_TURRET,BUILDING_KILL
0.0,TOWER_BUILDING,900267,7586832178,3.0,BOT_LANE,13327.0,8226.0,200.0,841219,INNER_TURRET,BUILDING_KILL
0.0,TOWER_BUILDING,900267,7586832178,1.0,TOP_LANE,4318.0,13875.0,200.0,858678,OUTER_TURRET,BUILDING_KILL
0.0,TOWER_BUILDING,900341,7587613668,1.0,TOP_LANE,4318.0,13875.0,200.0,892095,OUTER_TURRET,BUILDING_KILL
0.0,TOWER_BUILDING,960373,7587613668,4.0,BOT_LANE,13866.0,4505.0,200.0,923190,OUTER_TURRET,BUILDING_KILL
0.0,TOWER_BUILDING,1020389,7587613668,1.0,TOP_LANE,7943.0,13411.0,200.0,1018214,INNER_TURRET,BUILDING_KILL
0.0,TOWER_BUILDING,1080420,7587613668,2.0,MID_LANE,8955.0,8510.0,200.0,1035160,OUTER_TURRET,BUILDING_KILL
0.0,TOWER_BUILDING,1260473,7587613668,8.0,BOT_LANE,10504.0,1029.0,100.0,1217963,OUTER_TURRET,BUILDING_KILL
0.0,TOWER_BUILDING,1560544,7587613668,1.0,MID_LANE,9767.0,10113.0,200.0,1542436,INNER_TURRET,BUILDING_KILL
0.0,TOWER_BUILDING,1560544,7587613668,1.0,MID_LANE,11134.0,11207.0,200.0,1556297,BASE_TURRET,BUILDING_KILL
0.0,TOWER_BUILDING,1620565,7587613668,1.0,TOP_LANE,10481.0,13650.0,200.0,1575604,BASE_TURRET,BUILDING_KILL
480.0,TOWER_BUILDING,1620565,7587613668,6.0,BOT_LANE,6919.0,1483.0,100.0,1580892,INNER_TURRET,BUILDING_KILL
0.0,TOWER_BUILDING,1680569,7587613668,1.0,BOT_LANE,13327.0,8226.0,200.0,1651132,INNER_TURRET,BUILDING_KILL
0.0,INHIBITOR_BUILDING,1680569,7587613668,3.0,MID_LANE,11593.0,11669.0,200.0,1657977,,BUILDING_KILL
0.0,TOWER_BUILDING,1680569,7587613668,3.0,BOT_LANE,13624.0,10572.0,200.0,1673423,BASE_TURRET,BUILDING_KILL
0.0,INHIBITOR_BUILDING,1680569,7587613668,3.0,BOT_LANE,13594.0,11319.0,200.0,1677430,,BUILDING_KILL
0.0,TOWER_BUILDING,1740578,7587613668,0.0,MID_LANE,13052.0,12612.0,200.0,1693456,NEXUS_TURRET,BUILDING_KILL
0.0,INHIBITOR_BUILDING,1860611,7587613668,3.0,TOP_LANE,11275.0,13663.0,200.0,1856909,,BUILDING_KILL
0.0,TOWER_BUILDING,1920630,7587613668,3.0,MID_LANE,12611.0,13084.0,200.0,1877340,NEXUS_TURRET,BUILDING_KILL
0.0,TOWER_BUILDING,1920630,7587613668,5.0,MID_LANE,13052.0,12612.0,200.0,1907640,NEXUS_TURRET,BUILDING_KILL
0.0,TOWER_BUILDING,660277,7585785134,1.0,TOP_LANE,4318.0,13875.0,200.0,624245,OUTER_TURRET,BUILDING_KILL
0.0,TOWER_BUILDING,900357,7585785134,9.0,BOT_LANE,10504.0,1029.0,100.0,867748,OUTER_TURRET,BUILDING_KILL
0.0,TOWER_BUILDING,900357,7585785134,1.0,MID_LANE,8955.0,8510.0,200.0,891315,OUTER_TURRET,BUILDING_KILL
0.0,TOWER_BUILDING,1200401,7585785134,9.0,MID_LANE,5846.0,6396.0,100.0,1156330,OUTER_TURRET,BUILDING_KILL
0.0,TOWER_BUILDING,1200401,7585785134,1.0,MID_LANE,9767.0,10113.0,200.0,1186549,INNER_TURRET,BUILDING_KILL
0.0,TOWER_BUILDING,1200401,7585785134,2.0,BOT_LANE,13866.0,4505.0,200.0,1198519,OUTER_TURRET,BUILDING_KILL
0.0,TOWER_BUILDING,1440439,7585785134,3.0,BOT_LANE,13327.0,8226.0,200.0,1404659,INNER_TURRET,BUILDING_KILL
0.0,TOWER_BUILDING,1740507,7585785134,6.0,TOP_LANE,981.0,10441.0,100.0,1725516,OUTER_TURRET,BUILDING_KILL
0.0,TOWER_BUILDING,1800534,7585785134,6.0,MID_LANE,5048.0,4812.0,100.0,1787989,INNER_TURRET,BUILDING_KILL
0.0,TOWER_BUILDING,1860568,7585785134,8.0,MID_LANE,3651.0,3696.0,100.0,1829487,BASE_TURRET,BUILDING_KILL
0.0,INHIBITOR_BUILDING,1860568,7585785134,8.0,MID_LANE,3210.0,3217.0,100.0,1832712,,BUILDING_KILL
0.0,TOWER_BUILDING,1920589,7585785134,6.0,BOT_LANE,6919.0,1483.0,100.0,1906788,INNER_TURRET,BUILDING_KILL
0.0,TOWER_BUILDING,900358,7587157384,1.0,TOP_LANE,4318.0,13875.0,200.0,842915,OUTER_TURRET,BUILDING_KILL
0.0,TOWER_BUILDING,960371,7587157384,5.0,MID_LANE,8955.0,8510.0,200.0,921685,OUTER_TURRET,BUILDING_KILL
0.0,TOWER_BUILDING,960371,7587157384,1.0,BOT_LANE,13866.0,4505.0,200.0,934229,OUTER_TURRET,BUILDING_KILL
0.0,TOWER_BUILDING,1080419,7587157384,3.0,TOP_LANE,7943.0,13411.0,200.0,1024776,INNER_TURRET,BUILDING_KILL
0.0,TOWER_BUILDING,1080419,7587157384,2.0,TOP_LANE,10481.0,13650.0,200.0,1044078,BASE_TURRET,BUILDING_KILL
0.0,INHIBITOR_BUILDING,1080419,7587157384,2.0,TOP_LANE,11275.0,13663.0,200.0,1058783,,BUILDING_KILL
0.0,TOWER_BUILDING,1137826,7587157384,4.0,MID_LANE,9767.0,10113.0,200.0,1122808,INNER_TURRET,BUILDING_KILL
0.0,TOWER_BUILDING,900296,7587404479,6.0,TOP_LANE,981.0,10441.0,100.0,871611,OUTER_TURRET,BUILDING_KILL
0.0,TOWER_BUILDING,900296,7587404479,5.0,BOT_LANE,13866.0,4505.0,200.0,888424,OUTER_TURRET,BUILDING_KILL
0.0,TOWER_BUILDING,1020321,7587404479,3.0,BOT_LANE,13327.0,8226.0,200.0,999574,INNER_TURRET,BUILDING_KILL
0.0,TOWER_BUILDING,1080348,7587404479,4.0,MID_LANE,8955.0,8510.0,200.0,1032732,OUTER_TURRET,BUILDING_KILL
0.0,TOWER_BUILDING,1080348,7587404479,4.0,TOP_LANE,4318.0,13875.0,200.0,1076425,OUTER_TURRET,BUILDING_KILL
0.0,TOWER_BUILDING,1320443,7587404479,4.0,TOP_LANE,7943.0,13411.0,200.0,1300727,INNER_TURRET,BUILDING_KILL
0.0,TOWER_BUILDING,1320443,7587404479,3.0,MID_LANE,9767.0,10113.0,200.0,1306973,INNER_TURRET,BUILDING_KILL
200.0,TOWER_BUILDING,1380473,7587404479,9.0,MID_LANE,5846.0,6396.0,100.0,1351291,OUTER_TURRET,BUILDING_KILL
0.0,TOWER_BUILDING,1560514,7587404479,6.0,TOP_LANE,1512.0,6699.0,100.0,1511364,INNER_TURRET,BUILDING_KILL
0.0,TOWER_BUILDING,1560514,7587404479,4.0,MID_LANE,11134.0,11207.0,200.0,1523585,BASE_TURRET,BUILDING_KILL
250.0,TOWER_BUILDING,1620537,7587404479,8.0,BOT_LANE,10504.0,1029.0,100.0,1593010,OUTER_TURRET,BUILDING_KILL
400.0,TOWER_BUILDING,1680553,7587404479,8.0,BOT_LANE,6919.0,1483.0,100.0,1625213,INNER_TURRET,BUILDING_KILL
0.0,INHIBITOR_BUILDING,1690172,7587404479,1.0,MID_LANE,11593.0,11669.0,200.0,1685730,,BUILDING_KILL
0.0,TOWER_BUILDING,720279,7587433059,9.0,BOT_LANE,10504.0,1029.0,100.0,713466,OUTER_TURRET,BUILDING_KILL
0.0,TOWER_BUILDING,780284,7587433059,9.0,BOT_LANE,6919.0,1483.0,100.0,769515,INNER_TURRET,BUILDING_KILL
0.0,TOWER_BUILDING,900304,7587433059,4.0,TOP_LANE,4318.0,13875.0,200.0,869427,OUTER_TURRET,BUILDING_KILL
0.0,TOWER_BUILDING,900304,7587433059,9.0,MID_LANE,5846.0,6396.0,100.0,873969,OUTER_TURRET,BUILDING_KILL
0.0,TOWER_BUILDING,960321,7587433059,6.0,TOP_LANE,981.0,10441.0,100.0,942650,OUTER_TURRET,BUILDING_KILL
200.0,TOWER_BUILDING,960321,7587433059,3.0,BOT_LANE,13866.0,4505.0,200.0,953328,OUTER_TURRET,BUILDING_KILL
0.0,TOWER_BUILDING,1020342,7587433059,9.0,MID_LANE,5048.0,4812.0,100.0,975386,INNER_TURRET,BUILDING_KILL
0.0,TOWER_BUILDING,1020342,7587433059,6.0,TOP_LANE,1512.0,6699.0,100.0,995200,INNER_TURRET,BUILDING_KILL
0.0,TOWER_BUILDING,1260419,7587433059,6.0,TOP_LANE,1169.0,4287.0,100.0,1213788,BASE_TURRET,BUILDING_KILL
0.0,TOWER_BUILDING,1440452,7587433059,7.0,MID_LANE,3651.0,3696.0,100.0,1419912,BASE_TURRET,BUILDING_KILL
0.0,INHIBITOR_BUILDING,1680546,7587433059,7.0,MID_LANE,3210.0,3217.0,100.0,1679878,,BUILDING_KILL
0.0,TOWER_BUILDING,1735397,7587433059,7.0,BOT_LANE,4281.0,1253.0,100.0,1687627,BASE_TURRET,BUILDING_KILL
0.0,INHIBITOR_BUILDING,1735397,7587433059,7.0,BOT_LANE,3468.0,1230.0,100.0,1708710,,BUILDING_KILL
0.0,TOWER_BUILDING,1735397,7587433059,8.0,MID_LANE,2177.0,1807.0,100.0,1715089,NEXUS_TURRET,BUILDING_KILL
0.0,TOWER_BUILDING,1735397,7587433059,9.0,MID_LANE,1748.0,2270.0,100.0,1720610,NEXUS_TURRET,BUILDING_KILL
0.0,TOWER_BUILDING,960430,7587364710,9.0,BOT_LANE,10504.0,1029.0,100.0,926206,OUTER_TURRET,BUILDING_KILL
0.0,TOWER_BUILDING,1020458,7587364710,6.0,TOP_LANE,981.0,10441.0,100.0,1014223,OUTER_TURRET,BUILDING_KILL
0.0,TOWER_BUILDING,1080468,7587364710,7.0,MID_LANE,5846.0,6396.0,100.0,1075116,OUTER_TURRET,BUILDING_KILL
0.0,TOWER_BUILDING,1260543,7587364710,8.0,TOP_LANE,1512.0,6699.0,100.0,1247445,INNER_TURRET,BUILDING_KILL
0.0,TOWER_BUILDING,1320551,7587364710,7.0,MID_LANE,5048.0,4812.0,100.0,1276409,INNER_TURRET,BUILDING_KILL
0.0,TOWER_BUILDING,1320551,7587364710,6.0,BOT_LANE,6919.0,1483.0,100.0,1295321,INNER_TURRET,BUILDING_KILL
0.0,TOWER_BUILDING,780296,7587146698,9.0,BOT_LANE,10504.0,1029.0,100.0,748869,OUTER_TURRET,BUILDING_KILL
0.0,TOWER_BUILDING,900332,7587146698,6.0,TOP_LANE,981.0,10441.0,100.0,841732,OUTER_TURRET,BUILDING_KILL
0.0,TOWER_BUILDING,900332,7587146698,8.0,MID_LANE,5846.0,6396.0,100.0,851336,OUTER_TURRET,BUILDING_KILL
0.0,TOWER_BUILDING,960361,7587146698,6.0,TOP_LANE,1512.0,6699.0,100.0,944899,INNER_TURRET,BUILDING_KILL
0.0,TOWER_BUILDING,1080396,7587146698,8.0,MID_LANE,5048.0,4812.0,100.0,1022709,INNER_TURRET,BUILDING_KILL
0.0,TOWER_BUILDING,1080396,7587146698,10.0,MID_LANE,3651.0,3696.0,100.0,1039477,BASE_TURRET,BUILDING_KILL
0.0,TOWER_BUILDING,1080396,7587146698,6.0,BOT_LANE,6919.0,1483.0,100.0,1051575,INNER_TURRET,BUILDING_KILL
0.0,TOWER_BUILDING,1200442,7587146698,6.0,BOT_LANE,4281.0,1253.0,100.0,1145331,BASE_TURRET,BUILDING_KILL
0.0,TOWER_BUILDING,1260467,7587146698,1.0,TOP_LANE,4318.0,13875.0,200.0,1215963,OUTER_TURRET,BUILDING_KILL
0.0,TOWER_BUILDING,1440509,7587146698,3.0,BOT_LANE,13866.0,4505.0,200.0,1394455,OUTER_TURRET,BUILDING_KILL
0.0,TOWER_BUILDING,1560552,7587146698,5.0,MID_LANE,8955.0,8510.0,200.0,1538210,OUTER_TURRET,BUILDING_KILL
0.0,TOWER_BUILDING,840288,7587349173,6.0,BOT_LANE,10504.0,1029.0,100.0,811419,OUTER_TURRET,BUILDING_KILL
0.0,TOWER_BUILDING,900319,7587349173,1.0,TOP_LANE,4318.0,13875.0,200.0,896259,OUTER_TURRET,BUILDING_KILL
0.0,TOWER_BUILDING,1020357,7587349173,6.0,TOP_LANE,981.0,10441.0,100.0,980069,OUTER_TURRET,BUILDING_KILL
0.0,TOWER_BUILDING,1080375,7587349173,9.0,MID_LANE,5846.0,6396.0,100.0,1063816,OUTER_TURRET,BUILDING_KILL
0.0,TOWER_BUILDING,1200424,7587349173,9.0,MID_LANE,5048.0,4812.0,100.0,1158585,INNER_TURRET,BUILDING_KILL
0.0,TOWER_BUILDING,1200424,7587349173,6.0,MID_LANE,3651.0,3696.0,100.0,1178736,BASE_TURRET,BUILDING_KILL
0.0,TOWER_BUILDING,1260446,7587349173,8.0,BOT_LANE,6919.0,1483.0,100.0,1202628,INNER_TURRET,BUILDING_KILL
0.0,TOWER_BUILDING,900280,7586302266,9.0,TOP_LANE,981.0,10441.0,100.0,859641,OUTER_TURRET,BUILDING_KILL
0.0,TOWER_BUILDING,900280,7586302266,8.0,BOT_LANE,10504.0,1029.0,100.0,886599,OUTER_TURRET,BUILDING_KILL
0.0,TOWER_BUILDING,960283,7586302266,2.0,TOP_LANE,4318.0,13875.0,200.0,952231,OUTER_TURRET,BUILDING_KILL
0.0,TOWER_BUILDING,1080289,7586302266,0.0,MID_LANE,5846.0,6396.0,100.0,1057379,OUTER_TURRET,BUILDING_KILL
0.0,TOWER_BUILDING,900300,7587526290,1.0,TOP_LANE,4318.0,13875.0,200.0,849474,OUTER_TURRET,BUILDING_KILL
0.0,TOWER_BUILDING,900300,7587526290,3.0,MID_LANE,8955.0,8510.0,200.0,880002,OUTER_TURRET,BUILDING_KILL
0.0,TOWER_BUILDING,960319,7587526290,3.0,BOT_LANE,13866.0,4505.0,200.0,904542,OUTER_TURRET,BUILDING_KILL
250.0,TOWER_BUILDING,1140341,7587526290,6.0,TOP_LANE,981.0,10441.0,100.0,1122208,OUTER_TURRET,BUILDING_KILL
0.0,TOWER_BUILDING,1200354,7587526290,3.0,BOT_LANE,13327.0,8226.0,200.0,1170032,INNER_TURRET,BUILDING_KILL
0.0,TOWER_BUILDING,1200354,7587526290,3.0,MID_LANE,9767.0,10113.0,200.0,1182171,INNER_TURRET,BUILDING_KILL
0.0,TOWER_BUILDING,1320407,7587526290,2.0,TOP_LANE,7943.0,13411.0,200.0,1292303,INNER_TURRET,BUILDING_KILL
0.0,TOWER_BUILDING,1380408,7587526290,4.0,MID_LANE,11134.0,11207.0,200.0,1363853,BASE_TURRET,BUILDING_KILL
0.0,INHIBITOR_BUILDING,1380408,7587526290,4.0,MID_LANE,11593.0,11669.0,200.0,1367949,,BUILDING_KILL
0.0,TOWER_BUILDING,1380408,7587526290,3.0,MID_LANE,13052.0,12612.0,200.0,1375574,NEXUS_TURRET,BUILDING_KILL
0.0,TOWER_BUILDING,1380408,7587526290,3.0,MID_LANE,12611.0,13084.0,200.0,1378346,NEXUS_TURRET,BUILDING_KILL
0.0,TOWER_BUILDING,900362,7586977822,4.0,BOT_LANE,13866.0,4505.0,200.0,871537,OUTER_TURRET,BUILDING_KILL
0.0,TOWER_BUILDING,960375,7586977822,6.0,BOT_LANE,10504.0,1029.0,100.0,950142,OUTER_TURRET,BUILDING_KILL
0.0,TOWER_BUILDING,1080398,7586977822,3.0,TOP_LANE,4318.0,13875.0,200.0,1047001,OUTER_TURRET,BUILDING_KILL
0.0,TOWER_BUILDING,1080398,7586977822,9.0,MID_LANE,5846.0,6396.0,100.0,1062654,OUTER_TURRET,BUILDING_KILL
0.0,TOWER_BUILDING,1380461,7586977822,4.0,MID_LANE,8955.0,8510.0,200.0,1337289,OUTER_TURRET,BUILDING_KILL
0.0,TOWER_BUILDING,1380461,7586977822,2.0,MID_LANE,9767.0,10113.0,200.0,1357454,INNER_TURRET,BUILDING_KILL
0.0,TOWER_BUILDING,1920571,7586977822,1.0,MID_LANE,11134.0,11207.0,200.0,1875191,BASE_TURRET,BUILDING_KILL
0.0,TOWER_BUILDING,1920571,7586977822,3.0,BOT_LANE,13327.0,8226.0,200.0,1881188,INNER_TURRET,BUILDING_KILL
0.0,INHIBITOR_BUILDING,1920571,7586977822,4.0,MID_LANE,11593.0,11669.0,200.0,1881556,,BUILDING_KILL
0.0,TOWER_BUILDING,2040596,7586977822,3.0,MID_LANE,13052.0,12612.0,200.0,2029368,NEXUS_TURRET,BUILDING_KILL
0.0,TOWER_BUILDING,2040596,7586977822,1.0,MID_LANE,12611.0,13084.0,200.0,2034049,NEXUS_TURRET,BUILDING_KILL
0.0,TOWER_BUILDING,780256,7587200185,9.0,BOT_LANE,10504.0,1029.0,100.0,744565,OUTER_TURRET,BUILDING_KILL
0.0,TOWER_BUILDING,780256,7587200185,3.0,TOP_LANE,4318.0,13875.0,200.0,746302,OUTER_TURRET,BUILDING_KILL
0.0,TOWER_BUILDING,900306,7587200185,9.0,MID_LANE,5846.0,6396.0,100.0,886444,OUTER_TURRET,BUILDING_KILL
0.0,TOWER_BUILDING,960333,7587200185,6.0,TOP_LANE,981.0,10441.0,100.0,935287,OUTER_TURRET,BUILDING_KILL
0.0,TOWER_BUILDING,1140380,7587200185,3.0,BOT_LANE,13866.0,4505.0,200.0,1138257,OUTER_TURRET,BUILDING_KILL
0.0,TOWER_BUILDING,1140380,7587200185,2.0,MID_LANE,8955.0,8510.0,200.0,1139931,OUTER_TURRET,BUILDING_KILL
0.0,TOWER_BUILDING,900284,7585861538,3.0,BOT_LANE,13866.0,4505.0,200.0,899198,OUTER_TURRET,BUILDING_KILL
0.0,TOWER_BUILDING,960292,7585861538,6.0,TOP_LANE,981.0,10441.0,100.0,935427,OUTER_TURRET,BUILDING_KILL
0.0,TOWER_BUILDING,1080316,7585861538,2.0,MID_LANE,8955.0,8510.0,200.0,1063228,OUTER_TURRET,BUILDING_KILL
0.0,TOWER_BUILDING,1140331,7585861538,4.0,MID_LANE,9767.0,10113.0,200.0,1097813,INNER_TURRET,BUILDING_KILL
0.0,TOWER_BUILDING,1140331,7585861538,1.0,TOP_LANE,4318.0,13875.0,200.0,1111990,OUTER_TURRET,BUILDING_KILL
0.0,TOWER_BUILDING,1320376,7585861538,9.0,MID_LANE,5846.0,6396.0,100.0,1292432,OUTER_TURRET,BUILDING_KILL
150.0,TOWER_BUILDING,1440424,7585861538,7.0,BOT_LANE,10504.0,1029.0,100.0,1404312,OUTER_TURRET,BUILDING_KILL
0.0,TOWER_BUILDING,840360,7587180522,6.0,TOP_LANE,981.0,10441.0,100.0,780631,OUTER_TURRET,BUILDING_KILL
0.0,TOWER_BUILDING,900371,7587180522,8.0,MID_LANE,5846.0,6396.0,100.0,859685,OUTER_TURRET,BUILDING_KILL
0.0,TOWER_BUILDING,900371,7587180522,2.0,BOT_LANE,13866.0,4505.0,200.0,876488,OUTER_TURRET,BUILDING_KILL
0.0,TOWER_BUILDING,900371,7587180522,6.0,TOP_LANE,1512.0,6699.0,100.0,879227,INNER_TURRET,BUILDING_KILL
0.0,TOWER_BUILDING,1020396,7587180522,8.0,BOT_LANE,10504.0,1029.0,100.0,1006026,OUTER_TURRET,BUILDING_KILL
0.0,TOWER_BUILDING,1020396,7587180522,4.0,TOP_LANE,4318.0,13875.0,200.0,1010970,OUTER_TURRET,BUILDING_KILL
0.0,TOWER_BUILDING,1080428,7587180522,9.0,MID_LANE,5048.0,4812.0,100.0,1061209,INNER_TURRET,BUILDING_KILL
0.0,TOWER_BUILDING,1560540,7587180522,8.0,BOT_LANE,6919.0,1483.0,100.0,1535692,INNER_TURRET,BUILDING_KILL
0.0,TOWER_BUILDING,1560540,7587180522,9.0,MID_LANE,3651.0,3696.0,100.0,1544762,BASE_TURRET,BUILDING_KILL
0.0,INHIBITOR_BUILDING,1560540,7587180522,6.0,MID_LANE,3210.0,3217.0,100.0,1552009,,BUILDING_KILL
0.0,TOWER_BUILDING,1560540,7587180522,9.0,BOT_LANE,4281.0,1253.0,100.0,1559104,BASE_TURRET,BUILDING_KILL
0.0,INHIBITOR_BUILDING,1620557,7587180522,9.0,BOT_LANE,3468.0,1230.0,100.0,1598244,,BUILDING_KILL
0.0,TOWER_BUILDING,1740606,7587180522,4.0,MID_LANE,8955.0,8510.0,200.0,1720223,OUTER_TURRET,BUILDING_KILL
0.0,TOWER_BUILDING,1740606,7587180522,2.0,MID_LANE,9767.0,10113.0,200.0,1728005,INNER_TURRET,BUILDING_KILL
0.0,TOWER_BUILDING,1740606,7587180522,4.0,MID_LANE,11134.0,11207.0,200.0,1736844,BASE_TURRET,BUILDING_KILL
0.0,INHIBITOR_BUILDING,1740606,7587180522,2.0,MID_LANE,11593.0,11669.0,200.0,1739082,,BUILDING_KILL
0.0,TOWER_BUILDING,1759719,7587180522,2.0,MID_LANE,13052.0,12612.0,200.0,1745451,NEXUS_TURRET,BUILDING_KILL
0.0,TOWER_BUILDING,1759719,7587180522,2.0,MID_LANE,12611.0,13084.0,200.0,1750392,NEXUS_TURRET,BUILDING_KILL
0.0,TOWER_BUILDING,840337,7586638095,1.0,TOP_LANE,4318.0,13875.0,200.0,829020,OUTER_TURRET,BUILDING_KILL
0.0,TOWER_BUILDING,1020408,7586638095,1.0,MID_LANE,8955.0,8510.0,200.0,997658,OUTER_TURRET,BUILDING_KILL
0.0,TOWER_BUILDING,1020408,7586638095,5.0,MID_LANE,9767.0,10113.0,200.0,1009338,INNER_TURRET,BUILDING_KILL
200.0,TOWER_BUILDING,1080427,7586638095,7.0,BOT_LANE,10504.0,1029.0,100.0,1044555,OUTER_TURRET,BUILDING_KILL
0.0,TOWER_BUILDING,1260460,7586638095,3.0,BOT_LANE,13866.0,4505.0,200.0,1253011,OUTER_TURRET,BUILDING_KILL
0.0,TOWER_BUILDING,1560528,7586638095,6.0,TOP_LANE,981.0,10441.0,100.0,1533985,OUTER_TURRET,BUILDING_KILL
0.0,TOWER_BUILDING,1740606,7586638095,3.0,TOP_LANE,7943.0,13411.0,200.0,1734641,INNER_TURRET,BUILDING_KILL
0.0,TOWER_BUILDING,1800612,7586638095,2.0,BOT_LANE,13327.0,8226.0,200.0,1792395,INNER_TURRET,BUILDING_KILL
0.0,TOWER_BUILDING,1860635,7586638095,1.0,BOT_LANE,13624.0,10572.0,200.0,1827220,BASE_TURRET,BUILDING_KILL
0.0,TOWER_BUILDING,1860635,7586638095,3.0,MID_LANE,11134.0,11207.0,200.0,1829659,BASE_TURRET,BUILDING_KILL
0.0,INHIBITOR_BUILDING,1860635,7586638095,2.0,BOT_LANE,13594.0,11319.0,200.0,1830494,,BUILDING_KILL
0.0,INHIBITOR_BUILDING,1860635,7586638095,2.0,MID_LANE,11593.0,11669.0,200.0,1834070,,BUILDING_KILL
0.0,TOWER_BUILDING,1860635,7586638095,1.0,MID_LANE,13052.0,12612.0,200.0,1842185,NEXUS_TURRET,BUILDING_KILL
0.0,TOWER_BUILDING,1860635,7586638095,4.0,TOP_LANE,10481.0,13650.0,200.0,1856461,BASE_TURRET,BUILDING_KILL
0.0,INHIBITOR_BUILDING,1980656,7586638095,3.0,TOP_LANE,11275.0,13663.0,200.0,1971096,,BUILDING_KILL
0.0,TOWER_BUILDING,2021586,7586638095,4.0,MID_LANE,12611.0,13084.0,200.0,2012843,NEXUS_TURRET,BUILDING_KILL
0.0,TOWER_BUILDING,780340,7587217611,6.0,TOP_LANE,981.0,10441.0,100.0,749772,OUTER_TURRET,BUILDING_KILL
0.0,TOWER_BUILDING,960403,7587217611,6.0,BOT_LANE,10504.0,1029.0,100.0,960303,OUTER_TURRET,BUILDING_KILL
0.0,TOWER_BUILDING,1080456,7587217611,4.0,BOT_LANE,13866.0,4505.0,200.0,1044899,OUTER_TURRET,BUILDING_KILL
0.0,TOWER_BUILDING,1080456,7587217611,8.0,TOP_LANE,1512.0,6699.0,100.0,1057032,INNER_TURRET,BUILDING_KILL
0.0,TOWER_BUILDING,1080456,7587217611,7.0,MID_LANE,5846.0,6396.0,100.0,1067594,OUTER_TURRET,BUILDING_KILL
0.0,TOWER_BUILDING,1320530,7587217611,6.0,MID_LANE,5048.0,4812.0,100.0,1263969,INNER_TURRET,BUILDING_KILL
0.0,TOWER_BUILDING,1320530,7587217611,6.0,BOT_LANE,6919.0,1483.0,100.0,1315854,INNER_TURRET,BUILDING_KILL
0.0,TOWER_BUILDING,1620627,7587217611,6.0,MID_LANE,3651.0,3696.0,100.0,1572227,BASE_TURRET,BUILDING_KILL
0.0,INHIBITOR_BUILDING,1620627,7587217611,8.0,MID_LANE,3210.0,3217.0,100.0,1577705,,BUILDING_KILL
0.0,TOWER_BUILDING,1701030,7587217611,7.0,MID_LANE,1748.0,2270.0,100.0,1686101,NEXUS_TURRET,BUILDING_KILL
0.0,TOWER_BUILDING,1701030,7587217611,7.0,MID_LANE,2177.0,1807.0,100.0,1689825,NEXUS_TURRET,BUILDING_KILL
0.0,TOWER_BUILDING,720257,7587529555,10.0,BOT_LANE,10504.0,1029.0,100.0,713744,OUTER_TURRET,BUILDING_KILL
0.0,TOWER_BUILDING,900315,7587529555,3.0,BOT_LANE,13866.0,4505.0,200.0,900282,OUTER_TURRET,BUILDING_KILL
0.0,TOWER_BUILDING,960339,7587529555,4.0,MID_LANE,8955.0,8510.0,200.0,906494,OUTER_TURRET,BUILDING_KILL
0.0,TOWER_BUILDING,960339,7587529555,1.0,TOP_LANE,4318.0,13875.0,200.0,931720,OUTER_TURRET,BUILDING_KILL
0.0,TOWER_BUILDING,1080353,7587529555,4.0,MID_LANE,9767.0,10113.0,200.0,1031067,INNER_TURRET,BUILDING_KILL
0.0,TOWER_BUILDING,1260416,7587529555,6.0,BOT_LANE,6919.0,1483.0,100.0,1234089,INNER_TURRET,BUILDING_KILL
0.0,TOWER_BUILDING,1320419,7587529555,8.0,TOP_LANE,981.0,10441.0,100.0,1310920,OUTER_TURRET,BUILDING_KILL
0.0,TOWER_BUILDING,1500485,7587529555,3.0,TOP_LANE,7943.0,13411.0,200.0,1450949,INNER_TURRET,BUILDING_KILL
0.0,TOWER_BUILDING,1620581,7587529555,5.0,MID_LANE,11134.0,11207.0,200.0,1615950,BASE_TURRET,BUILDING_KILL
0.0,TOWER_BUILDING,720241,7586510282,9.0,BOT_LANE,10504.0,1029.0,100.0,706470,OUTER_TURRET,BUILDING_KILL
0.0,TOWER_BUILDING,780257,7586510282,10.0,MID_LANE,5846.0,6396.0,100.0,770272,OUTER_TURRET,BUILDING_KILL
0.0,TOWER_BUILDING,900293,7586510282,1.0,TOP_LANE,4318.0,13875.0,200.0,858377,OUTER_TURRET,BUILDING_KILL
0.0,TOWER_BUILDING,1140374,7586510282,6.0,TOP_LANE,981.0,10441.0,100.0,1109344,OUTER_TURRET,BUILDING_KILL
0.0,TOWER_BUILDING,1200376,7586510282,1.0,MID_LANE,8955.0,8510.0,200.0,1176841,OUTER_TURRET,BUILDING_KILL
0.0,TOWER_BUILDING,1320398,7586510282,1.0,BOT_LANE,13866.0,4505.0,200.0,1284799,OUTER_TURRET,BUILDING_KILL
0.0,TOWER_BUILDING,1380420,7586510282,6.0,BOT_LANE,6919.0,1483.0,100.0,1358456,INNER_TURRET,BUILDING_KILL
0.0,TOWER_BUILDING,1500443,7586510282,8.0,TOP_LANE,1512.0,6699.0,100.0,1463476,INNER_TURRET,BUILDING_KILL
0.0,TOWER_BUILDING,1620455,7586510282,0.0,MID_LANE,5048.0,4812.0,100.0,1576317,INNER_TURRET,BUILDING_KILL
0.0,TOWER_BUILDING,1740516,7586510282,10.0,TOP_LANE,1169.0,4287.0,100.0,1704131,BASE_TURRET,BUILDING_KILL
0.0,INHIBITOR_BUILDING,1740516,7586510282,7.0,TOP_LANE,1172.0,3583.0,100.0,1707838,,BUILDING_KILL
0.0,TOWER_BUILDING,1800541,7586510282,4.0,MID_LANE,9767.0,10113.0,200.0,1773891,INNER_TURRET,BUILDING_KILL
0.0,TOWER_BUILDING,1830954,7586510282,6.0,MID_LANE,1748.0,2270.0,100.0,1802291,NEXUS_TURRET,BUILDING_KILL
0.0,TOWER_BUILDING,1830954,7586510282,6.0,MID_LANE,2177.0,1807.0,100.0,1811166,NEXUS_TURRET,BUILDING_KILL
0.0,TOWER_BUILDING,840302,7586407555,10.0,MID_LANE,5846.0,6396.0,100.0,806471,OUTER_TURRET,BUILDING_KILL
0.0,TOWER_BUILDING,900304,7586407555,6.0,TOP_LANE,981.0,10441.0,100.0,873569,OUTER_TURRET,BUILDING_KILL
0.0,TOWER_BUILDING,1020330,7586407555,10.0,BOT_LANE,10504.0,1029.0,100.0,991552,OUTER_TURRET,BUILDING_KILL
300.0,TOWER_BUILDING,1080331,7586407555,4.0,TOP_LANE,4318.0,13875.0,200.0,1021113,OUTER_TURRET,BUILDING_KILL
0.0,TOWER_BUILDING,1080331,7586407555,9.0,BOT_LANE,6919.0,1483.0,100.0,1023952,INNER_TURRET,BUILDING_KILL
0.0,TOWER_BUILDING,1140340,7586407555,7.0,TOP_LANE,1512.0,6699.0,100.0,1108813,INNER_TURRET,BUILDING_KILL
300.0,TOWER_BUILDING,1140340,7586407555,1.0,BOT_LANE,13866.0,4505.0,200.0,1122805,OUTER_TURRET,BUILDING_KILL
0.0,TOWER_BUILDING,1140340,7586407555,8.0,MID_LANE,5048.0,4812.0,100.0,1131125,INNER_TURRET,BUILDING_KILL
0.0,TOWER_BUILDING,960377,7587497058,2.0,MID_LANE,8955.0,8510.0,200.0,911968,OUTER_TURRET,BUILDING_KILL
0.0,TOWER_BUILDING,960377,7587497058,1.0,TOP_LANE,4318.0,13875.0,200.0,923157,OUTER_TURRET,BUILDING_KILL
0.0,TOWER_BUILDING,1020400,7587497058,8.0,BOT_LANE,10504.0,1029.0,100.0,1008492,OUTER_TURRET,BUILDING_KILL
0.0,TOWER_BUILDING,1080416,7587497058,1.0,TOP_LANE,7943.0,13411.0,200.0,1025845,INNER_TURRET,BUILDING_KILL
0.0,TOWER_BUILDING,1140446,7587497058,1.0,BOT_LANE,13866.0,4505.0,200.0,1102981,OUTER_TURRET,BUILDING_KILL
0.0,TOWER_BUILDING,1140446,7587497058,9.0,MID_LANE,5846.0,6396.0,100.0,1115581,OUTER_TURRET,BUILDING_KILL
0.0,TOWER_BUILDING,1320504,7587497058,2.0,BOT_LANE,13327.0,8226.0,200.0,1308193,INNER_TURRET,BUILDING_KILL
0.0,TOWER_BUILDING,1380536,7587497058,8.0,TOP_LANE,981.0,10441.0,100.0,1367177,OUTER_TURRET,BUILDING_KILL
0.0,TOWER_BUILDING,1680619,7587497058,0.0,MID_LANE,5048.0,4812.0,100.0,1637086,INNER_TURRET,BUILDING_KILL
0.0,TOWER_BUILDING,1740624,7587497058,8.0,BOT_LANE,6919.0,1483.0,100.0,1736500,INNER_TURRET,BUILDING_KILL
0.0,TOWER_BUILDING,1800628,7587497058,9.0,TOP_LANE,1512.0,6699.0,100.0,1791376,INNER_TURRET,BUILDING_KILL
0.0,TOWER_BUILDING,1860660,7587497058,6.0,TOP_LANE,1169.0,4287.0,100.0,1842721,BASE_TURRET,BUILDING_KILL
0.0,INHIBITOR_BUILDING,1860660,7587497058,6.0,TOP_LANE,1172.0,3583.0,100.0,1851843,,BUILDING_KILL
0.0,TOWER_BUILDING,2160741,7587497058,0.0,MID_LANE,9767.0,10113.0,200.0,2147516,INNER_TURRET,BUILDING_KILL
0.0,TOWER_BUILDING,2400797,7587497058,3.0,MID_LANE,11134.0,11207.0,200.0,2376783,BASE_TURRET,BUILDING_KILL
0.0,INHIBITOR_BUILDING,2400797,7587497058,3.0,MID_LANE,11593.0,11669.0,200.0,2381960,,BUILDING_KILL
0.0,TOWER_BUILDING,2580851,7587497058,8.0,MID_LANE,3651.0,3696.0,100.0,2544217,BASE_TURRET,BUILDING_KILL
0.0,INHIBITOR_BUILDING,2580851,7587497058,9.0,MID_LANE,3210.0,3217.0,100.0,2548257,,BUILDING_KILL
0.0,TOWER_BUILDING,2580851,7587497058,9.0,MID_LANE,1748.0,2270.0,100.0,2559512,NEXUS_TURRET,BUILDING_KILL
0.0,TOWER_BUILDING,2580851,7587497058,9.0,MID_LANE,2177.0,1807.0,100.0,2566238,NEXUS_TURRET,BUILDING_KILL
0.0,INHIBITOR_BUILDING,2880919,7587497058,9.0,TOP_LANE,1172.0,3583.0,100.0,2821864,,BUILDING_KILL
0.0,INHIBITOR_BUILDING,2880919,7587497058,9.0,MID_LANE,3210.0,3217.0,100.0,2854428,,BUILDING_KILL
0.0,TOWER_BUILDING,2940933,7587497058,9.0,BOT_LANE,4281.0,1253.0,100.0,2940454,BASE_TURRET,BUILDING_KILL
0.0,INHIBITOR_BUILDING,3000965,7587497058,6.0,BOT_LANE,3468.0,1230.0,100.0,2945241,,BUILDING_KILL
0.0,TOWER_BUILDING,3060984,7587497058,0.0,MID_LANE,1748.0,2270.0,100.0,3004439,NEXUS_TURRET,BUILDING_KILL
0.0,TOWER_BUILDING,3060984,7587497058,0.0,MID_LANE,2177.0,1807.0,100.0,3008446,NEXUS_TURRET,BUILDING_KILL
0.0,INHIBITOR_BUILDING,3181034,7587497058,0.0,MID_LANE,3210.0,3217.0,100.0,3175726,,BUILDING_KILL
0.0,INHIBITOR_BUILDING,3241053,7587497058,0.0,TOP_LANE,1172.0,3583.0,100.0,3194225,,BUILDING_KILL
0.0,INHIBITOR_BUILDING,3348029,7587497058,9.0,BOT_LANE,3468.0,1230.0,100.0,3312631,,BUILDING_KILL
0.0,TOWER_BUILDING,3348029,7587497058,1.0,TOP_LANE,10481.0,13650.0,200.0,3313366,BASE_TURRET,BUILDING_KILL
0.0,TOWER_BUILDING,3348029,7587497058,8.0,MID_LANE,2177.0,1807.0,100.0,3336074,NEXUS_TURRET,BUILDING_KILL
0.0,TOWER_BUILDING,3348029,7587497058,8.0,MID_LANE,1748.0,2270.0,100.0,3338212,NEXUS_TURRET,BUILDING_KILL
0.0,TOWER_BUILDING,900359,7587398731,4.0,BOT_LANE,13866.0,4505.0,200.0,848035,OUTER_TURRET,BUILDING_KILL
0.0,TOWER_BUILDING,900359,7587398731,6.0,TOP_LANE,981.0,10441.0,100.0,856874,OUTER_TURRET,BUILDING_KILL
0.0,TOWER_BUILDING,1020405,7587398731,1.0,TOP_LANE,4318.0,13875.0,200.0,1018958,OUTER_TURRET,BUILDING_KILL
0.0,TOWER_BUILDING,1140428,7587398731,9.0,MID_LANE,5846.0,6396.0,100.0,1101100,OUTER_TURRET,BUILDING_KILL
0.0,TOWER_BUILDING,1140428,7587398731,6.0,BOT_LANE,10504.0,1029.0,100.0,1135853,OUTER_TURRET,BUILDING_KILL
0.0,TOWER_BUILDING,720292,7586158292,9.0,BOT_LANE,10504.0,1029.0,100.0,707081,OUTER_TURRET,BUILDING_KILL
0.0,TOWER_BUILDING,900331,7586158292,6.0,TOP_LANE,981.0,10441.0,100.0,870873,OUTER_TURRET,BUILDING_KILL
0.0,TOWER_BUILDING,1140401,7586158292,7.0,MID_LANE,5846.0,6396.0,100.0,1087032,OUTER_TURRET,BUILDING_KILL
0.0,TOWER_BUILDING,1200408,7586158292,8.0,TOP_LANE,1512.0,6699.0,100.0,1142739,INNER_TURRET,BUILDING_KILL
0.0,TOWER_BUILDING,1320453,7586158292,3.0,MID_LANE,8955.0,8510.0,200.0,1302201,OUTER_TURRET,BUILDING_KILL
0.0,TOWER_BUILDING,1440470,7586158292,8.0,BOT_LANE,6919.0,1483.0,100.0,1405520,INNER_TURRET,BUILDING_KILL
0.0,TOWER_BUILDING,1440470,7586158292,9.0,BOT_LANE,4281.0,1253.0,100.0,1415924,BASE_TURRET,BUILDING_KILL
0.0,INHIBITOR_BUILDING,1440470,7586158292,9.0,BOT_LANE,3468.0,1230.0,100.0,1420567,,BUILDING_KILL
0.0,TOWER_BUILDING,1440470,7586158292,8.0,MID_LANE,2177.0,1807.0,100.0,1431195,NEXUS_TURRET,BUILDING_KILL
0.0,TOWER_BUILDING,1440470,7586158292,6.0,MID_LANE,5048.0,4812.0,100.0,1436873,INNER_TURRET,BUILDING_KILL
0.0,TOWER_BUILDING,1500490,7586158292,9.0,MID_LANE,3651.0,3696.0,100.0,1445115,BASE_TURRET,BUILDING_KILL
0.0,TOWER_BUILDING,1584729,7586158292,0.0,MID_LANE,1748.0,2270.0,100.0,1564023,NEXUS_TURRET,BUILDING_KILL
0.0,TOWER_BUILDING,960384,7585841609,0.0,TOP_LANE,981.0,10441.0,100.0,949091,OUTER_TURRET,BUILDING_KILL
0.0,TOWER_BUILDING,1140451,7585841609,1.0,BOT_LANE,13866.0,4505.0,200.0,1080971,OUTER_TURRET,BUILDING_KILL
0.0,TOWER_BUILDING,1140451,7585841609,9.0,MID_LANE,5846.0,6396.0,100.0,1092843,OUTER_TURRET,BUILDING_KILL
0.0,TOWER_BUILDING,1260473,7585841609,8.0,BOT_LANE,10504.0,1029.0,100.0,1245185,OUTER_TURRET,BUILDING_KILL
0.0,TOWER_BUILDING,1380532,7585841609,1.0,MID_LANE,8955.0,8510.0,200.0,1331799,OUTER_TURRET,BUILDING_KILL
0.0,TOWER_BUILDING,1500570,7585841609,8.0,TOP_LANE,1512.0,6699.0,100.0,1460996,INNER_TURRET,BUILDING_KILL
0.0,TOWER_BUILDING,1740682,7585841609,2.0,MID_LANE,9767.0,10113.0,200.0,1687755,INNER_TURRET,BUILDING_KILL
0.0,TOWER_BUILDING,1740682,7585841609,4.0,MID_LANE,11134.0,11207.0,200.0,1695853,BASE_TURRET,BUILDING_KILL
0.0,INHIBITOR_BUILDING,1740682,7585841609,3.0,MID_LANE,11593.0,11669.0,200.0,1699827,,BUILDING_KILL
0.0,TOWER_BUILDING,1800714,7585841609,2.0,TOP_LANE,4318.0,13875.0,200.0,1769214,OUTER_TURRET,BUILDING_KILL
0.0,TOWER_BUILDING,1860718,7585841609,0.0,BOT_LANE,13327.0,8226.0,200.0,1839051,INNER_TURRET,BUILDING_KILL
0.0,TOWER_BUILDING,1860718,7585841609,2.0,TOP_LANE,7943.0,13411.0,200.0,1851109,INNER_TURRET,BUILDING_KILL
0.0,TOWER_BUILDING,1920721,7585841609,2.0,TOP_LANE,10481.0,13650.0,200.0,1862388,BASE_TURRET,BUILDING_KILL
0.0,INHIBITOR_BUILDING,1920721,7585841609,2.0,TOP_LANE,11275.0,13663.0,200.0,1867632,,BUILDING_KILL
0.0,INHIBITOR_BUILDING,2015904,7585841609,2.0,MID_LANE,11593.0,11669.0,200.0,2007870,,BUILDING_KILL
0.0,TOWER_BUILDING,660251,7586531250,9.0,BOT_LANE,10504.0,1029.0,100.0,621486,OUTER_TURRET,BUILDING_KILL
0.0,TOWER_BUILDING,840286,7586531250,8.0,TOP_LANE,981.0,10441.0,100.0,836412,OUTER_TURRET,BUILDING_KILL
0.0,TOWER_BUILDING,900296,7586531250,1.0,BOT_LANE,13866.0,4505.0,200.0,845435,OUTER_TURRET,BUILDING_KILL
0.0,TOWER_BUILDING,900296,7586531250,9.0,MID_LANE,5846.0,6396.0,100.0,855976,OUTER_TURRET,BUILDING_KILL
0.0,TOWER_BUILDING,1020323,7586531250,3.0,MID_LANE,8955.0,8510.0,200.0,975882,OUTER_TURRET,BUILDING_KILL
0.0,TOWER_BUILDING,1140342,7586531250,9.0,TOP_LANE,1512.0,6699.0,100.0,1089160,INNER_TURRET,BUILDING_KILL
0.0,TOWER_BUILDING,1200344,7586531250,9.0,MID_LANE,5048.0,4812.0,100.0,1152192,INNER_TURRET,BUILDING_KILL
0.0,TOWER_BUILDING,1200344,7586531250,9.0,MID_LANE,3651.0,3696.0,100.0,1162146,BASE_TURRET,BUILDING_KILL
0.0,TOWER_BUILDING,1260346,7586531250,1.0,TOP_LANE,4318.0,13875.0,200.0,1221243,OUTER_TURRET,BUILDING_KILL
0.0,TOWER_BUILDING,1260346,7586531250,1.0,TOP_LANE,7943.0,13411.0,200.0,1244617,INNER_TURRET,BUILDING_KILL
0.0,TOWER_BUILDING,1320365,7586531250,1.0,MID_LANE,9767.0,10113.0,200.0,1277495,INNER_TURRET,BUILDING_KILL
0.0,INHIBITOR_BUILDING,1440381,7586531250,6.0,MID_LANE,3210.0,3217.0,100.0,1433800,,BUILDING_KILL
0.0,TOWER_BUILDING,1440381,7586531250,8.0,BOT_LANE,6919.0,1483.0,100.0,1438377,INNER_TURRET,BUILDING_KILL
0.0,TOWER_BUILDING,1560426,7586531250,8.0,BOT_LANE,4281.0,1253.0,100.0,1544444,BASE_TURRET,BUILDING_KILL
0.0,INHIBITOR_BUILDING,1560426,7586531250,8.0,BOT_LANE,3468.0,1230.0,100.0,1551441,,BUILDING_KILL
0.0,TOWER_BUILDING,1620442,7586531250,1.0,BOT_LANE,13327.0,8226.0,200.0,1616488,INNER_TURRET,BUILDING_KILL
0.0,TOWER_BUILDING,1909795,7586531250,2.0,MID_LANE,11134.0,11207.0,200.0,1883486,BASE_TURRET,BUILDING_KILL
0.0,INHIBITOR_BUILDING,1909795,7586531250,4.0,MID_LANE,11593.0,11669.0,200.0,1885757,,BUILDING_KILL
0.0,TOWER_BUILDING,1909795,7586531250,5.0,MID_LANE,13052.0,12612.0,200.0,1891556,NEXUS_TURRET,BUILDING_KILL
0.0,TOWER_BUILDING,1909795,7586531250,4.0,MID_LANE,12611.0,13084.0,200.0,1893794,NEXUS_TURRET,BUILDING_KILL
0.0,TOWER_BUILDING,900328,7587362485,4.0,BOT_LANE,13866.0,4505.0,200.0,887874,OUTER_TURRET,BUILDING_KILL
0.0,TOWER_BUILDING,960359,7587362485,9.0,MID_LANE,5846.0,6396.0,100.0,908210,OUTER_TURRET,BUILDING_KILL
0.0,TOWER_BUILDING,960359,7587362485,4.0,BOT_LANE,13327.0,8226.0,200.0,920488,INNER_TURRET,BUILDING_KILL
0.0,TOWER_BUILDING,1080406,7587362485,10.0,BOT_LANE,10504.0,1029.0,100.0,1043042,OUTER_TURRET,BUILDING_KILL
0.0,TOWER_BUILDING,1080406,7587362485,3.0,TOP_LANE,4318.0,13875.0,200.0,1044611,OUTER_TURRET,BUILDING_KILL
0.0,TOWER_BUILDING,1140438,7587362485,6.0,MID_LANE,5048.0,4812.0,100.0,1094447,INNER_TURRET,BUILDING_KILL
0.0,TOWER_BUILDING,1140438,7587362485,8.0,TOP_LANE,981.0,10441.0,100.0,1120631,OUTER_TURRET,BUILDING_KILL
0.0,TOWER_BUILDING,1305802,7587362485,6.0,MID_LANE,3651.0,3696.0,100.0,1278984,BASE_TURRET,BUILDING_KILL
0.0,INHIBITOR_BUILDING,1305802,7587362485,7.0,MID_LANE,3210.0,3217.0,100.0,1283426,,BUILDING_KILL
0.0,TOWER_BUILDING,1305802,7587362485,10.0,MID_LANE,1748.0,2270.0,100.0,1291989,NEXUS_TURRET,BUILDING_KILL
0.0,TOWER_BUILDING,1305802,7587362485,10.0,MID_LANE,2177.0,1807.0,100.0,1294661,NEXUS_TURRET,BUILDING_KILL
0.0,TOWER_BUILDING,900333,7587616448,1.0,TOP_LANE,4318.0,13875.0,200.0,897454,OUTER_TURRET,BUILDING_KILL
0.0,TOWER_BUILDING,1020352,7587616448,3.0,BOT_LANE,13866.0,4505.0,200.0,982585,OUTER_TURRET,BUILDING_KILL
0.0,TOWER_BUILDING,900324,7586399582,4.0,BOT_LANE,13866.0,4505.0,200.0,853464,OUTER_TURRET,BUILDING_KILL
0.0,TOWER_BUILDING,960325,7586399582,2.0,TOP_LANE,4318.0,13875.0,200.0,929800,OUTER_TURRET,BUILDING_KILL
0.0,TOWER_BUILDING,960325,7586399582,9.0,MID_LANE,5846.0,6396.0,100.0,945911,OUTER_TURRET,BUILDING_KILL
0.0,TOWER_BUILDING,960325,7586399582,6.0,BOT_LANE,10504.0,1029.0,100.0,948432,OUTER_TURRET,BUILDING_KILL
0.0,TOWER_BUILDING,960325,7586399582,2.0,TOP_LANE,7943.0,13411.0,200.0,950068,INNER_TURRET,BUILDING_KILL
0.0,TOWER_BUILDING,1080357,7586399582,9.0,MID_LANE,5048.0,4812.0,100.0,1051751,INNER_TURRET,BUILDING_KILL
0.0,TOWER_BUILDING,1080357,7586399582,8.0,TOP_LANE,981.0,10441.0,100.0,1051884,OUTER_TURRET,BUILDING_KILL
0.0,TOWER_BUILDING,1320407,7586399582,10.0,TOP_LANE,1512.0,6699.0,100.0,1278035,INNER_TURRET,BUILDING_KILL
0.0,TOWER_BUILDING,1560483,7586399582,8.0,MID_LANE,3651.0,3696.0,100.0,1504319,BASE_TURRET,BUILDING_KILL
300.0,TOWER_BUILDING,1680514,7586399582,4.0,MID_LANE,8955.0,8510.0,200.0,1621622,OUTER_TURRET,BUILDING_KILL
0.0,INHIBITOR_BUILDING,1740541,7586399582,9.0,MID_LANE,3210.0,3217.0,100.0,1684122,,BUILDING_KILL
0.0,TOWER_BUILDING,1740541,7586399582,9.0,MID_LANE,1748.0,2270.0,100.0,1706422,NEXUS_TURRET,BUILDING_KILL
0.0,TOWER_BUILDING,1740541,7586399582,7.0,MID_LANE,2177.0,1807.0,100.0,1716665,NEXUS_TURRET,BUILDING_KILL
0.0,TOWER_BUILDING,720311,7586374936,9.0,MID_LANE,5846.0,6396.0,100.0,663154,OUTER_TURRET,BUILDING_KILL
0.0,TOWER_BUILDING,900375,7586374936,1.0,TOP_LANE,4318.0,13875.0,200.0,889338,OUTER_TURRET,BUILDING_KILL
0.0,TOWER_BUILDING,900375,7586374936,9.0,BOT_LANE,10504.0,1029.0,100.0,891276,OUTER_TURRET,BUILDING_KILL
0.0,TOWER_BUILDING,1020409,7586374936,1.0,BOT_LANE,13866.0,4505.0,200.0,987183,OUTER_TURRET,BUILDING_KILL
0.0,TOWER_BUILDING,1020409,7586374936,9.0,MID_LANE,5048.0,4812.0,100.0,1005055,INNER_TURRET,BUILDING_KILL
0.0,TOWER_BUILDING,1140435,7586374936,3.0,BOT_LANE,13327.0,8226.0,200.0,1114703,INNER_TURRET,BUILDING_KILL
0.0,TOWER_BUILDING,1440547,7586374936,1.0,TOP_LANE,7943.0,13411.0,200.0,1416383,INNER_TURRET,BUILDING_KILL
0.0,TOWER_BUILDING,1500553,7586374936,7.0,TOP_LANE,981.0,10441.0,100.0,1461724,OUTER_TURRET,BUILDING_KILL
0.0,TOWER_BUILDING,1560566,7586374936,1.0,MID_LANE,8955.0,8510.0,200.0,1536266,OUTER_TURRET,BUILDING_KILL
0.0,TOWER_BUILDING,1620581,7586374936,3.0,MID_LANE,9767.0,10113.0,200.0,1564145,INNER_TURRET,BUILDING_KILL
0.0,TOWER_BUILDING,1680596,7586374936,0.0,MID_LANE,11134.0,11207.0,200.0,1663496,BASE_TURRET,BUILDING_KILL
0.0,INHIBITOR_BUILDING,1719986,7586374936,3.0,MID_LANE,11593.0,11669.0,200.0,1681096,,BUILDING_KILL
0.0,TOWER_BUILDING,1719986,7586374936,4.0,MID_LANE,13052.0,12612.0,200.0,1701290,NEXUS_TURRET,BUILDING_KILL
0.0,TOWER_BUILDING,1719986,7586374936,2.0,MID_LANE,12611.0,13084.0,200.0,1702993,NEXUS_TURRET,BUILDING_KILL
0.0,TOWER_BUILDING,780270,7587571577,8.0,MID_LANE,5846.0,6396.0,100.0,766570,OUTER_TURRET,BUILDING_KILL
0.0,TOWER_BUILDING,840301,7587571577,7.0,TOP_LANE,981.0,10441.0,100.0,791424,OUTER_TURRET,BUILDING_KILL
0.0,TOWER_BUILDING,960350,7587571577,8.0,BOT_LANE,10504.0,1029.0,100.0,929541,OUTER_TURRET,BUILDING_KILL
0.0,TOWER_BUILDING,1020360,7587571577,9.0,MID_LANE,5048.0,4812.0,100.0,983009,INNER_TURRET,BUILDING_KILL
0.0,TOWER_BUILDING,1020360,7587571577,10.0,TOP_LANE,1512.0,6699.0,100.0,1005696,INNER_TURRET,BUILDING_KILL
350.0,TOWER_BUILDING,1320446,7587571577,1.0,BOT_LANE,13866.0,4505.0,200.0,1305170,OUTER_TURRET,BUILDING_KILL
0.0,TOWER_BUILDING,1320446,7587571577,7.0,MID_LANE,3651.0,3696.0,100.0,1310981,BASE_TURRET,BUILDING_KILL
0.0,INHIBITOR_BUILDING,1320446,7587571577,7.0,MID_LANE,3210.0,3217.0,100.0,1319111,,BUILDING_KILL
0.0,TOWER_BUILDING,1380478,7587571577,9.0,MID_LANE,2177.0,1807.0,100.0,1328686,NEXUS_TURRET,BUILDING_KILL
0.0,TOWER_BUILDING,1380478,7587571577,10.0,MID_LANE,1748.0,2270.0,100.0,1335098,NEXUS_TURRET,BUILDING_KILL
0.0,TOWER_BUILDING,1380478,7587571577,0.0,TOP_LANE,1169.0,4287.0,100.0,1379138,BASE_TURRET,BUILDING_KILL
0.0,TOWER_BUILDING,900338,7587334086,9.0,BOT_LANE,10504.0,1029.0,100.0,853740,OUTER_TURRET,BUILDING_KILL
0.0,TOWER_BUILDING,1140385,7587334086,9.0,MID_LANE,5846.0,6396.0,100.0,1117370,OUTER_TURRET,BUILDING_KILL
0.0,TOWER_BUILDING,1260414,7587334086,4.0,MID_LANE,8955.0,8510.0,200.0,1205221,OUTER_TURRET,BUILDING_KILL
0.0,TOWER_BUILDING,1320423,7587334086,3.0,BOT_LANE,13866.0,4505.0,200.0,1317810,OUTER_TURRET,BUILDING_KILL
0.0,TOWER_BUILDING,1500512,7587334086,2.0,MID_LANE,9767.0,10113.0,200.0,1479497,INNER_TURRET,BUILDING_KILL
0.0,TOWER_BUILDING,1560534,7587334086,3.0,TOP_LANE,4318.0,13875.0,200.0,1521550,OUTER_TURRET,BUILDING_KILL
0.0,TOWER_BUILDING,1620566,7587334086,8.0,MID_LANE,5048.0,4812.0,100.0,1603228,INNER_TURRET,BUILDING_KILL
0.0,TOWER_BUILDING,900326,7586935870,1.0,TOP_LANE,4318.0,13875.0,200.0,867304,OUTER_TURRET,BUILDING_KILL
0.0,TOWER_BUILDING,900326,7586935870,9.0,BOT_LANE,10504.0,1029.0,100.0,871913,OUTER_TURRET,BUILDING_KILL
0.0,TOWER_BUILDING,960353,7586935870,4.0,MID_LANE,8955.0,8510.0,200.0,916799,OUTER_TURRET,BUILDING_KILL
0.0,TOWER_BUILDING,960353,7586935870,1.0,TOP_LANE,7943.0,13411.0,200.0,927254,INNER_TURRET,BUILDING_KILL
0.0,TOWER_BUILDING,1020376,7586935870,8.0,MID_LANE,5846.0,6396.0,100.0,1002920,OUTER_TURRET,BUILDING_KILL
0.0,TOWER_BUILDING,1140393,7586935870,5.0,BOT_LANE,13866.0,4505.0,200.0,1099423,OUTER_TURRET,BUILDING_KILL
0.0,TOWER_BUILDING,1200402,7586935870,7.0,TOP_LANE,981.0,10441.0,100.0,1200101,OUTER_TURRET,BUILDING_KILL
0.0,TOWER_BUILDING,1260440,7586935870,2.0,MID_LANE,9767.0,10113.0,200.0,1211406,INNER_TURRET,BUILDING_KILL
0.0,TOWER_BUILDING,1440472,7586935870,9.0,MID_LANE,5048.0,4812.0,100.0,1424731,INNER_TURRET,BUILDING_KILL
0.0,TOWER_BUILDING,1680539,7586935870,6.0,BOT_LANE,6919.0,1483.0,100.0,1668571,INNER_TURRET,BUILDING_KILL
0.0,TOWER_BUILDING,1740553,7586935870,6.0,BOT_LANE,4281.0,1253.0,100.0,1693995,BASE_TURRET,BUILDING_KILL
0.0,TOWER_BUILDING,1740553,7586935870,9.0,MID_LANE,3651.0,3696.0,100.0,1705561,BASE_TURRET,BUILDING_KILL
0.0,INHIBITOR_BUILDING,1740553,7586935870,6.0,BOT_LANE,3468.0,1230.0,100.0,1711340,,BUILDING_KILL
0.0,INHIBITOR_BUILDING,1740553,7586935870,9.0,MID_LANE,3210.0,3217.0,100.0,1713110,,BUILDING_KILL
0.0,TOWER_BUILDING,1836520,7586935870,9.0,MID_LANE,2177.0,1807.0,100.0,1815476,NEXUS_TURRET,BUILDING_KILL
0.0,TOWER_BUILDING,1836520,7586935870,9.0,MID_LANE,1748.0,2270.0,100.0,1826824,NEXUS_TURRET,BUILDING_KILL
0.0,TOWER_BUILDING,780280,7587082997,10.0,BOT_LANE,10504.0,1029.0,100.0,726319,OUTER_TURRET,BUILDING_KILL
0.0,TOWER_BUILDING,780280,7587082997,6.0,TOP_LANE,981.0,10441.0,100.0,768352,OUTER_TURRET,BUILDING_KILL
0.0,TOWER_BUILDING,1020339,7587082997,6.0,TOP_LANE,1512.0,6699.0,100.0,995720,INNER_TURRET,BUILDING_KILL
250.0,TOWER_BUILDING,1080354,7587082997,1.0,TOP_LANE,4318.0,13875.0,200.0,1051642,OUTER_TURRET,BUILDING_KILL
0.0,TOWER_BUILDING,1140356,7587082997,6.0,MID_LANE,5846.0,6396.0,100.0,1123675,OUTER_TURRET,BUILDING_KILL
0.0,TOWER_BUILDING,1380429,7587082997,3.0,BOT_LANE,13866.0,4505.0,200.0,1373134,OUTER_TURRET,BUILDING_KILL
0.0,TOWER_BUILDING,1440451,7587082997,9.0,MID_LANE,5048.0,4812.0,100.0,1400132,INNER_TURRET,BUILDING_KILL
0.0,TOWER_BUILDING,1440451,7587082997,3.0,MID_LANE,8955.0,8510.0,200.0,1424851,OUTER_TURRET,BUILDING_KILL
0.0,TOWER_BUILDING,1680553,7587082997,8.0,MID_LANE,3651.0,3696.0,100.0,1659065,BASE_TURRET,BUILDING_KILL
0.0,TOWER_BUILDING,1860635,7587082997,7.0,BOT_LANE,6919.0,1483.0,100.0,1821677,INNER_TURRET,BUILDING_KILL
0.0,TOWER_BUILDING,1920654,7587082997,10.0,BOT_LANE,4281.0,1253.0,100.0,1862205,BASE_TURRET,BUILDING_KILL
0.0,INHIBITOR_BUILDING,1920654,7587082997,10.0,MID_LANE,3210.0,3217.0,100.0,1866013,,BUILDING_KILL
0.0,INHIBITOR_BUILDING,2091743,7587082997,8.0,BOT_LANE,3468.0,1230.0,100.0,2087869,,BUILDING_KILL
0.0,TOWER_BUILDING,780231,7586905752,1.0,TOP_LANE,4318.0,13875.0,200.0,774018,OUTER_TURRET,BUILDING_KILL
0.0,TOWER_BUILDING,960302,7586905752,4.0,BOT_LANE,13866.0,4505.0,200.0,935153,OUTER_TURRET,BUILDING_KILL
0.0,TOWER_BUILDING,1020314,7586905752,8.0,BOT_LANE,10504.0,1029.0,100.0,1005937,OUTER_TURRET,BUILDING_KILL
0.0,TOWER_BUILDING,1080318,7586905752,4.0,MID_LANE,8955.0,8510.0,200.0,1031514,OUTER_TURRET,BUILDING_KILL
0.0,TOWER_BUILDING,1080318,7586905752,9.0,MID_LANE,5846.0,6396.0,100.0,1064126,OUTER_TURRET,BUILDING_KILL
0.0,TOWER_BUILDING,1320379,7586905752,8.0,MID_LANE,5048.0,4812.0,100.0,1276336,INNER_TURRET,BUILDING_KILL
0.0,TOWER_BUILDING,1440449,7586905752,9.0,TOP_LANE,981.0,10441.0,100.0,1402004,OUTER_TURRET,BUILDING_KILL
0.0,TOWER_BUILDING,1440449,7586905752,7.0,TOP_LANE,1512.0,6699.0,100.0,1420207,INNER_TURRET,BUILDING_KILL
0.0,TOWER_BUILDING,1680510,7586905752,6.0,MID_LANE,3651.0,3696.0,100.0,1631668,BASE_TURRET,BUILDING_KILL
0.0,INHIBITOR_BUILDING,1680510,7586905752,7.0,MID_LANE,3210.0,3217.0,100.0,1634975,,BUILDING_KILL
0.0,TOWER_BUILDING,1680510,7586905752,8.0,BOT_LANE,6919.0,1483.0,100.0,1643297,INNER_TURRET,BUILDING_KILL
0.0,TOWER_BUILDING,1680510,7586905752,7.0,BOT_LANE,4281.0,1253.0,100.0,1656209,BASE_TURRET,BUILDING_KILL
0.0,INHIBITOR_BUILDING,1680510,7586905752,7.0,BOT_LANE,3468.0,1230.0,100.0,1659337,,BUILDING_KILL
0.0,TOWER_BUILDING,1680510,7586905752,9.0,MID_LANE,2177.0,1807.0,100.0,1672585,NEXUS_TURRET,BUILDING_KILL
0.0,TOWER_BUILDING,1688179,7586905752,7.0,MID_LANE,1748.0,2270.0,100.0,1681180,NEXUS_TURRET,BUILDING_KILL
0.0,TOWER_BUILDING,900296,7586344208,3.0,MID_LANE,8955.0,8510.0,200.0,862224,OUTER_TURRET,BUILDING_KILL
0.0,TOWER_BUILDING,900296,7586344208,9.0,BOT_LANE,10504.0,1029.0,100.0,864109,OUTER_TURRET,BUILDING_KILL
0.0,TOWER_BUILDING,900296,7586344208,6.0,TOP_LANE,981.0,10441.0,100.0,870856,OUTER_TURRET,BUILDING_KILL
0.0,TOWER_BUILDING,1020353,7586344208,1.0,BOT_LANE,13866.0,4505.0,200.0,1008999,OUTER_TURRET,BUILDING_KILL
0.0,TOWER_BUILDING,1140395,7586344208,10.0,MID_LANE,5846.0,6396.0,100.0,1095664,OUTER_TURRET,BUILDING_KILL
0.0,TOWER_BUILDING,1140395,7586344208,6.0,TOP_LANE,1512.0,6699.0,100.0,1131638,INNER_TURRET,BUILDING_KILL
0.0,TOWER_BUILDING,1200419,7586344208,3.0,TOP_LANE,4318.0,13875.0,200.0,1192703,OUTER_TURRET,BUILDING_KILL
0.0,TOWER_BUILDING,1440449,7586344208,10.0,BOT_LANE,6919.0,1483.0,100.0,1382344,INNER_TURRET,BUILDING_KILL
0.0,TOWER_BUILDING,1473340,7586344208,9.0,MID_LANE,5048.0,4812.0,100.0,1460013,INNER_TURRET,BUILDING_KILL
0.0,TOWER_BUILDING,780308,7586191845,6.0,TOP_LANE,981.0,10441.0,100.0,757195,OUTER_TURRET,BUILDING_KILL
0.0,TOWER_BUILDING,900337,7586191845,3.0,BOT_LANE,13866.0,4505.0,200.0,874293,OUTER_TURRET,BUILDING_KILL
0.0,TOWER_BUILDING,960361,7586191845,7.0,MID_LANE,5846.0,6396.0,100.0,920783,OUTER_TURRET,BUILDING_KILL
0.0,TOWER_BUILDING,960361,7586191845,8.0,BOT_LANE,10504.0,1029.0,100.0,929068,OUTER_TURRET,BUILDING_KILL
0.0,TOWER_BUILDING,1260474,7586191845,3.0,TOP_LANE,4318.0,13875.0,200.0,1219061,OUTER_TURRET,BUILDING_KILL
0.0,TOWER_BUILDING,1377882,7586191845,4.0,MID_LANE,8955.0,8510.0,200.0,1355381,OUTER_TURRET,BUILDING_KILL
0.0,TOWER_BUILDING,1200390,7586561917,9.0,MID_LANE,5846.0,6396.0,100.0,1158846,OUTER_TURRET,BUILDING_KILL
0.0,TOWER_BUILDING,1200390,7586561917,1.0,TOP_LANE,4318.0,13875.0,200.0,1177508,OUTER_TURRET,BUILDING_KILL
0.0,TOWER_BUILDING,1260421,7586561917,8.0,BOT_LANE,10504.0,1029.0,100.0,1249216,OUTER_TURRET,BUILDING_KILL
0.0,TOWER_BUILDING,1320448,7586561917,3.0,BOT_LANE,13866.0,4505.0,200.0,1297824,OUTER_TURRET,BUILDING_KILL
0.0,TOWER_BUILDING,1320448,7586561917,6.0,TOP_LANE,981.0,10441.0,100.0,1300930,OUTER_TURRET,BUILDING_KILL
0.0,TOWER_BUILDING,1440463,7586561917,3.0,MID_LANE,8955.0,8510.0,200.0,1420662,OUTER_TURRET,BUILDING_KILL
0.0,TOWER_BUILDING,1560514,7586561917,2.0,BOT_LANE,13327.0,8226.0,200.0,1518784,INNER_TURRET,BUILDING_KILL
0.0,TOWER_BUILDING,1560514,7586561917,2.0,BOT_LANE,13624.0,10572.0,200.0,1532187,BASE_TURRET,BUILDING_KILL
0.0,TOWER_BUILDING,1560514,7586561917,2.0,MID_LANE,9767.0,10113.0,200.0,1540416,INNER_TURRET,BUILDING_KILL
0.0,TOWER_BUILDING,1620516,7586561917,5.0,MID_LANE,11134.0,11207.0,200.0,1610957,BASE_TURRET,BUILDING_KILL
0.0,INHIBITOR_BUILDING,1620516,7586561917,1.0,MID_LANE,11593.0,11669.0,200.0,1612961,,BUILDING_KILL
0.0,TOWER_BUILDING,1641289,7586561917,3.0,MID_LANE,13052.0,12612.0,200.0,1620549,NEXUS_TURRET,BUILDING_KILL
0.0,TOWER_BUILDING,1641289,7586561917,4.0,MID_LANE,12611.0,13084.0,200.0,1622720,NEXUS_TURRET,BUILDING_KILL
0.0,TOWER_BUILDING,960389,7587576708,9.0,MID_LANE,5846.0,6396.0,100.0,938642,OUTER_TURRET,BUILDING_KILL
0.0,TOWER_BUILDING,1020394,7587576708,3.0,BOT_LANE,13866.0,4505.0,200.0,985422,OUTER_TURRET,BUILDING_KILL
0.0,TOWER_BUILDING,1020394,7587576708,5.0,TOP_LANE,4318.0,13875.0,200.0,1008707,OUTER_TURRET,BUILDING_KILL
0.0,TOWER_BUILDING,1200457,7587576708,8.0,MID_LANE,5048.0,4812.0,100.0,1184250,INNER_TURRET,BUILDING_KILL
0.0,TOWER_BUILDING,1260485,7587576708,0.0,BOT_LANE,10504.0,1029.0,100.0,1257225,OUTER_TURRET,BUILDING_KILL
0.0,TOWER_BUILDING,1320500,7587576708,6.0,TOP_LANE,981.0,10441.0,100.0,1312549,OUTER_TURRET,BUILDING_KILL
0.0,TOWER_BUILDING,1433277,7587576708,8.0,BOT_LANE,6919.0,1483.0,100.0,1404288,INNER_TURRET,BUILDING_KILL
0.0,TOWER_BUILDING,900363,7587520478,8.0,BOT_LANE,10504.0,1029.0,100.0,847682,OUTER_TURRET,BUILDING_KILL
0.0,TOWER_BUILDING,1020378,7587520478,1.0,TOP_LANE,4318.0,13875.0,200.0,996006,OUTER_TURRET,BUILDING_KILL
0.0,TOWER_BUILDING,1080388,7587520478,8.0,MID_LANE,5846.0,6396.0,100.0,1038648,OUTER_TURRET,BUILDING_KILL
0.0,TOWER_BUILDING,1140416,7587520478,9.0,MID_LANE,5048.0,4812.0,100.0,1108963,INNER_TURRET,BUILDING_KILL
0.0,TOWER_BUILDING,1200428,7587520478,6.0,TOP_LANE,981.0,10441.0,100.0,1158688,OUTER_TURRET,BUILDING_KILL
0.0,TOWER_BUILDING,1500545,7587520478,4.0,MID_LANE,8955.0,8510.0,200.0,1472490,OUTER_TURRET,BUILDING_KILL
0.0,TOWER_BUILDING,1620599,7587520478,9.0,MID_LANE,3651.0,3696.0,100.0,1607582,BASE_TURRET,BUILDING_KILL
0.0,INHIBITOR_BUILDING,1620599,7587520478,10.0,MID_LANE,3210.0,3217.0,100.0,1613660,,BUILDING_KILL
0.0,TOWER_BUILDING,1680610,7587520478,6.0,MID_LANE,1748.0,2270.0,100.0,1680042,NEXUS_TURRET,BUILDING_KILL
0.0,TOWER_BUILDING,1680610,7587520478,8.0,MID_LANE,2177.0,1807.0,100.0,1680543,NEXUS_TURRET,BUILDING_KILL
0.0,TOWER_BUILDING,780324,7587292306,6.0,TOP_LANE,981.0,10441.0,100.0,749018,OUTER_TURRET,BUILDING_KILL
0.0,TOWER_BUILDING,900341,7587292306,8.0,MID_LANE,5846.0,6396.0,100.0,863288,OUTER_TURRET,BUILDING_KILL
0.0,TOWER_BUILDING,960361,7587292306,6.0,TOP_LANE,1512.0,6699.0,100.0,942950,INNER_TURRET,BUILDING_KILL
0.0,TOWER_BUILDING,1020363,7587292306,9.0,MID_LANE,5048.0,4812.0,100.0,1005045,INNER_TURRET,BUILDING_KILL
0.0,TOWER_BUILDING,1080367,7587292306,8.0,BOT_LANE,10504.0,1029.0,100.0,1047313,OUTER_TURRET,BUILDING_KILL
0.0,TOWER_BUILDING,1320452,7587292306,7.0,TOP_LANE,1169.0,4287.0,100.0,1266565,BASE_TURRET,BUILDING_KILL
0.0,INHIBITOR_BUILDING,1320452,7587292306,9.0,TOP_LANE,1172.0,3583.0,100.0,1278576,,BUILDING_KILL
0.0,TOWER_BUILDING,1320452,7587292306,7.0,MID_LANE,3651.0,3696.0,100.0,1281716,BASE_TURRET,BUILDING_KILL
0.0,INHIBITOR_BUILDING,1320452,7587292306,9.0,MID_LANE,3210.0,3217.0,100.0,1287861,,BUILDING_KILL
0.0,TOWER_BUILDING,780282,7587015277,4.0,MID_LANE,8955.0,8510.0,200.0,765192,OUTER_TURRET,BUILDING_KILL
0.0,TOWER_BUILDING,900325,7587015277,3.0,BOT_LANE,13866.0,4505.0,200.0,892761,OUTER_TURRET,BUILDING_KILL
0.0,TOWER_BUILDING,1080368,7587015277,4.0,MID_LANE,9767.0,10113.0,200.0,1044022,INNER_TURRET,BUILDING_KILL
200.0,TOWER_BUILDING,1140373,7587015277,8.0,BOT_LANE,10504.0,1029.0,100.0,1124410,OUTER_TURRET,BUILDING_KILL
0.0,TOWER_BUILDING,1140373,7587015277,0.0,TOP_LANE,4318.0,13875.0,200.0,1134627,OUTER_TURRET,BUILDING_KILL
0.0,TOWER_BUILDING,1320425,7587015277,4.0,TOP_LANE,7943.0,13411.0,200.0,1271007,INNER_TURRET,BUILDING_KILL
0.0,TOWER_BUILDING,1440451,7587015277,6.0,MID_LANE,5846.0,6396.0,100.0,1412972,OUTER_TURRET,BUILDING_KILL
0.0,TOWER_BUILDING,1500477,7587015277,2.0,BOT_LANE,13327.0,8226.0,200.0,1497000,INNER_TURRET,BUILDING_KILL
0.0,TOWER_BUILDING,1560488,7587015277,8.0,TOP_LANE,981.0,10441.0,100.0,1515792,OUTER_TURRET,BUILDING_KILL
0.0,TOWER_BUILDING,1620509,7587015277,6.0,BOT_LANE,6919.0,1483.0,100.0,1597491,INNER_TURRET,BUILDING_KILL
0.0,TOWER_BUILDING,1680529,7587015277,9.0,MID_LANE,5048.0,4812.0,100.0,1658422,INNER_TURRET,BUILDING_KILL
0.0,TOWER_BUILDING,1740558,7587015277,7.0,MID_LANE,3651.0,3696.0,100.0,1693789,BASE_TURRET,BUILDING_KILL
0.0,INHIBITOR_BUILDING,1855375,7587015277,6.0,MID_LANE,3210.0,3217.0,100.0,1819577,,BUILDING_KILL
0.0,TOWER_BUILDING,1855375,7587015277,6.0,MID_LANE,2177.0,1807.0,100.0,1828521,NEXUS_TURRET,BUILDING_KILL
0.0,TOWER_BUILDING,1855375,7587015277,6.0,MID_LANE,1748.0,2270.0,100.0,1844285,NEXUS_TURRET,BUILDING_KILL
0.0,TOWER_BUILDING,840375,7587427580,6.0,TOP_LANE,981.0,10441.0,100.0,840342,OUTER_TURRET,BUILDING_KILL
0.0,TOWER_BUILDING,960394,7587427580,5.0,BOT_LANE,13866.0,4505.0,200.0,932822,OUTER_TURRET,BUILDING_KILL
0.0,TOWER_BUILDING,1080408,7587427580,8.0,MID_LANE,5846.0,6396.0,100.0,1028581,OUTER_TURRET,BUILDING_KILL
0.0,TOWER_BUILDING,1140414,7587427580,1.0,TOP_LANE,4318.0,13875.0,200.0,1128302,OUTER_TURRET,BUILDING_KILL
0.0,TOWER_BUILDING,1320477,7587427580,9.0,MID_LANE,5048.0,4812.0,100.0,1273951,INNER_TURRET,BUILDING_KILL
0.0,TOWER_BUILDING,1320477,7587427580,2.0,BOT_LANE,13327.0,8226.0,200.0,1274118,INNER_TURRET,BUILDING_KILL
0.0,TOWER_BUILDING,1320477,7587427580,2.0,BOT_LANE,13624.0,10572.0,200.0,1296883,BASE_TURRET,BUILDING_KILL
0.0,TOWER_BUILDING,1320477,7587427580,9.0,MID_LANE,3651.0,3696.0,100.0,1305714,BASE_TURRET,BUILDING_KILL
0.0,INHIBITOR_BUILDING,1320477,7587427580,9.0,MID_LANE,3210.0,3217.0,100.0,1312527,,BUILDING_KILL
0.0,TOWER_BUILDING,1560528,7587427580,6.0,BOT_LANE,10504.0,1029.0,100.0,1517927,OUTER_TURRET,BUILDING_KILL
0.0,TOWER_BUILDING,1560528,7587427580,4.0,MID_LANE,8955.0,8510.0,200.0,1541688,OUTER_TURRET,BUILDING_KILL
0.0,TOWER_BUILDING,1560528,7587427580,6.0,BOT_LANE,6919.0,1483.0,100.0,1548776,INNER_TURRET,BUILDING_KILL
0.0,TOWER_BUILDING,1680549,7587427580,4.0,MID_LANE,9767.0,10113.0,200.0,1637552,INNER_TURRET,BUILDING_KILL
0.0,TOWER_BUILDING,1680549,7587427580,1.0,TOP_LANE,7943.0,13411.0,200.0,1638520,INNER_TURRET,BUILDING_KILL
0.0,TOWER_BUILDING,1680549,7587427580,3.0,MID_LANE,11134.0,11207.0,200.0,1646601,BASE_TURRET,BUILDING_KILL
0.0,INHIBITOR_BUILDING,1680549,7587427580,4.0,MID_LANE,11593.0,11669.0,200.0,1650744,,BUILDING_KILL
0.0,TOWER_BUILDING,1680549,7587427580,3.0,TOP_LANE,10481.0,13650.0,200.0,1656956,BASE_TURRET,BUILDING_KILL
0.0,INHIBITOR_BUILDING,1680549,7587427580,3.0,TOP_LANE,11275.0,13663.0,200.0,1660295,,BUILDING_KILL
0.0,INHIBITOR_BUILDING,1740577,7587427580,3.0,BOT_LANE,13594.0,11319.0,200.0,1738558,,BUILDING_KILL
0.0,TOWER_BUILDING,1781629,7587427580,3.0,MID_LANE,13052.0,12612.0,200.0,1742648,NEXUS_TURRET,BUILDING_KILL
0.0,TOWER_BUILDING,1781629,7587427580,0.0,MID_LANE,12611.0,13084.0,200.0,1769902,NEXUS_TURRET,BUILDING_KILL
0.0,TOWER_BUILDING,705846,7587299980,6.0,TOP_LANE,981.0,10441.0,100.0,667176,OUTER_TURRET,BUILDING_KILL
0.0,TOWER_BUILDING,705846,7587299980,4.0,BOT_LANE,13866.0,4505.0,200.0,677907,OUTER_TURRET,BUILDING_KILL
0.0,TOWER_BUILDING,720340,7587648390,1.0,TOP_LANE,4318.0,13875.0,200.0,683288,OUTER_TURRET,BUILDING_KILL
0.0,TOWER_BUILDING,960389,7587648390,4.0,BOT_LANE,13866.0,4505.0,200.0,923399,OUTER_TURRET,BUILDING_KILL
0.0,TOWER_BUILDING,1080422,7587648390,4.0,MID_LANE,8955.0,8510.0,200.0,1025833,OUTER_TURRET,BUILDING_KILL
0.0,TOWER_BUILDING,1200446,7587648390,7.0,BOT_LANE,10504.0,1029.0,100.0,1156463,OUTER_TURRET,BUILDING_KILL
0.0,TOWER_BUILDING,1200446,7587648390,5.0,TOP_LANE,7943.0,13411.0,200.0,1164879,INNER_TURRET,BUILDING_KILL
0.0,TOWER_BUILDING,1200446,7587648390,9.0,MID_LANE,5846.0,6396.0,100.0,1179975,OUTER_TURRET,BUILDING_KILL
0.0,TOWER_BUILDING,1260448,7587648390,0.0,MID_LANE,9767.0,10113.0,200.0,1220142,INNER_TURRET,BUILDING_KILL
0.0,TOWER_BUILDING,1380457,7587648390,4.0,MID_LANE,11134.0,11207.0,200.0,1369918,BASE_TURRET,BUILDING_KILL
0.0,INHIBITOR_BUILDING,1380457,7587648390,3.0,MID_LANE,11593.0,11669.0,200.0,1376130,,BUILDING_KILL
0.0,TOWER_BUILDING,1500505,7587648390,4.0,BOT_LANE,13327.0,8226.0,200.0,1465799,INNER_TURRET,BUILDING_KILL
250.0,TOWER_BUILDING,1500505,7587648390,8.0,TOP_LANE,981.0,10441.0,100.0,1469106,OUTER_TURRET,BUILDING_KILL
0.0,TOWER_BUILDING,1500505,7587648390,4.0,BOT_LANE,13624.0,10572.0,200.0,1477121,BASE_TURRET,BUILDING_KILL
0.0,TOWER_BUILDING,1500505,7587648390,5.0,MID_LANE,13052.0,12612.0,200.0,1496515,NEXUS_TURRET,BUILDING_KILL
0.0,TOWER_BUILDING,1516484,7587648390,2.0,MID_LANE,12611.0,13084.0,200.0,1501541,NEXUS_TURRET,BUILDING_KILL
0.0,INHIBITOR_BUILDING,1516484,7587648390,0.0,BOT_LANE,13594.0,11319.0,200.0,1506717,,BUILDING_KILL
0.0,TOWER_BUILDING,900340,7586327290,1.0,BOT_LANE,13866.0,4505.0,200.0,842930,OUTER_TURRET,BUILDING_KILL
0.0,TOWER_BUILDING,1080382,7586327290,7.0,MID_LANE,5846.0,6396.0,100.0,1025252,OUTER_TURRET,BUILDING_KILL
0.0,TOWER_BUILDING,1140410,7586327290,8.0,MID_LANE,5048.0,4812.0,100.0,1091992,INNER_TURRET,BUILDING_KILL
0.0,TOWER_BUILDING,1140410,7586327290,6.0,BOT_LANE,10504.0,1029.0,100.0,1136633,OUTER_TURRET,BUILDING_KILL
0.0,TOWER_BUILDING,1200428,7586327290,4.0,MID_LANE,8955.0,8510.0,200.0,1148894,OUTER_TURRET,BUILDING_KILL
0.0,TOWER_BUILDING,1260442,7586327290,7.0,TOP_LANE,981.0,10441.0,100.0,1220581,OUTER_TURRET,BUILDING_KILL
0.0,TOWER_BUILDING,720295,7587572416,10.0,BOT_LANE,10504.0,1029.0,100.0,699106,OUTER_TURRET,BUILDING_KILL
0.0,TOWER_BUILDING,840322,7587572416,9.0,MID_LANE,5846.0,6396.0,100.0,826691,OUTER_TURRET,BUILDING_KILL
0.0,TOWER_BUILDING,900329,7587572416,6.0,TOP_LANE,981.0,10441.0,100.0,877398,OUTER_TURRET,BUILDING_KILL
0.0,TOWER_BUILDING,933645,7587572416,9.0,MID_LANE,5048.0,4812.0,100.0,928569,INNER_TURRET,BUILDING_KILL
0.0,TOWER_BUILDING,720249,7587128077,9.0,BOT_LANE,10504.0,1029.0,100.0,677365,OUTER_TURRET,BUILDING_KILL
0.0,TOWER_BUILDING,900306,7587128077,2.0,TOP_LANE,4318.0,13875.0,200.0,841183,OUTER_TURRET,BUILDING_KILL
0.0,TOWER_BUILDING,1080340,7587128077,10.0,MID_LANE,5846.0,6396.0,100.0,1026431,OUTER_TURRET,BUILDING_KILL
0.0,TOWER_BUILDING,1140345,7587128077,1.0,BOT_LANE,13866.0,4505.0,200.0,1098079,OUTER_TURRET,BUILDING_KILL
0.0,TOWER_BUILDING,1140345,7587128077,4.0,MID_LANE,8955.0,8510.0,200.0,1099448,OUTER_TURRET,BUILDING_KILL
0.0,TOWER_BUILDING,1140345,7587128077,3.0,TOP_LANE,7943.0,13411.0,200.0,1112916,INNER_TURRET,BUILDING_KILL
0.0,TOWER_BUILDING,1440419,7587128077,7.0,MID_LANE,5048.0,4812.0,100.0,1429319,INNER_TURRET,BUILDING_KILL
0.0,TOWER_BUILDING,1440419,7587128077,3.0,BOT_LANE,13327.0,8226.0,200.0,1437568,INNER_TURRET,BUILDING_KILL
0.0,TOWER_BUILDING,1620452,7587128077,4.0,TOP_LANE,10481.0,13650.0,200.0,1595678,BASE_TURRET,BUILDING_KILL
0.0,INHIBITOR_BUILDING,1620452,7587128077,4.0,TOP_LANE,11275.0,13663.0,200.0,1600387,,BUILDING_KILL
0.0,TOWER_BUILDING,1620452,7587128077,3.0,MID_LANE,9767.0,10113.0,200.0,1603303,INNER_TURRET,BUILDING_KILL
0.0,TOWER_BUILDING,1712282,7587128077,4.0,BOT_LANE,13624.0,10572.0,200.0,1690402,BASE_TURRET,BUILDING_KILL
0.0,TOWER_BUILDING,1712282,7587128077,1.0,MID_LANE,13052.0,12612.0,200.0,1693413,NEXUS_TURRET,BUILDING_KILL
0.0,TOWER_BUILDING,1712282,7587128077,2.0,MID_LANE,12611.0,13084.0,200.0,1694648,NEXUS_TURRET,BUILDING_KILL
0.0,TOWER_BUILDING,720269,7587344564,4.0,BOT_LANE,13866.0,4505.0,200.0,666919,OUTER_TURRET,BUILDING_KILL
0.0,TOWER_BUILDING,780277,7587344564,1.0,TOP_LANE,4318.0,13875.0,200.0,742565,OUTER_TURRET,BUILDING_KILL
0.0,TOWER_BUILDING,840293,7587344564,2.0,MID_LANE,8955.0,8510.0,200.0,823684,OUTER_TURRET,BUILDING_KILL
0.0,TOWER_BUILDING,900326,7587344564,3.0,BOT_LANE,13327.0,8226.0,200.0,858863,INNER_TURRET,BUILDING_KILL
0.0,TOWER_BUILDING,900275,7586857885,2.0,TOP_LANE,4318.0,13875.0,200.0,892833,OUTER_TURRET,BUILDING_KILL
0.0,TOWER_BUILDING,960300,7586857885,4.0,BOT_LANE,13866.0,4505.0,200.0,936807,OUTER_TURRET,BUILDING_KILL
0.0,TOWER_BUILDING,960300,7586857885,9.0,MID_LANE,5846.0,6396.0,100.0,952284,OUTER_TURRET,BUILDING_KILL
0.0,TOWER_BUILDING,960300,7586857885,6.0,TOP_LANE,981.0,10441.0,100.0,957294,OUTER_TURRET,BUILDING_KILL
0.0,TOWER_BUILDING,1200380,7586857885,2.0,MID_LANE,8955.0,8510.0,200.0,1158400,OUTER_TURRET,BUILDING_KILL
0.0,TOWER_BUILDING,1260395,7586857885,6.0,BOT_LANE,10504.0,1029.0,100.0,1260162,OUTER_TURRET,BUILDING_KILL
0.0,TOWER_BUILDING,1380437,7586857885,9.0,MID_LANE,5048.0,4812.0,100.0,1341488,INNER_TURRET,BUILDING_KILL
0.0,TOWER_BUILDING,1380437,7586857885,6.0,BOT_LANE,6919.0,1483.0,100.0,1352826,INNER_TURRET,BUILDING_KILL
0.0,TOWER_BUILDING,900331,7586015243,1.0,TOP_LANE,4318.0,13875.0,200.0,854258,OUTER_TURRET,BUILDING_KILL
0.0,TOWER_BUILDING,960359,7586015243,6.0,TOP_LANE,981.0,10441.0,100.0,902769,OUTER_TURRET,BUILDING_KILL
0.0,TOWER_BUILDING,960359,7586015243,6.0,BOT_LANE,10504.0,1029.0,100.0,954281,OUTER_TURRET,BUILDING_KILL
0.0,TOWER_BUILDING,1020362,7586015243,1.0,TOP_LANE,7943.0,13411.0,200.0,989879,INNER_TURRET,BUILDING_KILL
0.0,TOWER_BUILDING,1080380,7586015243,1.0,BOT_LANE,13866.0,4505.0,200.0,1075103,OUTER_TURRET,BUILDING_KILL
0.0,TOWER_BUILDING,1177069,7586015243,0.0,MID_LANE,8955.0,8510.0,200.0,1155215,OUTER_TURRET,BUILDING_KILL
0.0,TOWER_BUILDING,480238,7586050291,3.0,MID_LANE,8955.0,8510.0,200.0,476393,OUTER_TURRET,BUILDING_KILL
0.0,TOWER_BUILDING,660320,7586050291,3.0,BOT_LANE,13866.0,4505.0,200.0,619689,OUTER_TURRET,BUILDING_KILL
0.0,TOWER_BUILDING,720323,7586050291,1.0,TOP_LANE,4318.0,13875.0,200.0,681341,OUTER_TURRET,BUILDING_KILL
0.0,TOWER_BUILDING,780348,7586050291,3.0,BOT_LANE,13327.0,8226.0,200.0,747204,INNER_TURRET,BUILDING_KILL
0.0,TOWER_BUILDING,840375,7586050291,1.0,MID_LANE,9767.0,10113.0,200.0,824381,INNER_TURRET,BUILDING_KILL
0.0,TOWER_BUILDING,900383,7586050291,3.0,TOP_LANE,7943.0,13411.0,200.0,880584,INNER_TURRET,BUILDING_KILL
0.0,TOWER_BUILDING,900383,7586050291,4.0,TOP_LANE,10481.0,13650.0,200.0,896905,BASE_TURRET,BUILDING_KILL
0.0,INHIBITOR_BUILDING,915052,7586050291,5.0,TOP_LANE,11275.0,13663.0,200.0,907426,,BUILDING_KILL
0.0,TOWER_BUILDING,780351,7587442146,1.0,TOP_LANE,4318.0,13875.0,200.0,764079,OUTER_TURRET,BUILDING_KILL
0.0,TOWER_BUILDING,900402,7587442146,3.0,BOT_LANE,13866.0,4505.0,200.0,846628,OUTER_TURRET,BUILDING_KILL
0.0,TOWER_BUILDING,1020428,7587442146,4.0,MID_LANE,8955.0,8510.0,200.0,997862,OUTER_TURRET,BUILDING_KILL
0.0,TOWER_BUILDING,1020428,7587442146,1.0,TOP_LANE,7943.0,13411.0,200.0,1010086,INNER_TURRET,BUILDING_KILL
0.0,TOWER_BUILDING,1080451,7587442146,1.0,TOP_LANE,10481.0,13650.0,200.0,1038162,BASE_TURRET,BUILDING_KILL
0.0,TOWER_BUILDING,1140461,7587442146,1.0,BOT_LANE,13327.0,8226.0,200.0,1113111,INNER_TURRET,BUILDING_KILL
0.0,TOWER_BUILDING,1200492,7587442146,4.0,MID_LANE,9767.0,10113.0,200.0,1163591,INNER_TURRET,BUILDING_KILL
0.0,TOWER_BUILDING,1200492,7587442146,4.0,MID_LANE,11134.0,11207.0,200.0,1172074,BASE_TURRET,BUILDING_KILL
0.0,INHIBITOR_BUILDING,1200492,7587442146,3.0,MID_LANE,11593.0,11669.0,200.0,1177339,,BUILDING_KILL
0.0,TOWER_BUILDING,1200492,7587442146,3.0,MID_LANE,13052.0,12612.0,200.0,1193043,NEXUS_TURRET,BUILDING_KILL
0.0,TOWER_BUILDING,1200492,7587442146,1.0,MID_LANE,12611.0,13084.0,200.0,1199457,NEXUS_TURRET,BUILDING_KILL
0.0,TOWER_BUILDING,1020395,7585928157,4.0,BOT_LANE,13866.0,4505.0,200.0,976863,OUTER_TURRET,BUILDING_KILL
0.0,TOWER_BUILDING,1020395,7585928157,6.0,TOP_LANE,981.0,10441.0,100.0,994010,OUTER_TURRET,BUILDING_KILL
0.0,TOWER_BUILDING,1080406,7585928157,6.0,BOT_LANE,10504.0,1029.0,100.0,1058783,OUTER_TURRET,BUILDING_KILL
0.0,TOWER_BUILDING,1140407,7585928157,4.0,MID_LANE,8955.0,8510.0,200.0,1091897,OUTER_TURRET,BUILDING_KILL
0.0,TOWER_BUILDING,1140407,7585928157,0.0,TOP_LANE,4318.0,13875.0,200.0,1095012,OUTER_TURRET,BUILDING_KILL
0.0,TOWER_BUILDING,1260425,7585928157,4.0,MID_LANE,9767.0,10113.0,200.0,1224549,INNER_TURRET,BUILDING_KILL
0.0,TOWER_BUILDING,1260425,7585928157,2.0,TOP_LANE,7943.0,13411.0,200.0,1240160,INNER_TURRET,BUILDING_KILL
0.0,TOWER_BUILDING,840325,7586554788,8.0,TOP_LANE,981.0,10441.0,100.0,811183,OUTER_TURRET,BUILDING_KILL
0.0,TOWER_BUILDING,1020384,7586554788,3.0,BOT_LANE,13866.0,4505.0,200.0,1014016,OUTER_TURRET,BUILDING_KILL
0.0,TOWER_BUILDING,1080393,7586554788,7.0,MID_LANE,5846.0,6396.0,100.0,1028667,OUTER_TURRET,BUILDING_KILL
0.0,TOWER_BUILDING,1200405,7586554788,9.0,BOT_LANE,10504.0,1029.0,100.0,1171865,OUTER_TURRET,BUILDING_KILL
0.0,TOWER_BUILDING,1320434,7586554788,9.0,MID_LANE,5048.0,4812.0,100.0,1289234,INNER_TURRET,BUILDING_KILL
0.0,TOWER_BUILDING,1500487,7586554788,8.0,BOT_LANE,6919.0,1483.0,100.0,1462698,INNER_TURRET,BUILDING_KILL
0.0,TOWER_BUILDING,1560508,7586554788,8.0,BOT_LANE,4281.0,1253.0,100.0,1551337,BASE_TURRET,BUILDING_KILL
0.0,TOWER_BUILDING,1618460,7586554788,9.0,TOP_LANE,1512.0,6699.0,100.0,1567940,INNER_TURRET,BUILDING_KILL
0.0,TOWER_BUILDING,1618460,7586554788,6.0,TOP_LANE,1169.0,4287.0,100.0,1581633,BASE_TURRET,BUILDING_KILL
0.0,INHIBITOR_BUILDING,1618460,7586554788,0.0,BOT_LANE,3468.0,1230.0,100.0,1582936,,BUILDING_KILL
0.0,TOWER_BUILDING,1618460,7586554788,8.0,MID_LANE,3651.0,3696.0,100.0,1584172,BASE_TURRET,BUILDING_KILL
0.0,INHIBITOR_BUILDING,1618460,7586554788,9.0,TOP_LANE,1172.0,3583.0,100.0,1586009,,BUILDING_KILL
0.0,INHIBITOR_BUILDING,1618460,7586554788,7.0,MID_LANE,3210.0,3217.0,100.0,1588600,,BUILDING_KILL
0.0,TOWER_BUILDING,1618460,7586554788,7.0,MID_LANE,1748.0,2270.0,100.0,1604145,NEXUS_TURRET,BUILDING_KILL
0.0,TOWER_BUILDING,1618460,7586554788,7.0,MID_LANE,2177.0,1807.0,100.0,1605315,NEXUS_TURRET,BUILDING_KILL
0.0,TOWER_BUILDING,900320,7587296042,9.0,BOT_LANE,10504.0,1029.0,100.0,841828,OUTER_TURRET,BUILDING_KILL
0.0,TOWER_BUILDING,900320,7587296042,1.0,TOP_LANE,4318.0,13875.0,200.0,893982,OUTER_TURRET,BUILDING_KILL
0.0,TOWER_BUILDING,960352,7587296042,8.0,BOT_LANE,6919.0,1483.0,100.0,944454,INNER_TURRET,BUILDING_KILL
0.0,TOWER_BUILDING,960352,7587296042,9.0,MID_LANE,5846.0,6396.0,100.0,950232,OUTER_TURRET,BUILDING_KILL
150.0,TOWER_BUILDING,1140387,7587296042,3.0,MID_LANE,8955.0,8510.0,200.0,1092013,OUTER_TURRET,BUILDING_KILL
0.0,TOWER_BUILDING,1380457,7587296042,6.0,TOP_LANE,981.0,10441.0,100.0,1334693,OUTER_TURRET,BUILDING_KILL
0.0,TOWER_BUILDING,1380457,7587296042,8.0,MID_LANE,5048.0,4812.0,100.0,1337914,INNER_TURRET,BUILDING_KILL
250.0,TOWER_BUILDING,1380457,7587296042,4.0,BOT_LANE,13866.0,4505.0,200.0,1376213,OUTER_TURRET,BUILDING_KILL
0.0,TOWER_BUILDING,1680535,7587296042,6.0,TOP_LANE,1512.0,6699.0,100.0,1645150,INNER_TURRET,BUILDING_KILL
0.0,TOWER_BUILDING,1740563,7587296042,8.0,TOP_LANE,1169.0,4287.0,100.0,1693213,BASE_TURRET,BUILDING_KILL
480.0,TOWER_BUILDING,1740563,7587296042,1.0,MID_LANE,9767.0,10113.0,200.0,1696787,INNER_TURRET,BUILDING_KILL
0.0,INHIBITOR_BUILDING,1740563,7587296042,8.0,TOP_LANE,1172.0,3583.0,100.0,1705352,,BUILDING_KILL
0.0,TOWER_BUILDING,1800591,7587296042,8.0,BOT_LANE,4281.0,1253.0,100.0,1778998,BASE_TURRET,BUILDING_KILL
0.0,INHIBITOR_BUILDING,1800591,7587296042,8.0,BOT_LANE,3468.0,1230.0,100.0,1782605,,BUILDING_KILL
0.0,TOWER_BUILDING,1800591,7587296042,6.0,MID_LANE,2177.0,1807.0,100.0,1788509,NEXUS_TURRET,BUILDING_KILL
0.0,TOWER_BUILDING,1800591,7587296042,10.0,MID_LANE,1748.0,2270.0,100.0,1799856,NEXUS_TURRET,BUILDING_KILL
0.0,TOWER_BUILDING,960347,7587586228,1.0,TOP_LANE,4318.0,13875.0,200.0,958911,OUTER_TURRET,BUILDING_KILL
0.0,TOWER_BUILDING,1200375,7587586228,2.0,MID_LANE,8955.0,8510.0,200.0,1171073,OUTER_TURRET,BUILDING_KILL
0.0,TOWER_BUILDING,1200375,7587586228,6.0,TOP_LANE,981.0,10441.0,100.0,1192394,OUTER_TURRET,BUILDING_KILL
0.0,TOWER_BUILDING,1260394,7587586228,6.0,TOP_LANE,1512.0,6699.0,100.0,1230103,INNER_TURRET,BUILDING_KILL
0.0,TOWER_BUILDING,1320415,7587586228,8.0,BOT_LANE,10504.0,1029.0,100.0,1285961,OUTER_TURRET,BUILDING_KILL
0.0,TOWER_BUILDING,1380447,7587586228,6.0,MID_LANE,5846.0,6396.0,100.0,1338561,OUTER_TURRET,BUILDING_KILL
0.0,TOWER_BUILDING,1380447,7587586228,1.0,BOT_LANE,13866.0,4505.0,200.0,1365064,OUTER_TURRET,BUILDING_KILL
0.0,TOWER_BUILDING,1440453,7587586228,0.0,MID_LANE,9767.0,10113.0,200.0,1397146,INNER_TURRET,BUILDING_KILL
0.0,TOWER_BUILDING,1800577,7587586228,6.0,TOP_LANE,1169.0,4287.0,100.0,1777210,BASE_TURRET,BUILDING_KILL
0.0,TOWER_BUILDING,1920592,7587586228,1.0,BOT_LANE,13327.0,8226.0,200.0,1882612,INNER_TURRET,BUILDING_KILL
0.0,TOWER_BUILDING,1920592,7587586228,1.0,BOT_LANE,13624.0,10572.0,200.0,1895168,BASE_TURRET,BUILDING_KILL
0.0,INHIBITOR_BUILDING,1920592,7587586228,1.0,BOT_LANE,13594.0,11319.0,200.0,1902315,,BUILDING_KILL
0.0,TOWER_BUILDING,1980593,7587586228,1.0,MID_LANE,13052.0,12612.0,200.0,1920693,NEXUS_TURRET,BUILDING_KILL
0.0,TOWER_BUILDING,2040611,7587586228,4.0,MID_LANE,11134.0,11207.0,200.0,2023469,BASE_TURRET,BUILDING_KILL
0.0,INHIBITOR_BUILDING,2040611,7587586228,4.0,MID_LANE,11593.0,11669.0,200.0,2029380,,BUILDING_KILL
0.0,TOWER_BUILDING,2154350,7587586228,1.0,MID_LANE,13052.0,12612.0,200.0,2136637,NEXUS_TURRET,BUILDING_KILL
0.0,TOWER_BUILDING,2154350,7587586228,4.0,MID_LANE,12611.0,13084.0,200.0,2148205,NEXUS_TURRET,BUILDING_KILL
0.0,TOWER_BUILDING,780289,7586476140,5.0,BOT_LANE,13866.0,4505.0,200.0,726442,OUTER_TURRET,BUILDING_KILL
0.0,TOWER_BUILDING,840315,7586476140,1.0,TOP_LANE,4318.0,13875.0,200.0,828547,OUTER_TURRET,BUILDING_KILL
0.0,TOWER_BUILDING,900333,7586476140,1.0,TOP_LANE,7943.0,13411.0,200.0,850471,INNER_TURRET,BUILDING_KILL
0.0,TOWER_BUILDING,900333,7586476140,10.0,BOT_LANE,10504.0,1029.0,100.0,869531,OUTER_TURRET,BUILDING_KILL
0.0,TOWER_BUILDING,943564,7586476140,5.0,MID_LANE,8955.0,8510.0,200.0,928286,OUTER_TURRET,BUILDING_KILL
0.0,TOWER_BUILDING,900382,7587455790,4.0,BOT_LANE,13866.0,4505.0,200.0,850280,OUTER_TURRET,BUILDING_KILL
0.0,TOWER_BUILDING,960384,7587455790,6.0,BOT_LANE,10504.0,1029.0,100.0,905058,OUTER_TURRET,BUILDING_KILL
0.0,TOWER_BUILDING,1020384,7587455790,1.0,MID_LANE,8955.0,8510.0,200.0,987213,OUTER_TURRET,BUILDING_KILL
0.0,TOWER_BUILDING,1020384,7587455790,3.0,TOP_LANE,4318.0,13875.0,200.0,1017086,OUTER_TURRET,BUILDING_KILL
0.0,TOWER_BUILDING,1140401,7587455790,2.0,MID_LANE,9767.0,10113.0,200.0,1113226,INNER_TURRET,BUILDING_KILL
0.0,TOWER_BUILDING,1140401,7587455790,6.0,BOT_LANE,6919.0,1483.0,100.0,1119405,INNER_TURRET,BUILDING_KILL
0.0,TOWER_BUILDING,1500522,7587455790,6.0,TOP_LANE,981.0,10441.0,100.0,1460405,OUTER_TURRET,BUILDING_KILL
0.0,TOWER_BUILDING,1560526,7587455790,6.0,TOP_LANE,1512.0,6699.0,100.0,1504997,INNER_TURRET,BUILDING_KILL
0.0,TOWER_BUILDING,1560526,7587455790,0.0,MID_LANE,5846.0,6396.0,100.0,1520762,OUTER_TURRET,BUILDING_KILL
0.0,TOWER_BUILDING,1680565,7587455790,6.0,MID_LANE,5048.0,4812.0,100.0,1624443,INNER_TURRET,BUILDING_KILL
0.0,TOWER_BUILDING,1680565,7587455790,8.0,MID_LANE,3651.0,3696.0,100.0,1632045,BASE_TURRET,BUILDING_KILL
0.0,INHIBITOR_BUILDING,1680565,7587455790,9.0,MID_LANE,3210.0,3217.0,100.0,1637556,,BUILDING_KILL
0.0,TOWER_BUILDING,1860613,7587455790,9.0,MID_LANE,2177.0,1807.0,100.0,1835929,NEXUS_TURRET,BUILDING_KILL
0.0,INHIBITOR_BUILDING,1980640,7587455790,8.0,MID_LANE,3210.0,3217.0,100.0,1956592,,BUILDING_KILL
0.0,TOWER_BUILDING,1980640,7587455790,9.0,MID_LANE,1748.0,2270.0,100.0,1963580,NEXUS_TURRET,BUILDING_KILL
0.0,TOWER_BUILDING,960346,7587409185,4.0,BOT_LANE,13866.0,4505.0,200.0,951789,OUTER_TURRET,BUILDING_KILL
0.0,TOWER_BUILDING,960346,7587409185,8.0,TOP_LANE,981.0,10441.0,100.0,954869,OUTER_TURRET,BUILDING_KILL
0.0,TOWER_BUILDING,1080373,7587409185,1.0,TOP_LANE,4318.0,13875.0,200.0,1048970,OUTER_TURRET,BUILDING_KILL
0.0,TOWER_BUILDING,1140376,7587409185,8.0,BOT_LANE,10504.0,1029.0,100.0,1099587,OUTER_TURRET,BUILDING_KILL
0.0,TOWER_BUILDING,1140376,7587409185,8.0,BOT_LANE,6919.0,1483.0,100.0,1134876,INNER_TURRET,BUILDING_KILL
0.0,TOWER_BUILDING,1200383,7587409185,9.0,MID_LANE,5846.0,6396.0,100.0,1158086,OUTER_TURRET,BUILDING_KILL
0.0,TOWER_BUILDING,1260390,7587409185,3.0,MID_LANE,8955.0,8510.0,200.0,1206027,OUTER_TURRET,BUILDING_KILL
0.0,TOWER_BUILDING,1440431,7587409185,7.0,MID_LANE,5048.0,4812.0,100.0,1392204,INNER_TURRET,BUILDING_KILL
0.0,TOWER_BUILDING,1620474,7587409185,8.0,MID_LANE,3651.0,3696.0,100.0,1573603,BASE_TURRET,BUILDING_KILL
0.0,INHIBITOR_BUILDING,1620474,7587409185,8.0,MID_LANE,3210.0,3217.0,100.0,1581332,,BUILDING_KILL
0.0,TOWER_BUILDING,1680504,7587409185,8.0,TOP_LANE,1512.0,6699.0,100.0,1662107,INNER_TURRET,BUILDING_KILL
0.0,TOWER_BUILDING,1680504,7587409185,10.0,BOT_LANE,4281.0,1253.0,100.0,1668112,BASE_TURRET,BUILDING_KILL
0.0,TOWER_BUILDING,1680504,7587409185,8.0,TOP_LANE,1169.0,4287.0,100.0,1679902,BASE_TURRET,BUILDING_KILL
0.0,INHIBITOR_BUILDING,1740532,7587409185,8.0,TOP_LANE,1172.0,3583.0,100.0,1686600,,BUILDING_KILL
0.0,INHIBITOR_BUILDING,1740532,7587409185,7.0,BOT_LANE,3468.0,1230.0,100.0,1700894,,BUILDING_KILL
0.0,TOWER_BUILDING,1740532,7587409185,8.0,MID_LANE,2177.0,1807.0,100.0,1717861,NEXUS_TURRET,BUILDING_KILL
0.0,TOWER_BUILDING,1740532,7587409185,10.0,MID_LANE,1748.0,2270.0,100.0,1729207,NEXUS_TURRET,BUILDING_KILL
0.0,TOWER_BUILDING,900276,7586263406,1.0,TOP_LANE,4318.0,13875.0,200.0,871359,OUTER_TURRET,BUILDING_KILL
0.0,TOWER_BUILDING,960306,7586263406,6.0,TOP_LANE,981.0,10441.0,100.0,936352,OUTER_TURRET,BUILDING_KILL
0.0,TOWER_BUILDING,1080338,7586263406,6.0,BOT_LANE,10504.0,1029.0,100.0,1060297,OUTER_TURRET,BUILDING_KILL
0.0,TOWER_BUILDING,1200367,7586263406,1.0,BOT_LANE,13866.0,4505.0,200.0,1143586,OUTER_TURRET,BUILDING_KILL
0.0,TOWER_BUILDING,1200367,7586263406,4.0,MID_LANE,8955.0,8510.0,200.0,1155425,OUTER_TURRET,BUILDING_KILL
0.0,TOWER_BUILDING,1380420,7586263406,7.0,MID_LANE,5846.0,6396.0,100.0,1363333,OUTER_TURRET,BUILDING_KILL
0.0,TOWER_BUILDING,1500469,7586263406,4.0,TOP_LANE,7943.0,13411.0,200.0,1464851,INNER_TURRET,BUILDING_KILL
0.0,TOWER_BUILDING,1500469,7586263406,4.0,MID_LANE,9767.0,10113.0,200.0,1481762,INNER_TURRET,BUILDING_KILL
0.0,TOWER_BUILDING,1680526,7586263406,5.0,TOP_LANE,10481.0,13650.0,200.0,1649419,BASE_TURRET,BUILDING_KILL
0.0,INHIBITOR_BUILDING,1680526,7586263406,2.0,TOP_LANE,11275.0,13663.0,200.0,1656442,,BUILDING_KILL
0.0,TOWER_BUILDING,1800557,7586263406,5.0,MID_LANE,11134.0,11207.0,200.0,1752294,BASE_TURRET,BUILDING_KILL
0.0,INHIBITOR_BUILDING,1800557,7586263406,1.0,MID_LANE,11593.0,11669.0,200.0,1756509,,BUILDING_KILL
0.0,TOWER_BUILDING,1980631,7586263406,2.0,MID_LANE,12611.0,13084.0,200.0,1957863,NEXUS_TURRET,BUILDING_KILL
0.0,TOWER_BUILDING,1980631,7586263406,4.0,MID_LANE,13052.0,12612.0,200.0,1962168,NEXUS_TURRET,BUILDING_KILL
0.0,TOWER_BUILDING,720251,7586634817,8.0,BOT_LANE,10504.0,1029.0,100.0,716910,OUTER_TURRET,BUILDING_KILL
0.0,TOWER_BUILDING,900287,7586634817,6.0,TOP_LANE,981.0,10441.0,100.0,888436,OUTER_TURRET,BUILDING_KILL
0.0,TOWER_BUILDING,960299,7586634817,3.0,MID_LANE,8955.0,8510.0,200.0,922697,OUTER_TURRET,BUILDING_KILL
0.0,TOWER_BUILDING,1080309,7586634817,1.0,TOP_LANE,4318.0,13875.0,200.0,1069107,OUTER_TURRET,BUILDING_KILL
0.0,TOWER_BUILDING,1200336,7586634817,4.0,MID_LANE,9767.0,10113.0,200.0,1167925,INNER_TURRET,BUILDING_KILL
0.0,TOWER_BUILDING,1200336,7586634817,5.0,TOP_LANE,7943.0,13411.0,200.0,1176964,INNER_TURRET,BUILDING_KILL
0.0,TOWER_BUILDING,1200446,7587082131,2.0,BOT_LANE,13866.0,4505.0,200.0,1157526,OUTER_TURRET,BUILDING_KILL
0.0,TOWER_BUILDING,1200446,7587082131,6.0,TOP_LANE,981.0,10441.0,100.0,1159095,OUTER_TURRET,BUILDING_KILL
0.0,TOWER_BUILDING,1380484,7587082131,4.0,MID_LANE,8955.0,8510.0,200.0,1329146,OUTER_TURRET,BUILDING_KILL
0.0,TOWER_BUILDING,1380484,7587082131,8.0,BOT_LANE,10504.0,1029.0,100.0,1356407,OUTER_TURRET,BUILDING_KILL
0.0,TOWER_BUILDING,1380484,7587082131,4.0,TOP_LANE,4318.0,13875.0,200.0,1367279,OUTER_TURRET,BUILDING_KILL
0.0,TOWER_BUILDING,1620531,7587082131,4.0,MID_LANE,9767.0,10113.0,200.0,1601076,INNER_TURRET,BUILDING_KILL
0.0,TOWER_BUILDING,1680552,7587082131,9.0,MID_LANE,5846.0,6396.0,100.0,1678574,OUTER_TURRET,BUILDING_KILL
0.0,TOWER_BUILDING,1740568,7587082131,1.0,TOP_LANE,7943.0,13411.0,200.0,1699274,INNER_TURRET,BUILDING_KILL
0.0,TOWER_BUILDING,1740568,7587082131,1.0,TOP_LANE,10481.0,13650.0,200.0,1715401,BASE_TURRET,BUILDING_KILL
0.0,INHIBITOR_BUILDING,1740568,7587082131,1.0,TOP_LANE,11275.0,13663.0,200.0,1721435,,BUILDING_KILL
0.0,TOWER_BUILDING,1740568,7587082131,1.0,MID_LANE,12611.0,13084.0,200.0,1731188,NEXUS_TURRET,BUILDING_KILL
0.0,TOWER_BUILDING,1740568,7587082131,1.0,MID_LANE,13052.0,12612.0,200.0,1735809,NEXUS_TURRET,BUILDING_KILL
0.0,TOWER_BUILDING,720262,7587110063,6.0,TOP_LANE,981.0,10441.0,100.0,670173,OUTER_TURRET,BUILDING_KILL
0.0,TOWER_BUILDING,840316,7587110063,10.0,BOT_LANE,10504.0,1029.0,100.0,799380,OUTER_TURRET,BUILDING_KILL
0.0,TOWER_BUILDING,840316,7587110063,9.0,MID_LANE,5846.0,6396.0,100.0,804557,OUTER_TURRET,BUILDING_KILL
0.0,TOWER_BUILDING,840321,7587386297,6.0,BOT_LANE,10504.0,1029.0,100.0,804910,OUTER_TURRET,BUILDING_KILL
0.0,TOWER_BUILDING,900324,7587386297,6.0,TOP_LANE,981.0,10441.0,100.0,877816,OUTER_TURRET,BUILDING_KILL
0.0,TOWER_BUILDING,1380453,7587386297,2.0,TOP_LANE,4318.0,13875.0,200.0,1362529,OUTER_TURRET,BUILDING_KILL
0.0,TOWER_BUILDING,1440475,7587386297,1.0,TOP_LANE,7943.0,13411.0,200.0,1381756,INNER_TURRET,BUILDING_KILL
0.0,TOWER_BUILDING,1440475,7587386297,4.0,MID_LANE,8955.0,8510.0,200.0,1389504,OUTER_TURRET,BUILDING_KILL
0.0,TOWER_BUILDING,1440475,7587386297,6.0,MID_LANE,5846.0,6396.0,100.0,1415029,OUTER_TURRET,BUILDING_KILL
0.0,TOWER_BUILDING,1440475,7587386297,6.0,MID_LANE,5048.0,4812.0,100.0,1424381,INNER_TURRET,BUILDING_KILL
0.0,TOWER_BUILDING,1500507,7587386297,9.0,BOT_LANE,6919.0,1483.0,100.0,1440942,INNER_TURRET,BUILDING_KILL
0.0,TOWER_BUILDING,1620526,7587386297,6.0,TOP_LANE,1512.0,6699.0,100.0,1590442,INNER_TURRET,BUILDING_KILL
0.0,TOWER_BUILDING,1620526,7587386297,6.0,TOP_LANE,1169.0,4287.0,100.0,1599887,BASE_TURRET,BUILDING_KILL
0.0,TOWER_BUILDING,1620526,7587386297,4.0,BOT_LANE,13866.0,4505.0,200.0,1600087,OUTER_TURRET,BUILDING_KILL
0.0,TOWER_BUILDING,1620526,7587386297,2.0,MID_LANE,9767.0,10113.0,200.0,1602225,INNER_TURRET,BUILDING_KILL
0.0,INHIBITOR_BUILDING,1620526,7587386297,6.0,TOP_LANE,1172.0,3583.0,100.0,1605698,,BUILDING_KILL
0.0,TOWER_BUILDING,1620526,7587386297,4.0,BOT_LANE,13327.0,8226.0,200.0,1619006,INNER_TURRET,BUILDING_KILL
0.0,TOWER_BUILDING,1800581,7587386297,6.0,BOT_LANE,4281.0,1253.0,100.0,1775765,BASE_TURRET,BUILDING_KILL
0.0,INHIBITOR_BUILDING,1920612,7587386297,6.0,BOT_LANE,3468.0,1230.0,100.0,1894147,,BUILDING_KILL
0.0,TOWER_BUILDING,1980644,7587386297,4.0,MID_LANE,11134.0,11207.0,200.0,1964679,BASE_TURRET,BUILDING_KILL
0.0,INHIBITOR_BUILDING,1980644,7587386297,5.0,MID_LANE,11593.0,11669.0,200.0,1967819,,BUILDING_KILL
0.0,TOWER_BUILDING,1980644,7587386297,4.0,MID_LANE,13052.0,12612.0,200.0,1978362,NEXUS_TURRET,BUILDING_KILL
0.0,TOWER_BUILDING,1990336,7587386297,1.0,MID_LANE,12611.0,13084.0,200.0,1983055,NEXUS_TURRET,BUILDING_KILL
0.0,TOWER_BUILDING,840332,7586439170,2.0,TOP_LANE,4318.0,13875.0,200.0,801666,OUTER_TURRET,BUILDING_KILL
0.0,TOWER_BUILDING,840332,7586439170,10.0,BOT_LANE,10504.0,1029.0,100.0,806972,OUTER_TURRET,BUILDING_KILL
0.0,TOWER_BUILDING,840332,7586439170,1.0,TOP_LANE,7943.0,13411.0,200.0,826189,INNER_TURRET,BUILDING_KILL
0.0,TOWER_BUILDING,900356,7586439170,3.0,MID_LANE,8955.0,8510.0,200.0,890422,OUTER_TURRET,BUILDING_KILL
0.0,TOWER_BUILDING,1140443,7586439170,2.0,MID_LANE,9767.0,10113.0,200.0,1083508,INNER_TURRET,BUILDING_KILL
0.0,TOWER_BUILDING,1140443,7586439170,4.0,MID_LANE,11134.0,11207.0,200.0,1093597,BASE_TURRET,BUILDING_KILL
0.0,TOWER_BUILDING,1140443,7586439170,1.0,BOT_LANE,13866.0,4505.0,200.0,1113830,OUTER_TURRET,BUILDING_KILL
0.0,TOWER_BUILDING,1260480,7586439170,10.0,MID_LANE,5846.0,6396.0,100.0,1205183,OUTER_TURRET,BUILDING_KILL
0.0,TOWER_BUILDING,1260480,7586439170,8.0,TOP_LANE,981.0,10441.0,100.0,1218825,OUTER_TURRET,BUILDING_KILL
0.0,TOWER_BUILDING,1260480,7586439170,6.0,MID_LANE,5048.0,4812.0,100.0,1220161,INNER_TURRET,BUILDING_KILL
0.0,TOWER_BUILDING,1440545,7586439170,6.0,MID_LANE,3651.0,3696.0,100.0,1411539,BASE_TURRET,BUILDING_KILL
0.0,INHIBITOR_BUILDING,1440545,7586439170,9.0,MID_LANE,3210.0,3217.0,100.0,1416250,,BUILDING_KILL
0.0,TOWER_BUILDING,1440545,7586439170,6.0,MID_LANE,1748.0,2270.0,100.0,1432462,NEXUS_TURRET,BUILDING_KILL
0.0,TOWER_BUILDING,1440545,7586439170,9.0,MID_LANE,2177.0,1807.0,100.0,1433665,NEXUS_TURRET,BUILDING_KILL
0.0,TOWER_BUILDING,720258,7586267984,6.0,TOP_LANE,981.0,10441.0,100.0,668889,OUTER_TURRET,BUILDING_KILL
0.0,TOWER_BUILDING,780291,7586267984,4.0,BOT_LANE,13866.0,4505.0,200.0,752720,OUTER_TURRET,BUILDING_KILL
0.0,TOWER_BUILDING,780291,7586267984,6.0,TOP_LANE,1512.0,6699.0,100.0,772815,INNER_TURRET,BUILDING_KILL
0.0,TOWER_BUILDING,960320,7586267984,6.0,BOT_LANE,10504.0,1029.0,100.0,912825,OUTER_TURRET,BUILDING_KILL
0.0,TOWER_BUILDING,1020349,7586267984,10.0,MID_LANE,5846.0,6396.0,100.0,972244,OUTER_TURRET,BUILDING_KILL
0.0,TOWER_BUILDING,1080353,7586267984,9.0,MID_LANE,5048.0,4812.0,100.0,1041409,INNER_TURRET,BUILDING_KILL
0.0,TOWER_BUILDING,1080353,7586267984,6.0,BOT_LANE,6919.0,1483.0,100.0,1057541,INNER_TURRET,BUILDING_KILL
0.0,TOWER_BUILDING,1200382,7586267984,7.0,BOT_LANE,4281.0,1253.0,100.0,1180128,BASE_TURRET,BUILDING_KILL
0.0,INHIBITOR_BUILDING,1234881,7586267984,9.0,BOT_LANE,3468.0,1230.0,100.0,1211826,,BUILDING_KILL
0.0,TOWER_BUILDING,1234881,7586267984,9.0,MID_LANE,2177.0,1807.0,100.0,1220377,NEXUS_TURRET,BUILDING_KILL
0.0,TOWER_BUILDING,1234881,7586267984,9.0,MID_LANE,1748.0,2270.0,100.0,1223750,NEXUS_TURRET,BUILDING_KILL
0.0,TOWER_BUILDING,780263,7587531107,1.0,TOP_LANE,4318.0,13875.0,200.0,720691,OUTER_TURRET,BUILDING_KILL
0.0,TOWER_BUILDING,900291,7587531107,1.0,BOT_LANE,13866.0,4505.0,200.0,859538,OUTER_TURRET,BUILDING_KILL
0.0,TOWER_BUILDING,960306,7587531107,3.0,MID_LANE,8955.0,8510.0,200.0,907638,OUTER_TURRET,BUILDING_KILL
0.0,TOWER_BUILDING,960306,7587531107,1.0,BOT_LANE,13327.0,8226.0,200.0,950336,INNER_TURRET,BUILDING_KILL
200.0,TOWER_BUILDING,1080357,7587531107,0.0,MID_LANE,5846.0,6396.0,100.0,1041568,OUTER_TURRET,BUILDING_KILL
0.0,TOWER_BUILDING,1140379,7587531107,5.0,MID_LANE,9767.0,10113.0,200.0,1094210,INNER_TURRET,BUILDING_KILL
0.0,TOWER_BUILDING,1380430,7587531107,1.0,BOT_LANE,13624.0,10572.0,200.0,1344835,BASE_TURRET,BUILDING_KILL
0.0,INHIBITOR_BUILDING,1380430,7587531107,1.0,BOT_LANE,13594.0,11319.0,200.0,1348227,,BUILDING_KILL
0.0,TOWER_BUILDING,1380430,7587531107,5.0,MID_LANE,13052.0,12612.0,200.0,1355338,NEXUS_TURRET,BUILDING_KILL
0.0,TOWER_BUILDING,1380430,7587531107,1.0,MID_LANE,12611.0,13084.0,200.0,1358945,NEXUS_TURRET,BUILDING_KILL
0.0,TOWER_BUILDING,900352,7586207642,4.0,MID_LANE,8955.0,8510.0,200.0,841785,OUTER_TURRET,BUILDING_KILL
0.0,TOWER_BUILDING,900352,7586207642,9.0,BOT_LANE,10504.0,1029.0,100.0,852607,OUTER_TURRET,BUILDING_KILL
0.0,TOWER_BUILDING,960359,7586207642,1.0,TOP_LANE,4318.0,13875.0,200.0,937221,OUTER_TURRET,BUILDING_KILL
0.0,TOWER_BUILDING,1200427,7586207642,2.0,BOT_LANE,13866.0,4505.0,200.0,1146847,OUTER_TURRET,BUILDING_KILL
0.0,TOWER_BUILDING,1200427,7586207642,6.0,TOP_LANE,981.0,10441.0,100.0,1165055,OUTER_TURRET,BUILDING_KILL
0.0,TOWER_BUILDING,1200427,7586207642,1.0,BOT_LANE,13327.0,8226.0,200.0,1183443,INNER_TURRET,BUILDING_KILL
0.0,TOWER_BUILDING,1200427,7586207642,2.0,MID_LANE,9767.0,10113.0,200.0,1193546,INNER_TURRET,BUILDING_KILL
0.0,TOWER_BUILDING,1380493,7586207642,2.0,MID_LANE,11134.0,11207.0,200.0,1375366,BASE_TURRET,BUILDING_KILL
0.0,INHIBITOR_BUILDING,1440507,7586207642,3.0,MID_LANE,11593.0,11669.0,200.0,1381962,,BUILDING_KILL
0.0,TOWER_BUILDING,1500511,7586207642,8.0,MID_LANE,5846.0,6396.0,100.0,1448140,OUTER_TURRET,BUILDING_KILL
0.0,TOWER_BUILDING,1500511,7586207642,8.0,MID_LANE,5048.0,4812.0,100.0,1462847,INNER_TURRET,BUILDING_KILL
0.0,TOWER_BUILDING,1620545,7586207642,8.0,TOP_LANE,1512.0,6699.0,100.0,1585410,INNER_TURRET,BUILDING_KILL
0.0,TOWER_BUILDING,1680565,7586207642,8.0,MID_LANE,3651.0,3696.0,100.0,1642099,BASE_TURRET,BUILDING_KILL
0.0,INHIBITOR_BUILDING,1680565,7586207642,9.0,MID_LANE,3210.0,3217.0,100.0,1651637,,BUILDING_KILL
0.0,TOWER_BUILDING,1860642,7586207642,9.0,BOT_LANE,6919.0,1483.0,100.0,1821865,INNER_TURRET,BUILDING_KILL
0.0,INHIBITOR_BUILDING,2100686,7586207642,8.0,MID_LANE,3210.0,3217.0,100.0,2048026,,BUILDING_KILL
0.0,TOWER_BUILDING,2100686,7586207642,7.0,MID_LANE,1748.0,2270.0,100.0,2063434,NEXUS_TURRET,BUILDING_KILL
0.0,TOWER_BUILDING,2100686,7586207642,8.0,MID_LANE,2177.0,1807.0,100.0,2065905,NEXUS_TURRET,BUILDING_KILL
0.0,TOWER_BUILDING,780301,7587503409,9.0,BOT_LANE,10504.0,1029.0,100.0,725535,OUTER_TURRET,BUILDING_KILL
0.0,TOWER_BUILDING,960348,7587503409,1.0,MID_LANE,8955.0,8510.0,200.0,938386,OUTER_TURRET,BUILDING_KILL
0.0,TOWER_BUILDING,960348,7587503409,6.0,TOP_LANE,981.0,10441.0,100.0,957810,OUTER_TURRET,BUILDING_KILL
0.0,TOWER_BUILDING,1020353,7587503409,3.0,BOT_LANE,13866.0,4505.0,200.0,1004136,OUTER_TURRET,BUILDING_KILL
0.0,TOWER_BUILDING,1080371,7587503409,9.0,MID_LANE,5846.0,6396.0,100.0,1054139,OUTER_TURRET,BUILDING_KILL
0.0,TOWER_BUILDING,1184853,7587503409,1.0,TOP_LANE,4318.0,13875.0,200.0,1154613,OUTER_TURRET,BUILDING_KILL
0.0,TOWER_BUILDING,1184853,7587503409,1.0,TOP_LANE,7943.0,13411.0,200.0,1175802,INNER_TURRET,BUILDING_KILL
0.0,TOWER_BUILDING,1020309,7587159491,4.0,MID_LANE,8955.0,8510.0,200.0,1006733,OUTER_TURRET,BUILDING_KILL
0.0,TOWER_BUILDING,1020309,7587159491,3.0,TOP_LANE,4318.0,13875.0,200.0,1012746,OUTER_TURRET,BUILDING_KILL
0.0,TOWER_BUILDING,1140342,7587159491,0.0,BOT_LANE,13866.0,4505.0,200.0,1108164,OUTER_TURRET,BUILDING_KILL
0.0,TOWER_BUILDING,1200359,7587159491,1.0,TOP_LANE,7943.0,13411.0,200.0,1155170,INNER_TURRET,BUILDING_KILL
0.0,TOWER_BUILDING,1260372,7587159491,7.0,TOP_LANE,981.0,10441.0,100.0,1216178,OUTER_TURRET,BUILDING_KILL
0.0,TOWER_BUILDING,1260372,7587159491,7.0,TOP_LANE,1512.0,6699.0,100.0,1243128,INNER_TURRET,BUILDING_KILL
0.0,TOWER_BUILDING,1260372,7587159491,7.0,TOP_LANE,1169.0,4287.0,100.0,1259263,BASE_TURRET,BUILDING_KILL
0.0,TOWER_BUILDING,1440413,7587159491,1.0,BOT_LANE,13327.0,8226.0,200.0,1383912,INNER_TURRET,BUILDING_KILL
0.0,TOWER_BUILDING,1440413,7587159491,8.0,BOT_LANE,10504.0,1029.0,100.0,1439445,OUTER_TURRET,BUILDING_KILL
0.0,TOWER_BUILDING,1500433,7587159491,5.0,MID_LANE,9767.0,10113.0,200.0,1447698,INNER_TURRET,BUILDING_KILL
0.0,TOWER_BUILDING,1500433,7587159491,4.0,MID_LANE,11134.0,11207.0,200.0,1456683,BASE_TURRET,BUILDING_KILL
0.0,TOWER_BUILDING,1560453,7587159491,8.0,BOT_LANE,6919.0,1483.0,100.0,1550311,INNER_TURRET,BUILDING_KILL
0.0,INHIBITOR_BUILDING,1560453,7587159491,1.0,MID_LANE,11593.0,11669.0,200.0,1552248,,BUILDING_KILL
0.0,TOWER_BUILDING,1791749,7587159491,1.0,MID_LANE,13052.0,12612.0,200.0,1775745,NEXUS_TURRET,BUILDING_KILL
0.0,TOWER_BUILDING,1791749,7587159491,4.0,MID_LANE,12611.0,13084.0,200.0,1779702,NEXUS_TURRET,BUILDING_KILL
0.0,TOWER_BUILDING,960375,7585947401,1.0,TOP_LANE,4318.0,13875.0,200.0,903180,OUTER_TURRET,BUILDING_KILL
0.0,TOWER_BUILDING,1080424,7585947401,1.0,BOT_LANE,13866.0,4505.0,200.0,1065859,OUTER_TURRET,BUILDING_KILL
0.0,TOWER_BUILDING,1260449,7585947401,1.0,MID_LANE,8955.0,8510.0,200.0,1216517,OUTER_TURRET,BUILDING_KILL
0.0,TOWER_BUILDING,1380481,7585947401,8.0,BOT_LANE,10504.0,1029.0,100.0,1364440,OUTER_TURRET,BUILDING_KILL
0.0,TOWER_BUILDING,1500539,7585947401,1.0,MID_LANE,9767.0,10113.0,200.0,1445480,INNER_TURRET,BUILDING_KILL
0.0,TOWER_BUILDING,1500539,7585947401,4.0,MID_LANE,11134.0,11207.0,200.0,1456693,BASE_TURRET,BUILDING_KILL
0.0,INHIBITOR_BUILDING,1500539,7585947401,1.0,MID_LANE,11593.0,11669.0,200.0,1462138,,BUILDING_KILL
0.0,TOWER_BUILDING,1500539,7585947401,8.0,BOT_LANE,6919.0,1483.0,100.0,1473183,INNER_TURRET,BUILDING_KILL
0.0,TOWER_BUILDING,1620561,7585947401,1.0,BOT_LANE,13327.0,8226.0,200.0,1599242,INNER_TURRET,BUILDING_KILL
0.0,TOWER_BUILDING,1800583,7585947401,0.0,TOP_LANE,7943.0,13411.0,200.0,1767478,INNER_TURRET,BUILDING_KILL
0.0,TOWER_BUILDING,1829230,7585947401,3.0,TOP_LANE,10481.0,13650.0,200.0,1802119,BASE_TURRET,BUILDING_KILL
0.0,INHIBITOR_BUILDING,1829230,7585947401,3.0,TOP_LANE,11275.0,13663.0,200.0,1805493,,BUILDING_KILL
0.0,TOWER_BUILDING,1829230,7585947401,2.0,MID_LANE,12611.0,13084.0,200.0,1812202,NEXUS_TURRET,BUILDING_KILL
0.0,TOWER_BUILDING,1829230,7585947401,1.0,MID_LANE,13052.0,12612.0,200.0,1815475,NEXUS_TURRET,BUILDING_KILL
0.0,TOWER_BUILDING,960329,7587567179,9.0,BOT_LANE,10504.0,1029.0,100.0,950747,OUTER_TURRET,BUILDING_KILL
0.0,TOWER_BUILDING,1080378,7587567179,7.0,TOP_LANE,981.0,10441.0,100.0,1049152,OUTER_TURRET,BUILDING_KILL
0.0,TOWER_BUILDING,1140392,7587567179,8.0,MID_LANE,5846.0,6396.0,100.0,1115108,OUTER_TURRET,BUILDING_KILL
0.0,TOWER_BUILDING,1380465,7587567179,4.0,MID_LANE,8955.0,8510.0,200.0,1356905,OUTER_TURRET,BUILDING_KILL
0.0,TOWER_BUILDING,1440495,7587567179,4.0,TOP_LANE,4318.0,13875.0,200.0,1403743,OUTER_TURRET,BUILDING_KILL
0.0,TOWER_BUILDING,1440495,7587567179,6.0,BOT_LANE,6919.0,1483.0,100.0,1404578,INNER_TURRET,BUILDING_KILL
0.0,TOWER_BUILDING,1440495,7587567179,4.0,TOP_LANE,7943.0,13411.0,200.0,1417912,INNER_TURRET,BUILDING_KILL
0.0,TOWER_BUILDING,1500502,7587567179,0.0,BOT_LANE,13866.0,4505.0,200.0,1468727,OUTER_TURRET,BUILDING_KILL
0.0,TOWER_BUILDING,1800585,7587567179,8.0,MID_LANE,5048.0,4812.0,100.0,1778678,INNER_TURRET,BUILDING_KILL
0.0,TOWER_BUILDING,1920617,7587567179,1.0,MID_LANE,9767.0,10113.0,200.0,1907866,INNER_TURRET,BUILDING_KILL
0.0,TOWER_BUILDING,1980630,7587567179,9.0,MID_LANE,3651.0,3696.0,100.0,1955427,BASE_TURRET,BUILDING_KILL
0.0,INHIBITOR_BUILDING,1980630,7587567179,9.0,MID_LANE,3210.0,3217.0,100.0,1959802,,BUILDING_KILL
0.0,TOWER_BUILDING,2154815,7587567179,4.0,MID_LANE,11134.0,11207.0,200.0,2123265,BASE_TURRET,BUILDING_KILL
0.0,INHIBITOR_BUILDING,2154815,7587567179,4.0,MID_LANE,11593.0,11669.0,200.0,2127173,,BUILDING_KILL
0.0,TOWER_BUILDING,2154815,7587567179,3.0,MID_LANE,13052.0,12612.0,200.0,2134788,NEXUS_TURRET,BUILDING_KILL
0.0,TOWER_BUILDING,2154815,7587567179,4.0,MID_LANE,12611.0,13084.0,200.0,2145764,NEXUS_TURRET,BUILDING_KILL
0.0,TOWER_BUILDING,780263,7586649309,9.0,BOT_LANE,10504.0,1029.0,100.0,759772,OUTER_TURRET,BUILDING_KILL
0.0,TOWER_BUILDING,960346,7586649309,9.0,MID_LANE,5846.0,6396.0,100.0,942050,OUTER_TURRET,BUILDING_KILL
0.0,TOWER_BUILDING,1080390,7586649309,1.0,BOT_LANE,13866.0,4505.0,200.0,1034671,OUTER_TURRET,BUILDING_KILL
0.0,TOWER_BUILDING,1140394,7586649309,6.0,BOT_LANE,6919.0,1483.0,100.0,1098497,INNER_TURRET,BUILDING_KILL
0.0,TOWER_BUILDING,1140394,7586649309,3.0,TOP_LANE,4318.0,13875.0,200.0,1118818,OUTER_TURRET,BUILDING_KILL
0.0,TOWER_BUILDING,1260414,7586649309,8.0,TOP_LANE,981.0,10441.0,100.0,1233328,OUTER_TURRET,BUILDING_KILL
0.0,TOWER_BUILDING,1320447,7586649309,5.0,MID_LANE,8955.0,8510.0,200.0,1310847,OUTER_TURRET,BUILDING_KILL
0.0,TOWER_BUILDING,1440471,7586649309,9.0,MID_LANE,5048.0,4812.0,100.0,1405922,INNER_TURRET,BUILDING_KILL
0.0,TOWER_BUILDING,1560510,7586649309,0.0,MID_LANE,9767.0,10113.0,200.0,1553393,INNER_TURRET,BUILDING_KILL
0.0,TOWER_BUILDING,1620541,7586649309,1.0,BOT_LANE,13327.0,8226.0,200.0,1616936,INNER_TURRET,BUILDING_KILL
0.0,TOWER_BUILDING,1920663,7586649309,5.0,MID_LANE,11134.0,11207.0,200.0,1918747,BASE_TURRET,BUILDING_KILL
0.0,INHIBITOR_BUILDING,1980695,7586649309,4.0,MID_LANE,11593.0,11669.0,200.0,1923004,,BUILDING_KILL
0.0,TOWER_BUILDING,2160729,7586649309,8.0,MID_LANE,3651.0,3696.0,100.0,2110453,BASE_TURRET,BUILDING_KILL
0.0,INHIBITOR_BUILDING,2160729,7586649309,8.0,MID_LANE,3210.0,3217.0,100.0,2114595,,BUILDING_KILL
0.0,TOWER_BUILDING,2220752,7586649309,1.0,TOP_LANE,7943.0,13411.0,200.0,2182544,INNER_TURRET,BUILDING_KILL
0.0,TOWER_BUILDING,2220752,7586649309,9.0,MID_LANE,1748.0,2270.0,100.0,2217622,NEXUS_TURRET,BUILDING_KILL
0.0,TOWER_BUILDING,2220752,7586649309,10.0,MID_LANE,2177.0,1807.0,100.0,2220718,NEXUS_TURRET,BUILDING_KILL
0.0,TOWER_BUILDING,900391,7586238751,6.0,TOP_LANE,981.0,10441.0,100.0,841145,OUTER_TURRET,BUILDING_KILL
0.0,TOWER_BUILDING,900391,7586238751,9.0,BOT_LANE,10504.0,1029.0,100.0,863004,OUTER_TURRET,BUILDING_KILL
0.0,TOWER_BUILDING,960425,7586238751,10.0,MID_LANE,5846.0,6396.0,100.0,915985,OUTER_TURRET,BUILDING_KILL
0.0,TOWER_BUILDING,1020430,7586238751,3.0,TOP_LANE,4318.0,13875.0,200.0,990209,OUTER_TURRET,BUILDING_KILL
0.0,TOWER_BUILDING,1020354,7587333883,3.0,MID_LANE,8955.0,8510.0,200.0,1008427,OUTER_TURRET,BUILDING_KILL
0.0,TOWER_BUILDING,1080359,7587333883,1.0,TOP_LANE,4318.0,13875.0,200.0,1060641,OUTER_TURRET,BUILDING_KILL
0.0,TOWER_BUILDING,1140378,7587333883,8.0,BOT_LANE,10504.0,1029.0,100.0,1080893,OUTER_TURRET,BUILDING_KILL
0.0,TOWER_BUILDING,1140378,7587333883,6.0,TOP_LANE,981.0,10441.0,100.0,1101810,OUTER_TURRET,BUILDING_KILL
0.0,TOWER_BUILDING,1320435,7587333883,2.0,BOT_LANE,13866.0,4505.0,200.0,1310498,OUTER_TURRET,BUILDING_KILL
0.0,TOWER_BUILDING,1380436,7587333883,8.0,MID_LANE,5846.0,6396.0,100.0,1328287,OUTER_TURRET,BUILDING_KILL
0.0,TOWER_BUILDING,1620499,7587333883,6.0,BOT_LANE,6919.0,1483.0,100.0,1568120,INNER_TURRET,BUILDING_KILL
0.0,TOWER_BUILDING,1620499,7587333883,6.0,BOT_LANE,4281.0,1253.0,100.0,1591665,BASE_TURRET,BUILDING_KILL
0.0,INHIBITOR_BUILDING,1620499,7587333883,6.0,BOT_LANE,3468.0,1230.0,100.0,1601651,,BUILDING_KILL
0.0,TOWER_BUILDING,1740535,7587333883,7.0,MID_LANE,5048.0,4812.0,100.0,1716958,INNER_TURRET,BUILDING_KILL
0.0,TOWER_BUILDING,1740535,7587333883,6.0,TOP_LANE,1512.0,6699.0,100.0,1719969,INNER_TURRET,BUILDING_KILL
0.0,TOWER_BUILDING,1740535,7587333883,8.0,MID_LANE,3651.0,3696.0,100.0,1729442,BASE_TURRET,BUILDING_KILL
0.0,INHIBITOR_BUILDING,1740535,7587333883,10.0,MID_LANE,3210.0,3217.0,100.0,1734118,,BUILDING_KILL
0.0,TOWER_BUILDING,1740535,7587333883,6.0,TOP_LANE,1169.0,4287.0,100.0,1739852,BASE_TURRET,BUILDING_KILL
0.0,INHIBITOR_BUILDING,1785193,7587333883,6.0,TOP_LANE,1172.0,3583.0,100.0,1751077,,BUILDING_KILL
0.0,TOWER_BUILDING,1785193,7587333883,9.0,MID_LANE,1748.0,2270.0,100.0,1761780,NEXUS_TURRET,BUILDING_KILL
0.0,TOWER_BUILDING,1785193,7587333883,9.0,MID_LANE,2177.0,1807.0,100.0,1764309,NEXUS_TURRET,BUILDING_KILL
0.0,TOWER_BUILDING,780301,7587473323,1.0,TOP_LANE,4318.0,13875.0,200.0,754520,OUTER_TURRET,BUILDING_KILL
0.0,TOWER_BUILDING,960328,7587473323,4.0,BOT_LANE,13866.0,4505.0,200.0,902727,OUTER_TURRET,BUILDING_KILL
0.0,TOWER_BUILDING,960328,7587473323,9.0,MID_LANE,5846.0,6396.0,100.0,919063,OUTER_TURRET,BUILDING_KILL
0.0,TOWER_BUILDING,1080346,7587473323,2.0,MID_LANE,8955.0,8510.0,200.0,1034416,OUTER_TURRET,BUILDING_KILL
0.0,TOWER_BUILDING,1200383,7587473323,1.0,BOT_LANE,13327.0,8226.0,200.0,1180767,INNER_TURRET,BUILDING_KILL
0.0,TOWER_BUILDING,1260413,7587473323,1.0,BOT_LANE,13624.0,10572.0,200.0,1205526,BASE_TURRET,BUILDING_KILL
0.0,TOWER_BUILDING,1320429,7587473323,2.0,MID_LANE,9767.0,10113.0,200.0,1297887,INNER_TURRET,BUILDING_KILL
0.0,TOWER_BUILDING,1380458,7587473323,1.0,TOP_LANE,7943.0,13411.0,200.0,1341057,INNER_TURRET,BUILDING_KILL
200.0,TOWER_BUILDING,1440472,7587473323,7.0,TOP_LANE,981.0,10441.0,100.0,1398436,OUTER_TURRET,BUILDING_KILL
0.0,INHIBITOR_BUILDING,1440472,7587473323,2.0,BOT_LANE,13594.0,11319.0,200.0,1422915,,BUILDING_KILL
0.0,TOWER_BUILDING,1440472,7587473323,5.0,MID_LANE,11134.0,11207.0,200.0,1427624,BASE_TURRET,BUILDING_KILL
0.0,INHIBITOR_BUILDING,1440472,7587473323,4.0,MID_LANE,11593.0,11669.0,200.0,1432056,,BUILDING_KILL
0.0,TOWER_BUILDING,1471683,7587473323,2.0,MID_LANE,13052.0,12612.0,200.0,1443278,NEXUS_TURRET,BUILDING_KILL
0.0,TOWER_BUILDING,1471683,7587473323,3.0,MID_LANE,12611.0,13084.0,200.0,1465371,NEXUS_TURRET,BUILDING_KILL
0.0,TOWER_BUILDING,720248,7586803122,2.0,TOP_LANE,4318.0,13875.0,200.0,713990,OUTER_TURRET,BUILDING_KILL
0.0,TOWER_BUILDING,780268,7586803122,2.0,TOP_LANE,7943.0,13411.0,200.0,767671,INNER_TURRET,BUILDING_KILL
0.0,TOWER_BUILDING,900320,7586803122,4.0,BOT_LANE,13866.0,4505.0,200.0,840656,OUTER_TURRET,BUILDING_KILL
0.0,TOWER_BUILDING,900320,7586803122,2.0,MID_LANE,8955.0,8510.0,200.0,852933,OUTER_TURRET,BUILDING_KILL
0.0,TOWER_BUILDING,900348,7585855206,9.0,BOT_LANE,10504.0,1029.0,100.0,844932,OUTER_TURRET,BUILDING_KILL
0.0,TOWER_BUILDING,1020382,7585855206,6.0,TOP_LANE,981.0,10441.0,100.0,1006935,OUTER_TURRET,BUILDING_KILL
0.0,TOWER_BUILDING,1020382,7585855206,1.0,BOT_LANE,13866.0,4505.0,200.0,1011687,OUTER_TURRET,BUILDING_KILL
0.0,TOWER_BUILDING,1020382,7585855206,7.0,MID_LANE,5846.0,6396.0,100.0,1019218,OUTER_TURRET,BUILDING_KILL
0.0,TOWER_BUILDING,1620504,7585855206,3.0,TOP_LANE,4318.0,13875.0,200.0,1614634,OUTER_TURRET,BUILDING_KILL
0.0,TOWER_BUILDING,1728356,7585855206,7.0,MID_LANE,5048.0,4812.0,100.0,1706462,INNER_TURRET,BUILDING_KILL
0.0,TOWER_BUILDING,1728356,7585855206,6.0,MID_LANE,3651.0,3696.0,100.0,1713004,BASE_TURRET,BUILDING_KILL
0.0,INHIBITOR_BUILDING,1728356,7585855206,7.0,MID_LANE,3210.0,3217.0,100.0,1716344,,BUILDING_KILL
0.0,TOWER_BUILDING,960319,7585940927,8.0,BOT_LANE,10504.0,1029.0,100.0,918652,OUTER_TURRET,BUILDING_KILL
0.0,TOWER_BUILDING,960319,7585940927,9.0,MID_LANE,5846.0,6396.0,100.0,927055,OUTER_TURRET,BUILDING_KILL
0.0,TOWER_BUILDING,960319,7585940927,6.0,TOP_LANE,981.0,10441.0,100.0,941857,OUTER_TURRET,BUILDING_KILL
0.0,TOWER_BUILDING,1020341,7585940927,4.0,BOT_LANE,13866.0,4505.0,200.0,996037,OUTER_TURRET,BUILDING_KILL
0.0,TOWER_BUILDING,1020341,7585940927,9.0,MID_LANE,5048.0,4812.0,100.0,1002650,INNER_TURRET,BUILDING_KILL
0.0,TOWER_BUILDING,1020341,7585940927,8.0,TOP_LANE,1512.0,6699.0,100.0,1015824,INNER_TURRET,BUILDING_KILL
250.0,TOWER_BUILDING,1140353,7585940927,4.0,TOP_LANE,4318.0,13875.0,200.0,1113289,OUTER_TURRET,BUILDING_KILL
0.0,TOWER_BUILDING,900390,7587535851,1.0,TOP_LANE,4318.0,13875.0,200.0,842957,OUTER_TURRET,BUILDING_KILL
0.0,TOWER_BUILDING,900390,7587535851,3.0,BOT_LANE,13866.0,4505.0,200.0,884139,OUTER_TURRET,BUILDING_KILL
0.0,TOWER_BUILDING,900390,7587535851,4.0,MID_LANE,8955.0,8510.0,200.0,894808,OUTER_TURRET,BUILDING_KILL
0.0,TOWER_BUILDING,1020420,7587535851,8.0,BOT_LANE,10504.0,1029.0,100.0,981799,OUTER_TURRET,BUILDING_KILL
0.0,TOWER_BUILDING,1140455,7587535851,3.0,MID_LANE,9767.0,10113.0,200.0,1137420,INNER_TURRET,BUILDING_KILL
0.0,TOWER_BUILDING,1140455,7587535851,2.0,BOT_LANE,13327.0,8226.0,200.0,1139724,INNER_TURRET,BUILDING_KILL
0.0,TOWER_BUILDING,1200472,7587535851,8.0,TOP_LANE,981.0,10441.0,100.0,1157948,OUTER_TURRET,BUILDING_KILL
0.0,TOWER_BUILDING,1380514,7587535851,3.0,TOP_LANE,7943.0,13411.0,200.0,1328779,INNER_TURRET,BUILDING_KILL
0.0,TOWER_BUILDING,1500559,7587535851,3.0,TOP_LANE,10481.0,13650.0,200.0,1443198,BASE_TURRET,BUILDING_KILL
0.0,TOWER_BUILDING,1500559,7587535851,2.0,BOT_LANE,13624.0,10572.0,200.0,1454176,BASE_TURRET,BUILDING_KILL
0.0,TOWER_BUILDING,1500559,7587535851,4.0,MID_LANE,11134.0,11207.0,200.0,1463950,BASE_TURRET,BUILDING_KILL
0.0,INHIBITOR_BUILDING,1500559,7587535851,2.0,BOT_LANE,13594.0,11319.0,200.0,1467490,,BUILDING_KILL
0.0,INHIBITOR_BUILDING,1500559,7587535851,4.0,MID_LANE,11593.0,11669.0,200.0,1476223,,BUILDING_KILL
0.0,TOWER_BUILDING,1588450,7587535851,3.0,MID_LANE,13052.0,12612.0,200.0,1566156,NEXUS_TURRET,BUILDING_KILL
0.0,TOWER_BUILDING,1588450,7587535851,2.0,MID_LANE,12611.0,13084.0,200.0,1571201,NEXUS_TURRET,BUILDING_KILL
0.0,TOWER_BUILDING,900333,7587168629,6.0,TOP_LANE,981.0,10441.0,100.0,856173,OUTER_TURRET,BUILDING_KILL
0.0,TOWER_BUILDING,960337,7587168629,4.0,BOT_LANE,13866.0,4505.0,200.0,906579,OUTER_TURRET,BUILDING_KILL
0.0,TOWER_BUILDING,960337,7587168629,8.0,MID_LANE,5846.0,6396.0,100.0,927694,OUTER_TURRET,BUILDING_KILL
0.0,TOWER_BUILDING,1080370,7587168629,9.0,BOT_LANE,10504.0,1029.0,100.0,1036337,OUTER_TURRET,BUILDING_KILL
0.0,TOWER_BUILDING,1200386,7587168629,9.0,TOP_LANE,1512.0,6699.0,100.0,1177001,INNER_TURRET,BUILDING_KILL
0.0,TOWER_BUILDING,1200386,7587168629,4.0,MID_LANE,8955.0,8510.0,200.0,1180608,OUTER_TURRET,BUILDING_KILL
0.0,TOWER_BUILDING,1380425,7587168629,4.0,MID_LANE,9767.0,10113.0,200.0,1336179,INNER_TURRET,BUILDING_KILL
0.0,TOWER_BUILDING,1380425,7587168629,1.0,TOP_LANE,4318.0,13875.0,200.0,1344936,OUTER_TURRET,BUILDING_KILL
0.0,TOWER_BUILDING,1800563,7587168629,9.0,MID_LANE,5048.0,4812.0,100.0,1750787,INNER_TURRET,BUILDING_KILL
0.0,TOWER_BUILDING,1980612,7587168629,2.0,MID_LANE,11134.0,11207.0,200.0,1961671,BASE_TURRET,BUILDING_KILL
0.0,INHIBITOR_BUILDING,1980612,7587168629,4.0,MID_LANE,11593.0,11669.0,200.0,1968283,,BUILDING_KILL
0.0,TOWER_BUILDING,1980612,7587168629,1.0,TOP_LANE,7943.0,13411.0,200.0,1972787,INNER_TURRET,BUILDING_KILL
0.0,TOWER_BUILDING,2040623,7587168629,0.0,TOP_LANE,10481.0,13650.0,200.0,2007527,BASE_TURRET,BUILDING_KILL
0.0,TOWER_BUILDING,2154340,7587168629,3.0,BOT_LANE,13327.0,8226.0,200.0,2112083,INNER_TURRET,BUILDING_KILL
0.0,TOWER_BUILDING,2154340,7587168629,1.0,MID_LANE,13052.0,12612.0,200.0,2126176,NEXUS_TURRET,BUILDING_KILL
0.0,TOWER_BUILDING,2154340,7587168629,3.0,BOT_LANE,13624.0,10572.0,200.0,2132689,BASE_TURRET,BUILDING_KILL
0.0,INHIBITOR_BUILDING,2154340,7587168629,3.0,BOT_LANE,13594.0,11319.0,200.0,2135296,,BUILDING_KILL
0.0,TOWER_BUILDING,2154340,7587168629,2.0,MID_LANE,12611.0,13084.0,200.0,2146975,NEXUS_TURRET,BUILDING_KILL
0.0,TOWER_BUILDING,780323,7585745287,1.0,TOP_LANE,4318.0,13875.0,200.0,750656,OUTER_TURRET,BUILDING_KILL
0.0,TOWER_BUILDING,960378,7585745287,1.0,TOP_LANE,7943.0,13411.0,200.0,939318,INNER_TURRET,BUILDING_KILL
0.0,TOWER_BUILDING,1020406,7585745287,8.0,BOT_LANE,10504.0,1029.0,100.0,1011368,OUTER_TURRET,BUILDING_KILL
0.0,TOWER_BUILDING,1140408,7585745287,8.0,MID_LANE,5846.0,6396.0,100.0,1092503,OUTER_TURRET,BUILDING_KILL
0.0,TOWER_BUILDING,1140408,7585745287,9.0,TOP_LANE,981.0,10441.0,100.0,1113760,OUTER_TURRET,BUILDING_KILL
0.0,TOWER_BUILDING,1168029,7585745287,9.0,TOP_LANE,1512.0,6699.0,100.0,1148774,INNER_TURRET,BUILDING_KILL
0.0,TOWER_BUILDING,840384,7586704931,8.0,BOT_LANE,10504.0,1029.0,100.0,811530,OUTER_TURRET,BUILDING_KILL
0.0,TOWER_BUILDING,900402,7586704931,6.0,TOP_LANE,981.0,10441.0,100.0,892259,OUTER_TURRET,BUILDING_KILL
0.0,TOWER_BUILDING,1080446,7586704931,5.0,MID_LANE,8955.0,8510.0,200.0,1036218,OUTER_TURRET,BUILDING_KILL
0.0,TOWER_BUILDING,1200476,7586704931,6.0,MID_LANE,5846.0,6396.0,100.0,1151624,OUTER_TURRET,BUILDING_KILL
0.0,TOWER_BUILDING,1200476,7586704931,2.0,BOT_LANE,13866.0,4505.0,200.0,1195433,OUTER_TURRET,BUILDING_KILL
0.0,TOWER_BUILDING,1320479,7586704931,6.0,BOT_LANE,6919.0,1483.0,100.0,1263318,INNER_TURRET,BUILDING_KILL
0.0,TOWER_BUILDING,1440505,7586704931,9.0,MID_LANE,5048.0,4812.0,100.0,1389568,INNER_TURRET,BUILDING_KILL
0.0,TOWER_BUILDING,1500522,7586704931,2.0,TOP_LANE,4318.0,13875.0,200.0,1458657,OUTER_TURRET,BUILDING_KILL
0.0,TOWER_BUILDING,1500522,7586704931,6.0,BOT_LANE,4281.0,1253.0,100.0,1482087,BASE_TURRET,BUILDING_KILL
0.0,INHIBITOR_BUILDING,1500522,7586704931,6.0,BOT_LANE,3468.0,1230.0,100.0,1496133,,BUILDING_KILL
0.0,TOWER_BUILDING,2018660,7586704931,2.0,MID_LANE,9767.0,10113.0,200.0,1986363,INNER_TURRET,BUILDING_KILL
0.0,TOWER_BUILDING,2018660,7586704931,2.0,MID_LANE,11134.0,11207.0,200.0,1994420,BASE_TURRET,BUILDING_KILL
0.0,INHIBITOR_BUILDING,2018660,7586704931,3.0,MID_LANE,11593.0,11669.0,200.0,1998695,,BUILDING_KILL
0.0,TOWER_BUILDING,2018660,7586704931,1.0,MID_LANE,13052.0,12612.0,200.0,2006143,NEXUS_TURRET,BUILDING_KILL
0.0,TOWER_BUILDING,2018660,7586704931,1.0,MID_LANE,12611.0,13084.0,200.0,2009241,NEXUS_TURRET,BUILDING_KILL
0.0,TOWER_BUILDING,900311,7585685910,1.0,TOP_LANE,4318.0,13875.0,200.0,841264,OUTER_TURRET,BUILDING_KILL
0.0,TOWER_BUILDING,900311,7585685910,2.0,BOT_LANE,13866.0,4505.0,200.0,873273,OUTER_TURRET,BUILDING_KILL
0.0,TOWER_BUILDING,1020315,7585685910,2.0,MID_LANE,8955.0,8510.0,200.0,1010937,OUTER_TURRET,BUILDING_KILL
0.0,TOWER_BUILDING,1080332,7585685910,5.0,MID_LANE,9767.0,10113.0,200.0,1034651,INNER_TURRET,BUILDING_KILL
0.0,TOWER_BUILDING,1140334,7585685910,4.0,TOP_LANE,7943.0,13411.0,200.0,1133183,INNER_TURRET,BUILDING_KILL
0.0,TOWER_BUILDING,1260371,7585685910,1.0,BOT_LANE,13327.0,8226.0,200.0,1250172,INNER_TURRET,BUILDING_KILL
0.0,TOWER_BUILDING,1320381,7585685910,3.0,TOP_LANE,10481.0,13650.0,200.0,1264013,BASE_TURRET,BUILDING_KILL
0.0,TOWER_BUILDING,1320381,7585685910,1.0,BOT_LANE,13624.0,10572.0,200.0,1264348,BASE_TURRET,BUILDING_KILL
0.0,INHIBITOR_BUILDING,1320381,7585685910,4.0,BOT_LANE,13594.0,11319.0,200.0,1270460,,BUILDING_KILL
0.0,TOWER_BUILDING,1440429,7585685910,2.0,MID_LANE,11134.0,11207.0,200.0,1393375,BASE_TURRET,BUILDING_KILL
0.0,INHIBITOR_BUILDING,1440429,7585685910,4.0,MID_LANE,11593.0,11669.0,200.0,1404832,,BUILDING_KILL
0.0,INHIBITOR_BUILDING,1440429,7585685910,5.0,TOP_LANE,11275.0,13663.0,200.0,1411053,,BUILDING_KILL
0.0,TOWER_BUILDING,1440429,7585685910,5.0,MID_LANE,13052.0,12612.0,200.0,1417131,NEXUS_TURRET,BUILDING_KILL
0.0,TOWER_BUILDING,1440429,7585685910,3.0,MID_LANE,12611.0,13084.0,200.0,1422946,NEXUS_TURRET,BUILDING_KILL
0.0,TOWER_BUILDING,900354,7586053965,6.0,TOP_LANE,981.0,10441.0,100.0,844842,OUTER_TURRET,BUILDING_KILL
0.0,TOWER_BUILDING,1080419,7586053965,7.0,MID_LANE,5846.0,6396.0,100.0,1058493,OUTER_TURRET,BUILDING_KILL
0.0,TOWER_BUILDING,1260464,7586053965,6.0,BOT_LANE,10504.0,1029.0,100.0,1216340,OUTER_TURRET,BUILDING_KILL
0.0,TOWER_BUILDING,1320493,7586053965,8.0,MID_LANE,5048.0,4812.0,100.0,1298535,INNER_TURRET,BUILDING_KILL
200.0,TOWER_BUILDING,1500524,7586053965,1.0,BOT_LANE,13866.0,4505.0,200.0,1454707,OUTER_TURRET,BUILDING_KILL
250.0,TOWER_BUILDING,1740587,7586053965,1.0,TOP_LANE,4318.0,13875.0,200.0,1713967,OUTER_TURRET,BUILDING_KILL
0.0,TOWER_BUILDING,1740587,7586053965,8.0,BOT_LANE,6919.0,1483.0,100.0,1729178,INNER_TURRET,BUILDING_KILL
0.0,TOWER_BUILDING,1800613,7586053965,9.0,TOP_LANE,1512.0,6699.0,100.0,1784167,INNER_TURRET,BUILDING_KILL
0.0,TOWER_BUILDING,1860614,7586053965,0.0,MID_LANE,3651.0,3696.0,100.0,1820196,BASE_TURRET,BUILDING_KILL
0.0,TOWER_BUILDING,1860614,7586053965,7.0,BOT_LANE,4281.0,1253.0,100.0,1841382,BASE_TURRET,BUILDING_KILL
0.0,INHIBITOR_BUILDING,1860614,7586053965,9.0,BOT_LANE,3468.0,1230.0,100.0,1849723,,BUILDING_KILL
0.0,TOWER_BUILDING,1860614,7586053965,9.0,MID_LANE,2177.0,1807.0,100.0,1858668,NEXUS_TURRET,BUILDING_KILL
0.0,TOWER_BUILDING,1869742,7586053965,9.0,MID_LANE,1748.0,2270.0,100.0,1862361,NEXUS_TURRET,BUILDING_KILL
0.0,TOWER_BUILDING,900342,7587301196,2.0,TOP_LANE,4318.0,13875.0,200.0,842422,OUTER_TURRET,BUILDING_KILL
0.0,TOWER_BUILDING,900342,7587301196,4.0,BOT_LANE,13866.0,4505.0,200.0,860292,OUTER_TURRET,BUILDING_KILL
0.0,TOWER_BUILDING,900342,7587301196,1.0,MID_LANE,8955.0,8510.0,200.0,884786,OUTER_TURRET,BUILDING_KILL
0.0,TOWER_BUILDING,900333,7586797315,8.0,BOT_LANE,10504.0,1029.0,100.0,863035,OUTER_TURRET,BUILDING_KILL
0.0,TOWER_BUILDING,1020360,7586797315,2.0,TOP_LANE,4318.0,13875.0,200.0,985372,OUTER_TURRET,BUILDING_KILL
0.0,TOWER_BUILDING,1020360,7586797315,8.0,MID_LANE,5846.0,6396.0,100.0,995895,OUTER_TURRET,BUILDING_KILL
0.0,TOWER_BUILDING,1080373,7586797315,2.0,TOP_LANE,7943.0,13411.0,200.0,1022831,INNER_TURRET,BUILDING_KILL
0.0,TOWER_BUILDING,1080373,7586797315,3.0,MID_LANE,8955.0,8510.0,200.0,1028676,OUTER_TURRET,BUILDING_KILL
0.0,TOWER_BUILDING,1140390,7586797315,1.0,MID_LANE,9767.0,10113.0,200.0,1118071,INNER_TURRET,BUILDING_KILL
0.0,TOWER_BUILDING,840346,7586360253,4.0,BOT_LANE,13866.0,4505.0,200.0,801688,OUTER_TURRET,BUILDING_KILL
0.0,TOWER_BUILDING,960400,7586360253,5.0,TOP_LANE,4318.0,13875.0,200.0,957407,OUTER_TURRET,BUILDING_KILL
0.0,TOWER_BUILDING,1020423,7586360253,1.0,MID_LANE,8955.0,8510.0,200.0,998285,OUTER_TURRET,BUILDING_KILL
0.0,TOWER_BUILDING,1191789,7586360253,1.0,MID_LANE,9767.0,10113.0,200.0,1144640,INNER_TURRET,BUILDING_KILL
0.0,TOWER_BUILDING,1191789,7586360253,2.0,MID_LANE,11134.0,11207.0,200.0,1151020,BASE_TURRET,BUILDING_KILL
0.0,INHIBITOR_BUILDING,1191789,7586360253,5.0,MID_LANE,11593.0,11669.0,200.0,1157026,,BUILDING_KILL
0.0,TOWER_BUILDING,1191789,7586360253,4.0,BOT_LANE,13327.0,8226.0,200.0,1171856,INNER_TURRET,BUILDING_KILL
0.0,TOWER_BUILDING,840281,7587327816,2.0,TOP_LANE,4318.0,13875.0,200.0,785287,OUTER_TURRET,BUILDING_KILL
0.0,TOWER_BUILDING,960310,7587327816,3.0,BOT_LANE,13866.0,4505.0,200.0,929733,OUTER_TURRET,BUILDING_KILL
0.0,TOWER_BUILDING,1080352,7587327816,7.0,MID_LANE,5846.0,6396.0,100.0,1080252,OUTER_TURRET,BUILDING_KILL
0.0,TOWER_BUILDING,1140358,7587327816,7.0,MID_LANE,5048.0,4812.0,100.0,1099709,INNER_TURRET,BUILDING_KILL
0.0,TOWER_BUILDING,1260403,7587327816,7.0,TOP_LANE,981.0,10441.0,100.0,1218402,OUTER_TURRET,BUILDING_KILL
0.0,TOWER_BUILDING,1260403,7587327816,8.0,TOP_LANE,1512.0,6699.0,100.0,1234695,INNER_TURRET,BUILDING_KILL
0.0,TOWER_BUILDING,1380439,7587327816,8.0,BOT_LANE,10504.0,1029.0,100.0,1348726,OUTER_TURRET,BUILDING_KILL
0.0,TOWER_BUILDING,1440455,7587327816,1.0,MID_LANE,8955.0,8510.0,200.0,1396419,OUTER_TURRET,BUILDING_KILL
0.0,TOWER_BUILDING,1620527,7587327816,7.0,BOT_LANE,6919.0,1483.0,100.0,1565547,INNER_TURRET,BUILDING_KILL
0.0,TOWER_BUILDING,1680543,7587327816,8.0,MID_LANE,3651.0,3696.0,100.0,1668175,BASE_TURRET,BUILDING_KILL
0.0,INHIBITOR_BUILDING,1680543,7587327816,9.0,MID_LANE,3210.0,3217.0,100.0,1671575,,BUILDING_KILL
0.0,TOWER_BUILDING,1716571,7587327816,9.0,MID_LANE,1748.0,2270.0,100.0,1699730,NEXUS_TURRET,BUILDING_KILL
0.0,TOWER_BUILDING,1716571,7587327816,6.0,MID_LANE,2177.0,1807.0,100.0,1702788,NEXUS_TURRET,BUILDING_KILL
0.0,TOWER_BUILDING,780271,7587333965,5.0,BOT_LANE,13866.0,4505.0,200.0,744274,OUTER_TURRET,BUILDING_KILL
0.0,TOWER_BUILDING,900311,7587333965,3.0,MID_LANE,8955.0,8510.0,200.0,843258,OUTER_TURRET,BUILDING_KILL
0.0,TOWER_BUILDING,900311,7587333965,9.0,BOT_LANE,10504.0,1029.0,100.0,848908,OUTER_TURRET,BUILDING_KILL
0.0,TOWER_BUILDING,900311,7587333965,1.0,TOP_LANE,4318.0,13875.0,200.0,850277,OUTER_TURRET,BUILDING_KILL
0.0,TOWER_BUILDING,960336,7587333965,6.0,TOP_LANE,981.0,10441.0,100.0,957898,OUTER_TURRET,BUILDING_KILL
0.0,TOWER_BUILDING,960336,7587333965,4.0,BOT_LANE,13327.0,8226.0,200.0,960303,INNER_TURRET,BUILDING_KILL
0.0,TOWER_BUILDING,1200410,7587333965,0.0,MID_LANE,9767.0,10113.0,200.0,1155746,INNER_TURRET,BUILDING_KILL
0.0,TOWER_BUILDING,1200410,7587333965,1.0,TOP_LANE,7943.0,13411.0,200.0,1178010,INNER_TURRET,BUILDING_KILL
250.0,TOWER_BUILDING,1500486,7587333965,7.0,MID_LANE,5846.0,6396.0,100.0,1444213,OUTER_TURRET,BUILDING_KILL
0.0,TOWER_BUILDING,1560501,7587333965,3.0,BOT_LANE,13624.0,10572.0,200.0,1543224,BASE_TURRET,BUILDING_KILL
0.0,TOWER_BUILDING,1560501,7587333965,2.0,TOP_LANE,10481.0,13650.0,200.0,1545929,BASE_TURRET,BUILDING_KILL
0.0,INHIBITOR_BUILDING,1560501,7587333965,3.0,BOT_LANE,13594.0,11319.0,200.0,1560334,,BUILDING_KILL
0.0,TOWER_BUILDING,1680526,7587333965,6.0,BOT_LANE,6919.0,1483.0,100.0,1670908,INNER_TURRET,BUILDING_KILL
0.0,TOWER_BUILDING,1912740,7587333965,4.0,MID_LANE,11134.0,11207.0,200.0,1885407,BASE_TURRET,BUILDING_KILL
0.0,INHIBITOR_BUILDING,1912740,7587333965,2.0,MID_LANE,11593.0,11669.0,200.0,1887690,,BUILDING_KILL
0.0,TOWER_BUILDING,1912740,7587333965,4.0,MID_LANE,13052.0,12612.0,200.0,1897009,NEXUS_TURRET,BUILDING_KILL
0.0,TOWER_BUILDING,1912740,7587333965,1.0,MID_LANE,12611.0,13084.0,200.0,1905525,NEXUS_TURRET,BUILDING_KILL
0.0,TOWER_BUILDING,720314,7587028603,1.0,TOP_LANE,4318.0,13875.0,200.0,711741,OUTER_TURRET,BUILDING_KILL
0.0,TOWER_BUILDING,900375,7587028603,9.0,BOT_LANE,10504.0,1029.0,100.0,843322,OUTER_TURRET,BUILDING_KILL
0.0,TOWER_BUILDING,900375,7587028603,4.0,BOT_LANE,13866.0,4505.0,200.0,886193,OUTER_TURRET,BUILDING_KILL
0.0,TOWER_BUILDING,1062664,7587028603,2.0,MID_LANE,8955.0,8510.0,200.0,1028721,OUTER_TURRET,BUILDING_KILL
0.0,TOWER_BUILDING,1062664,7587028603,3.0,MID_LANE,9767.0,10113.0,200.0,1046726,INNER_TURRET,BUILDING_KILL
0.0,TOWER_BUILDING,720265,7586269878,2.0,TOP_LANE,4318.0,13875.0,200.0,711003,OUTER_TURRET,BUILDING_KILL
0.0,TOWER_BUILDING,840285,7586269878,7.0,BOT_LANE,10504.0,1029.0,100.0,804263,OUTER_TURRET,BUILDING_KILL
0.0,TOWER_BUILDING,1080362,7586269878,3.0,BOT_LANE,13866.0,4505.0,200.0,1049051,OUTER_TURRET,BUILDING_KILL
0.0,TOWER_BUILDING,1200379,7586269878,5.0,MID_LANE,8955.0,8510.0,200.0,1146449,OUTER_TURRET,BUILDING_KILL
0.0,TOWER_BUILDING,1200379,7586269878,5.0,MID_LANE,9767.0,10113.0,200.0,1156347,INNER_TURRET,BUILDING_KILL
0.0,TOWER_BUILDING,1200379,7586269878,4.0,MID_LANE,11134.0,11207.0,200.0,1167029,BASE_TURRET,BUILDING_KILL
0.0,TOWER_BUILDING,1260412,7586269878,9.0,MID_LANE,5846.0,6396.0,100.0,1211529,OUTER_TURRET,BUILDING_KILL
0.0,INHIBITOR_BUILDING,1260412,7586269878,4.0,MID_LANE,11593.0,11669.0,200.0,1256095,,BUILDING_KILL
0.0,TOWER_BUILDING,1284110,7586269878,4.0,MID_LANE,13052.0,12612.0,200.0,1266358,NEXUS_TURRET,BUILDING_KILL
0.0,TOWER_BUILDING,1284110,7586269878,4.0,MID_LANE,12611.0,13084.0,200.0,1271299,NEXUS_TURRET,BUILDING_KILL
0.0,TOWER_BUILDING,720271,7587520767,1.0,TOP_LANE,4318.0,13875.0,200.0,699222,OUTER_TURRET,BUILDING_KILL
0.0,TOWER_BUILDING,840316,7587520767,9.0,BOT_LANE,10504.0,1029.0,100.0,815067,OUTER_TURRET,BUILDING_KILL
0.0,TOWER_BUILDING,900332,7587520767,6.0,MID_LANE,5846.0,6396.0,100.0,886659,OUTER_TURRET,BUILDING_KILL
0.0,TOWER_BUILDING,1200412,7587520767,7.0,TOP_LANE,981.0,10441.0,100.0,1148041,OUTER_TURRET,BUILDING_KILL
0.0,TOWER_BUILDING,1500512,7587520767,1.0,MID_LANE,8955.0,8510.0,200.0,1459466,OUTER_TURRET,BUILDING_KILL
0.0,TOWER_BUILDING,1740602,7587520767,8.0,MID_LANE,5048.0,4812.0,100.0,1703065,INNER_TURRET,BUILDING_KILL
0.0,TOWER_BUILDING,1740602,7587520767,8.0,BOT_LANE,6919.0,1483.0,100.0,1729712,INNER_TURRET,BUILDING_KILL
0.0,TOWER_BUILDING,1842659,7587520767,6.0,MID_LANE,3651.0,3696.0,100.0,1822876,BASE_TURRET,BUILDING_KILL
0.0,INHIBITOR_BUILDING,1842659,7587520767,9.0,MID_LANE,3210.0,3217.0,100.0,1827008,,BUILDING_KILL
0.0,TOWER_BUILDING,1842659,7587520767,9.0,MID_LANE,1748.0,2270.0,100.0,1833155,NEXUS_TURRET,BUILDING_KILL
0.0,TOWER_BUILDING,1842659,7587520767,9.0,MID_LANE,2177.0,1807.0,100.0,1833589,NEXUS_TURRET,BUILDING_KILL
0.0,TOWER_BUILDING,780267,7586629540,4.0,BOT_LANE,13866.0,4505.0,200.0,771527,OUTER_TURRET,BUILDING_KILL
0.0,TOWER_BUILDING,900280,7586629540,4.0,MID_LANE,8955.0,8510.0,200.0,854768,OUTER_TURRET,BUILDING_KILL
0.0,TOWER_BUILDING,960308,7586629540,1.0,TOP_LANE,4318.0,13875.0,200.0,931923,OUTER_TURRET,BUILDING_KILL
0.0,TOWER_BUILDING,960308,7586629540,2.0,TOP_LANE,7943.0,13411.0,200.0,946700,INNER_TURRET,BUILDING_KILL
0.0,TOWER_BUILDING,1080339,7586629540,3.0,BOT_LANE,13327.0,8226.0,200.0,1033879,INNER_TURRET,BUILDING_KILL
150.0,TOWER_BUILDING,1140350,7586629540,7.0,MID_LANE,5846.0,6396.0,100.0,1101981,OUTER_TURRET,BUILDING_KILL
0.0,TOWER_BUILDING,1380395,7586629540,2.0,BOT_LANE,13624.0,10572.0,200.0,1325945,BASE_TURRET,BUILDING_KILL
0.0,INHIBITOR_BUILDING,1620442,7586629540,2.0,BOT_LANE,13594.0,11319.0,200.0,1567369,,BUILDING_KILL
0.0,TOWER_BUILDING,1620442,7586629540,2.0,MID_LANE,9767.0,10113.0,200.0,1588836,INNER_TURRET,BUILDING_KILL
0.0,TOWER_BUILDING,1620442,7586629540,9.0,TOP_LANE,981.0,10441.0,100.0,1614408,OUTER_TURRET,BUILDING_KILL
0.0,TOWER_BUILDING,1740496,7586629540,6.0,MID_LANE,5048.0,4812.0,100.0,1715104,INNER_TURRET,BUILDING_KILL
0.0,TOWER_BUILDING,1740496,7586629540,8.0,BOT_LANE,10504.0,1029.0,100.0,1724089,OUTER_TURRET,BUILDING_KILL
0.0,TOWER_BUILDING,1789716,7586629540,9.0,BOT_LANE,6919.0,1483.0,100.0,1740997,INNER_TURRET,BUILDING_KILL
0.0,TOWER_BUILDING,780162,7587349211,0.0,TOP_LANE,4318.0,13875.0,200.0,765522,OUTER_TURRET,BUILDING_KILL
0.0,TOWER_BUILDING,900288,7587349211,9.0,BOT_LANE,10504.0,1029.0,100.0,892508,OUTER_TURRET,BUILDING_KILL
0.0,TOWER_BUILDING,1080342,7587349211,2.0,MID_LANE,8955.0,8510.0,200.0,1036220,OUTER_TURRET,BUILDING_KILL
0.0,TOWER_BUILDING,1080342,7587349211,5.0,BOT_LANE,13866.0,4505.0,200.0,1045105,OUTER_TURRET,BUILDING_KILL
0.0,TOWER_BUILDING,1140368,7587349211,5.0,MID_LANE,9767.0,10113.0,200.0,1091741,INNER_TURRET,BUILDING_KILL
0.0,TOWER_BUILDING,1140368,7587349211,4.0,MID_LANE,11134.0,11207.0,200.0,1104547,BASE_TURRET,BUILDING_KILL
0.0,TOWER_BUILDING,1260408,7587349211,8.0,TOP_LANE,981.0,10441.0,100.0,1224005,OUTER_TURRET,BUILDING_KILL
0.0,TOWER_BUILDING,1260408,7587349211,6.0,MID_LANE,5846.0,6396.0,100.0,1231448,OUTER_TURRET,BUILDING_KILL
0.0,TOWER_BUILDING,1260408,7587349211,9.0,MID_LANE,5048.0,4812.0,100.0,1242705,INNER_TURRET,BUILDING_KILL
0.0,TOWER_BUILDING,1260408,7587349211,8.0,TOP_LANE,1512.0,6699.0,100.0,1257369,INNER_TURRET,BUILDING_KILL
0.0,TOWER_BUILDING,1320434,7587349211,4.0,BOT_LANE,13327.0,8226.0,200.0,1293006,INNER_TURRET,BUILDING_KILL
0.0,TOWER_BUILDING,1380437,7587349211,5.0,TOP_LANE,7943.0,13411.0,200.0,1348517,INNER_TURRET,BUILDING_KILL
0.0,INHIBITOR_BUILDING,1680544,7587349211,4.0,MID_LANE,11593.0,11669.0,200.0,1667872,,BUILDING_KILL
0.0,TOWER_BUILDING,1740158,7587349211,3.0,BOT_LANE,13624.0,10572.0,200.0,1708318,BASE_TURRET,BUILDING_KILL
0.0,INHIBITOR_BUILDING,1740158,7587349211,2.0,BOT_LANE,13594.0,11319.0,200.0,1727092,,BUILDING_KILL
0.0,TOWER_BUILDING,1740158,7587349211,3.0,MID_LANE,13052.0,12612.0,200.0,1731100,NEXUS_TURRET,BUILDING_KILL
0.0,TOWER_BUILDING,1740158,7587349211,4.0,MID_LANE,12611.0,13084.0,200.0,1733406,NEXUS_TURRET,BUILDING_KILL
0.0,TOWER_BUILDING,720307,7587630081,9.0,BOT_LANE,10504.0,1029.0,100.0,680515,OUTER_TURRET,BUILDING_KILL
0.0,TOWER_BUILDING,960360,7587630081,10.0,MID_LANE,5846.0,6396.0,100.0,907624,OUTER_TURRET,BUILDING_KILL
0.0,TOWER_BUILDING,960360,7587630081,10.0,MID_LANE,5048.0,4812.0,100.0,920362,INNER_TURRET,BUILDING_KILL
0.0,TOWER_BUILDING,960360,7587630081,3.0,BOT_LANE,13866.0,4505.0,200.0,928179,OUTER_TURRET,BUILDING_KILL
0.0,TOWER_BUILDING,1080388,7587630081,3.0,BOT_LANE,13327.0,8226.0,200.0,1067188,INNER_TURRET,BUILDING_KILL
0.0,TOWER_BUILDING,1080388,7587630081,6.0,TOP_LANE,981.0,10441.0,100.0,1073033,OUTER_TURRET,BUILDING_KILL
0.0,TOWER_BUILDING,1140413,7587630081,1.0,TOP_LANE,4318.0,13875.0,200.0,1129600,OUTER_TURRET,BUILDING_KILL
0.0,TOWER_BUILDING,1260442,7587630081,10.0,MID_LANE,3651.0,3696.0,100.0,1211112,BASE_TURRET,BUILDING_KILL
0.0,TOWER_BUILDING,1260442,7587630081,10.0,TOP_LANE,1512.0,6699.0,100.0,1220263,INNER_TURRET,BUILDING_KILL
0.0,TOWER_BUILDING,1500527,7587630081,1.0,MID_LANE,8955.0,8510.0,200.0,1471924,OUTER_TURRET,BUILDING_KILL
0.0,TOWER_BUILDING,1620544,7587630081,1.0,MID_LANE,9767.0,10113.0,200.0,1596152,INNER_TURRET,BUILDING_KILL
0.0,INHIBITOR_BUILDING,1965586,7587630081,9.0,MID_LANE,3210.0,3217.0,100.0,1947832,,BUILDING_KILL
0.0,TOWER_BUILDING,1965586,7587630081,9.0,MID_LANE,1748.0,2270.0,100.0,1953276,NEXUS_TURRET,BUILDING_KILL
0.0,TOWER_BUILDING,1965586,7587630081,9.0,MID_LANE,2177.0,1807.0,100.0,1957351,NEXUS_TURRET,BUILDING_KILL
0.0,TOWER_BUILDING,900326,7586776832,3.0,BOT_LANE,13866.0,4505.0,200.0,845192,OUTER_TURRET,BUILDING_KILL
0.0,TOWER_BUILDING,900326,7586776832,6.0,TOP_LANE,981.0,10441.0,100.0,862576,OUTER_TURRET,BUILDING_KILL
0.0,TOWER_BUILDING,960347,7586776832,6.0,MID_LANE,5846.0,6396.0,100.0,916998,OUTER_TURRET,BUILDING_KILL
0.0,TOWER_BUILDING,960347,7586776832,8.0,BOT_LANE,10504.0,1029.0,100.0,926330,OUTER_TURRET,BUILDING_KILL
0.0,TOWER_BUILDING,1020353,7586776832,1.0,TOP_LANE,4318.0,13875.0,200.0,982317,OUTER_TURRET,BUILDING_KILL
0.0,TOWER_BUILDING,1140404,7586776832,3.0,MID_LANE,8955.0,8510.0,200.0,1090378,OUTER_TURRET,BUILDING_KILL
0.0,TOWER_BUILDING,1260445,7586776832,3.0,BOT_LANE,13327.0,8226.0,200.0,1231376,INNER_TURRET,BUILDING_KILL
0.0,TOWER_BUILDING,1260445,7586776832,3.0,BOT_LANE,13624.0,10572.0,200.0,1246862,BASE_TURRET,BUILDING_KILL
0.0,TOWER_BUILDING,1380481,7586776832,9.0,MID_LANE,5048.0,4812.0,100.0,1340563,INNER_TURRET,BUILDING_KILL
0.0,INHIBITOR_BUILDING,1380481,7586776832,1.0,BOT_LANE,13594.0,11319.0,200.0,1359617,,BUILDING_KILL
0.0,TOWER_BUILDING,1380481,7586776832,1.0,MID_LANE,13052.0,12612.0,200.0,1375419,NEXUS_TURRET,BUILDING_KILL
0.0,TOWER_BUILDING,1440505,7586776832,1.0,MID_LANE,12611.0,13084.0,200.0,1385959,NEXUS_TURRET,BUILDING_KILL
0.0,TOWER_BUILDING,1680547,7586776832,9.0,MID_LANE,3651.0,3696.0,100.0,1639573,BASE_TURRET,BUILDING_KILL
0.0,INHIBITOR_BUILDING,1680547,7586776832,9.0,MID_LANE,3210.0,3217.0,100.0,1643193,,BUILDING_KILL
0.0,INHIBITOR_BUILDING,1680547,7586776832,3.0,BOT_LANE,13594.0,11319.0,200.0,1676818,,BUILDING_KILL
0.0,TOWER_BUILDING,1731462,7586776832,6.0,MID_LANE,1748.0,2270.0,100.0,1696426,NEXUS_TURRET,BUILDING_KILL
0.0,TOWER_BUILDING,1731462,7586776832,9.0,MID_LANE,2177.0,1807.0,100.0,1715346,NEXUS_TURRET,BUILDING_KILL
0.0,TOWER_BUILDING,900293,7586044037,4.0,BOT_LANE,13866.0,4505.0,200.0,846097,OUTER_TURRET,BUILDING_KILL
0.0,TOWER_BUILDING,900293,7586044037,6.0,TOP_LANE,981.0,10441.0,100.0,887117,OUTER_TURRET,BUILDING_KILL
0.0,TOWER_BUILDING,960296,7586044037,8.0,BOT_LANE,10504.0,1029.0,100.0,935800,OUTER_TURRET,BUILDING_KILL
0.0,TOWER_BUILDING,1020300,7586044037,6.0,MID_LANE,5846.0,6396.0,100.0,994397,OUTER_TURRET,BUILDING_KILL
0.0,TOWER_BUILDING,780291,7586740948,3.0,MID_LANE,8955.0,8510.0,200.0,754618,OUTER_TURRET,BUILDING_KILL
0.0,TOWER_BUILDING,900341,7586740948,4.0,BOT_LANE,13866.0,4505.0,200.0,859070,OUTER_TURRET,BUILDING_KILL
0.0,TOWER_BUILDING,900341,7586740948,1.0,TOP_LANE,4318.0,13875.0,200.0,862262,OUTER_TURRET,BUILDING_KILL
0.0,TOWER_BUILDING,900368,7586929360,9.0,BOT_LANE,10504.0,1029.0,100.0,845627,OUTER_TURRET,BUILDING_KILL
0.0,TOWER_BUILDING,900368,7586929360,2.0,TOP_LANE,4318.0,13875.0,200.0,868440,OUTER_TURRET,BUILDING_KILL
0.0,TOWER_BUILDING,960397,7586929360,6.0,TOP_LANE,981.0,10441.0,100.0,918487,OUTER_TURRET,BUILDING_KILL
0.0,TOWER_BUILDING,1080420,7586929360,1.0,BOT_LANE,13866.0,4505.0,200.0,1063600,OUTER_TURRET,BUILDING_KILL
0.0,TOWER_BUILDING,1200478,7586929360,8.0,MID_LANE,5846.0,6396.0,100.0,1171841,OUTER_TURRET,BUILDING_KILL
0.0,TOWER_BUILDING,1200478,7586929360,6.0,MID_LANE,5048.0,4812.0,100.0,1186527,INNER_TURRET,BUILDING_KILL
0.0,TOWER_BUILDING,1320491,7586929360,10.0,BOT_LANE,6919.0,1483.0,100.0,1261474,INNER_TURRET,BUILDING_KILL
0.0,TOWER_BUILDING,1320491,7586929360,6.0,MID_LANE,3651.0,3696.0,100.0,1307117,BASE_TURRET,BUILDING_KILL
0.0,INHIBITOR_BUILDING,1320491,7586929360,7.0,MID_LANE,3210.0,3217.0,100.0,1312495,,BUILDING_KILL
0.0,TOWER_BUILDING,1500572,7586929360,3.0,TOP_LANE,7943.0,13411.0,200.0,1494112,INNER_TURRET,BUILDING_KILL
0.0,TOWER_BUILDING,1560589,7586929360,4.0,MID_LANE,8955.0,8510.0,200.0,1544936,OUTER_TURRET,BUILDING_KILL
0.0,TOWER_BUILDING,1800659,7586929360,6.0,BOT_LANE,4281.0,1253.0,100.0,1745653,BASE_TURRET,BUILDING_KILL
0.0,INHIBITOR_BUILDING,1800659,7586929360,9.0,MID_LANE,3210.0,3217.0,100.0,1749134,,BUILDING_KILL
0.0,INHIBITOR_BUILDING,1800659,7586929360,9.0,BOT_LANE,3468.0,1230.0,100.0,1757841,,BUILDING_KILL
0.0,TOWER_BUILDING,1800659,7586929360,9.0,MID_LANE,2177.0,1807.0,100.0,1786327,NEXUS_TURRET,BUILDING_KILL
0.0,TOWER_BUILDING,1800659,7586929360,9.0,MID_LANE,1748.0,2270.0,100.0,1792613,NEXUS_TURRET,BUILDING_KILL
0.0,TOWER_BUILDING,900327,7586654318,4.0,BOT_LANE,13866.0,4505.0,200.0,844132,OUTER_TURRET,BUILDING_KILL
0.0,TOWER_BUILDING,900327,7586654318,4.0,BOT_LANE,13327.0,8226.0,200.0,880879,INNER_TURRET,BUILDING_KILL
0.0,TOWER_BUILDING,960359,7586654318,4.0,MID_LANE,8955.0,8510.0,200.0,941847,OUTER_TURRET,BUILDING_KILL
0.0,TOWER_BUILDING,1080394,7586654318,1.0,TOP_LANE,4318.0,13875.0,200.0,1022180,OUTER_TURRET,BUILDING_KILL
150.0,TOWER_BUILDING,1080394,7586654318,6.0,TOP_LANE,981.0,10441.0,100.0,1049294,OUTER_TURRET,BUILDING_KILL
0.0,TOWER_BUILDING,1080394,7586654318,8.0,BOT_LANE,10504.0,1029.0,100.0,1076019,OUTER_TURRET,BUILDING_KILL
0.0,TOWER_BUILDING,1200425,7586654318,2.0,MID_LANE,9767.0,10113.0,200.0,1186911,INNER_TURRET,BUILDING_KILL
0.0,TOWER_BUILDING,1200425,7586654318,2.0,MID_LANE,11134.0,11207.0,200.0,1197786,BASE_TURRET,BUILDING_KILL
0.0,INHIBITOR_BUILDING,1380469,7586654318,4.0,MID_LANE,11593.0,11669.0,200.0,1355099,,BUILDING_KILL
0.0,TOWER_BUILDING,1380469,7586654318,2.0,MID_LANE,13052.0,12612.0,200.0,1367377,NEXUS_TURRET,BUILDING_KILL
0.0,TOWER_BUILDING,1380469,7586654318,3.0,MID_LANE,12611.0,13084.0,200.0,1372178,NEXUS_TURRET,BUILDING_KILL
0.0,TOWER_BUILDING,720285,7586185724,1.0,TOP_LANE,4318.0,13875.0,200.0,661341,OUTER_TURRET,BUILDING_KILL
0.0,TOWER_BUILDING,840336,7586185724,1.0,TOP_LANE,7943.0,13411.0,200.0,781487,INNER_TURRET,BUILDING_KILL
0.0,TOWER_BUILDING,900352,7586185724,1.0,BOT_LANE,13866.0,4505.0,200.0,849149,OUTER_TURRET,BUILDING_KILL
0.0,TOWER_BUILDING,1080398,7586185724,7.0,BOT_LANE,10504.0,1029.0,100.0,1050735,OUTER_TURRET,BUILDING_KILL
0.0,TOWER_BUILDING,1140421,7586185724,6.0,TOP_LANE,981.0,10441.0,100.0,1098034,OUTER_TURRET,BUILDING_KILL
0.0,TOWER_BUILDING,1140421,7586185724,2.0,MID_LANE,8955.0,8510.0,200.0,1103345,OUTER_TURRET,BUILDING_KILL
0.0,TOWER_BUILDING,1140421,7586185724,9.0,MID_LANE,5846.0,6396.0,100.0,1126438,OUTER_TURRET,BUILDING_KILL
0.0,TOWER_BUILDING,1140421,7586185724,6.0,TOP_LANE,1512.0,6699.0,100.0,1126539,INNER_TURRET,BUILDING_KILL
0.0,TOWER_BUILDING,1140421,7586185724,1.0,BOT_LANE,13327.0,8226.0,200.0,1128142,INNER_TURRET,BUILDING_KILL
0.0,TOWER_BUILDING,1680547,7586185724,1.0,MID_LANE,9767.0,10113.0,200.0,1634867,INNER_TURRET,BUILDING_KILL
0.0,TOWER_BUILDING,1699476,7586185724,1.0,MID_LANE,11134.0,11207.0,200.0,1695335,BASE_TURRET,BUILDING_KILL
0.0,TOWER_BUILDING,1020325,7587634947,8.0,BOT_LANE,10504.0,1029.0,100.0,994212,OUTER_TURRET,BUILDING_KILL
0.0,TOWER_BUILDING,1080345,7587634947,8.0,BOT_LANE,6919.0,1483.0,100.0,1027673,INNER_TURRET,BUILDING_KILL
0.0,TOWER_BUILDING,1140357,7587634947,7.0,TOP_LANE,981.0,10441.0,100.0,1103933,OUTER_TURRET,BUILDING_KILL
0.0,TOWER_BUILDING,1140357,7587634947,3.0,BOT_LANE,13866.0,4505.0,200.0,1115805,OUTER_TURRET,BUILDING_KILL
0.0,TOWER_BUILDING,1140357,7587634947,4.0,MID_LANE,8955.0,8510.0,200.0,1116774,OUTER_TURRET,BUILDING_KILL
0.0,TOWER_BUILDING,1200360,7587634947,6.0,MID_LANE,5846.0,6396.0,100.0,1190408,OUTER_TURRET,BUILDING_KILL
0.0,TOWER_BUILDING,1440396,7587634947,7.0,MID_LANE,5048.0,4812.0,100.0,1389899,INNER_TURRET,BUILDING_KILL
0.0,TOWER_BUILDING,1521582,7587634947,9.0,MID_LANE,3651.0,3696.0,100.0,1513567,BASE_TURRET,BUILDING_KILL
0.0,INHIBITOR_BUILDING,1521582,7587634947,8.0,MID_LANE,3210.0,3217.0,100.0,1517541,,BUILDING_KILL
0.0,TOWER_BUILDING,840272,7586568911,3.0,BOT_LANE,13866.0,4505.0,200.0,802699,OUTER_TURRET,BUILDING_KILL
0.0,TOWER_BUILDING,900282,7586568911,3.0,TOP_LANE,4318.0,13875.0,200.0,872650,OUTER_TURRET,BUILDING_KILL
0.0,TOWER_BUILDING,960285,7586568911,10.0,MID_LANE,5846.0,6396.0,100.0,917027,OUTER_TURRET,BUILDING_KILL
0.0,TOWER_BUILDING,1080316,7586568911,3.0,MID_LANE,8955.0,8510.0,200.0,1065721,OUTER_TURRET,BUILDING_KILL
0.0,TOWER_BUILDING,1140341,7586568911,8.0,BOT_LANE,10504.0,1029.0,100.0,1138385,OUTER_TURRET,BUILDING_KILL
0.0,TOWER_BUILDING,1380377,7586568911,2.0,BOT_LANE,13327.0,8226.0,200.0,1374098,INNER_TURRET,BUILDING_KILL
0.0,TOWER_BUILDING,1500387,7586568911,2.0,MID_LANE,9767.0,10113.0,200.0,1453152,INNER_TURRET,BUILDING_KILL
0.0,TOWER_BUILDING,1500387,7586568911,1.0,MID_LANE,11134.0,11207.0,200.0,1463566,BASE_TURRET,BUILDING_KILL
0.0,INHIBITOR_BUILDING,1500387,7586568911,1.0,MID_LANE,11593.0,11669.0,200.0,1469216,,BUILDING_KILL
0.0,TOWER_BUILDING,1500387,7586568911,4.0,BOT_LANE,13624.0,10572.0,200.0,1488436,BASE_TURRET,BUILDING_KILL
0.0,TOWER_BUILDING,1500387,7586568911,5.0,MID_LANE,13052.0,12612.0,200.0,1494281,NEXUS_TURRET,BUILDING_KILL
0.0,TOWER_BUILDING,1500387,7586568911,4.0,MID_LANE,12611.0,13084.0,200.0,1497888,NEXUS_TURRET,BUILDING_KILL
0.0,TOWER_BUILDING,720202,7586328978,10.0,BOT_LANE,10504.0,1029.0,100.0,664201,OUTER_TURRET,BUILDING_KILL
0.0,TOWER_BUILDING,1020277,7586328978,8.0,TOP_LANE,981.0,10441.0,100.0,961881,OUTER_TURRET,BUILDING_KILL
0.0,TOWER_BUILDING,1140288,7586328978,7.0,MID_LANE,5846.0,6396.0,100.0,1094820,OUTER_TURRET,BUILDING_KILL
0.0,TOWER_BUILDING,1140288,7586328978,0.0,TOP_LANE,4318.0,13875.0,200.0,1112916,OUTER_TURRET,BUILDING_KILL
0.0,TOWER_BUILDING,1260332,7586328978,4.0,MID_LANE,8955.0,8510.0,200.0,1205882,OUTER_TURRET,BUILDING_KILL
0.0,TOWER_BUILDING,1260332,7586328978,1.0,TOP_LANE,7943.0,13411.0,200.0,1239097,INNER_TURRET,BUILDING_KILL
0.0,TOWER_BUILDING,1260332,7586328978,9.0,MID_LANE,5048.0,4812.0,100.0,1246380,INNER_TURRET,BUILDING_KILL
0.0,TOWER_BUILDING,1260332,7586328978,4.0,BOT_LANE,13866.0,4505.0,200.0,1247916,OUTER_TURRET,BUILDING_KILL
0.0,TOWER_BUILDING,1440377,7586328978,1.0,MID_LANE,9767.0,10113.0,200.0,1420739,INNER_TURRET,BUILDING_KILL
0.0,TOWER_BUILDING,1440377,7586328978,4.0,MID_LANE,11134.0,11207.0,200.0,1427456,BASE_TURRET,BUILDING_KILL
0.0,INHIBITOR_BUILDING,1440377,7586328978,1.0,MID_LANE,11593.0,11669.0,200.0,1432133,,BUILDING_KILL
0.0,TOWER_BUILDING,1521557,7586328978,1.0,MID_LANE,13052.0,12612.0,200.0,1505875,NEXUS_TURRET,BUILDING_KILL
0.0,TOWER_BUILDING,1521557,7586328978,5.0,MID_LANE,12611.0,13084.0,200.0,1511286,NEXUS_TURRET,BUILDING_KILL
0.0,TOWER_BUILDING,660261,7586954656,1.0,TOP_LANE,4318.0,13875.0,200.0,657398,OUTER_TURRET,BUILDING_KILL
0.0,TOWER_BUILDING,960384,7586954656,7.0,BOT_LANE,10504.0,1029.0,100.0,951194,OUTER_TURRET,BUILDING_KILL
0.0,TOWER_BUILDING,1020399,7586954656,1.0,BOT_LANE,13866.0,4505.0,200.0,1012896,OUTER_TURRET,BUILDING_KILL
0.0,TOWER_BUILDING,1080399,7586954656,4.0,MID_LANE,8955.0,8510.0,200.0,1032089,OUTER_TURRET,BUILDING_KILL
0.0,TOWER_BUILDING,1260454,7586954656,8.0,TOP_LANE,981.0,10441.0,100.0,1258115,OUTER_TURRET,BUILDING_KILL
0.0,TOWER_BUILDING,1560552,7586954656,3.0,MID_LANE,9767.0,10113.0,200.0,1541116,INNER_TURRET,BUILDING_KILL
0.0,TOWER_BUILDING,1680601,7586954656,1.0,BOT_LANE,13327.0,8226.0,200.0,1656833,INNER_TURRET,BUILDING_KILL
0.0,TOWER_BUILDING,1860679,7586954656,4.0,TOP_LANE,7943.0,13411.0,200.0,1837661,INNER_TURRET,BUILDING_KILL
0.0,TOWER_BUILDING,1980701,7586954656,6.0,MID_LANE,5846.0,6396.0,100.0,1959155,OUTER_TURRET,BUILDING_KILL
0.0,TOWER_BUILDING,2100737,7586954656,6.0,BOT_LANE,6919.0,1483.0,100.0,2061708,INNER_TURRET,BUILDING_KILL
0.0,TOWER_BUILDING,2100737,7586954656,8.0,TOP_LANE,1512.0,6699.0,100.0,2084806,INNER_TURRET,BUILDING_KILL
0.0,TOWER_BUILDING,2100737,7586954656,7.0,BOT_LANE,4281.0,1253.0,100.0,2086743,BASE_TURRET,BUILDING_KILL
0.0,INHIBITOR_BUILDING,2100737,7586954656,6.0,BOT_LANE,3468.0,1230.0,100.0,2093192,,BUILDING_KILL
0.0,TOWER_BUILDING,2160745,7586954656,10.0,MID_LANE,5048.0,4812.0,100.0,2104211,INNER_TURRET,BUILDING_KILL
0.0,TOWER_BUILDING,2160745,7586954656,9.0,MID_LANE,3651.0,3696.0,100.0,2112873,BASE_TURRET,BUILDING_KILL
0.0,TOWER_BUILDING,2280768,7586954656,4.0,MID_LANE,11134.0,11207.0,200.0,2257179,BASE_TURRET,BUILDING_KILL
0.0,INHIBITOR_BUILDING,2280768,7586954656,1.0,MID_LANE,11593.0,11669.0,200.0,2260419,,BUILDING_KILL
0.0,TOWER_BUILDING,2280768,7586954656,4.0,MID_LANE,13052.0,12612.0,200.0,2271738,NEXUS_TURRET,BUILDING_KILL
0.0,TOWER_BUILDING,2280768,7586954656,3.0,MID_LANE,12611.0,13084.0,200.0,2275880,NEXUS_TURRET,BUILDING_KILL
0.0,TOWER_BUILDING,780298,7586395837,10.0,BOT_LANE,10504.0,1029.0,100.0,778191,OUTER_TURRET,BUILDING_KILL
0.0,TOWER_BUILDING,840308,7586395837,8.0,MID_LANE,5846.0,6396.0,100.0,822690,OUTER_TURRET,BUILDING_KILL
0.0,TOWER_BUILDING,720304,7586522041,4.0,TOP_LANE,4318.0,13875.0,200.0,694453,OUTER_TURRET,BUILDING_KILL
0.0,TOWER_BUILDING,840332,7586522041,1.0,BOT_LANE,13866.0,4505.0,200.0,803848,OUTER_TURRET,BUILDING_KILL
0.0,TOWER_BUILDING,960338,7586522041,4.0,MID_LANE,8955.0,8510.0,200.0,945878,OUTER_TURRET,BUILDING_KILL
0.0,TOWER_BUILDING,1020341,7586522041,6.0,TOP_LANE,981.0,10441.0,100.0,992611,OUTER_TURRET,BUILDING_KILL
0.0,TOWER_BUILDING,1080374,7586522041,4.0,MID_LANE,9767.0,10113.0,200.0,1067583,INNER_TURRET,BUILDING_KILL
0.0,TOWER_BUILDING,1140393,7586522041,8.0,BOT_LANE,10504.0,1029.0,100.0,1131485,OUTER_TURRET,BUILDING_KILL
0.0,TOWER_BUILDING,1140393,7586522041,9.0,MID_LANE,5846.0,6396.0,100.0,1132921,OUTER_TURRET,BUILDING_KILL
0.0,TOWER_BUILDING,1320440,7586522041,10.0,MID_LANE,5048.0,4812.0,100.0,1267034,INNER_TURRET,BUILDING_KILL
0.0,TOWER_BUILDING,1320440,7586522041,8.0,MID_LANE,3651.0,3696.0,100.0,1277826,BASE_TURRET,BUILDING_KILL
0.0,TOWER_BUILDING,1500476,7586522041,8.0,BOT_LANE,6919.0,1483.0,100.0,1474397,INNER_TURRET,BUILDING_KILL
0.0,INHIBITOR_BUILDING,1680553,7586522041,8.0,MID_LANE,3210.0,3217.0,100.0,1640311,,BUILDING_KILL
0.0,TOWER_BUILDING,780325,7585716139,6.0,TOP_LANE,981.0,10441.0,100.0,776442,OUTER_TURRET,BUILDING_KILL
0.0,TOWER_BUILDING,1080411,7585716139,7.0,MID_LANE,5846.0,6396.0,100.0,1037119,OUTER_TURRET,BUILDING_KILL
0.0,TOWER_BUILDING,1080411,7585716139,4.0,BOT_LANE,13866.0,4505.0,200.0,1041031,OUTER_TURRET,BUILDING_KILL
0.0,TOWER_BUILDING,1080411,7585716139,1.0,TOP_LANE,4318.0,13875.0,200.0,1046576,OUTER_TURRET,BUILDING_KILL
0.0,TOWER_BUILDING,1080411,7585716139,6.0,MID_LANE,5048.0,4812.0,100.0,1050353,INNER_TURRET,BUILDING_KILL
0.0,TOWER_BUILDING,1140444,7585716139,6.0,TOP_LANE,1512.0,6699.0,100.0,1131717,INNER_TURRET,BUILDING_KILL
0.0,TOWER_BUILDING,1260496,7585716139,0.0,MID_LANE,8955.0,8510.0,200.0,1234384,OUTER_TURRET,BUILDING_KILL
0.0,TOWER_BUILDING,1440561,7585716139,6.0,MID_LANE,3651.0,3696.0,100.0,1393361,BASE_TURRET,BUILDING_KILL
0.0,INHIBITOR_BUILDING,1440561,7585716139,6.0,MID_LANE,3210.0,3217.0,100.0,1400477,,BUILDING_KILL
0.0,TOWER_BUILDING,1440561,7585716139,9.0,BOT_LANE,10504.0,1029.0,100.0,1401684,OUTER_TURRET,BUILDING_KILL
0.0,TOWER_BUILDING,1080369,7587410691,5.0,BOT_LANE,13866.0,4505.0,200.0,1024258,OUTER_TURRET,BUILDING_KILL
0.0,TOWER_BUILDING,1080369,7587410691,9.0,MID_LANE,5846.0,6396.0,100.0,1035312,OUTER_TURRET,BUILDING_KILL
0.0,TOWER_BUILDING,1140393,7587410691,7.0,BOT_LANE,10504.0,1029.0,100.0,1082239,OUTER_TURRET,BUILDING_KILL
0.0,TOWER_BUILDING,1140393,7587410691,2.0,TOP_LANE,4318.0,13875.0,200.0,1095721,OUTER_TURRET,BUILDING_KILL
0.0,TOWER_BUILDING,1140393,7587410691,1.0,TOP_LANE,7943.0,13411.0,200.0,1111187,INNER_TURRET,BUILDING_KILL
0.0,TOWER_BUILDING,1140393,7587410691,4.0,MID_LANE,8955.0,8510.0,200.0,1117851,OUTER_TURRET,BUILDING_KILL
0.0,TOWER_BUILDING,840260,7587188041,6.0,TOP_LANE,981.0,10441.0,100.0,784565,OUTER_TURRET,BUILDING_KILL
0.0,TOWER_BUILDING,900287,7587188041,6.0,TOP_LANE,1512.0,6699.0,100.0,876706,INNER_TURRET,BUILDING_KILL
0.0,TOWER_BUILDING,1020344,7587188041,8.0,BOT_LANE,10504.0,1029.0,100.0,962082,OUTER_TURRET,BUILDING_KILL
0.0,TOWER_BUILDING,1020344,7587188041,1.0,TOP_LANE,4318.0,13875.0,200.0,963451,OUTER_TURRET,BUILDING_KILL
0.0,TOWER_BUILDING,1020344,7587188041,10.0,MID_LANE,5846.0,6396.0,100.0,968728,OUTER_TURRET,BUILDING_KILL
0.0,TOWER_BUILDING,1080369,7587188041,3.0,BOT_LANE,13866.0,4505.0,200.0,1050430,OUTER_TURRET,BUILDING_KILL
0.0,TOWER_BUILDING,1080369,7587188041,9.0,MID_LANE,5048.0,4812.0,100.0,1051466,INNER_TURRET,BUILDING_KILL
0.0,TOWER_BUILDING,1080369,7587188041,6.0,MID_LANE,3651.0,3696.0,100.0,1067869,BASE_TURRET,BUILDING_KILL
0.0,INHIBITOR_BUILDING,1080369,7587188041,7.0,MID_LANE,3210.0,3217.0,100.0,1075192,,BUILDING_KILL
0.0,TOWER_BUILDING,1200418,7587188041,9.0,BOT_LANE,6919.0,1483.0,100.0,1196277,INNER_TURRET,BUILDING_KILL
0.0,TOWER_BUILDING,1320469,7587188041,6.0,TOP_LANE,1169.0,4287.0,100.0,1316762,BASE_TURRET,BUILDING_KILL
0.0,INHIBITOR_BUILDING,1380502,7587188041,9.0,TOP_LANE,1172.0,3583.0,100.0,1322674,,BUILDING_KILL
0.0,TOWER_BUILDING,1380502,7587188041,9.0,MID_LANE,1748.0,2270.0,100.0,1367558,NEXUS_TURRET,BUILDING_KILL
0.0,TOWER_BUILDING,1380502,7587188041,7.0,MID_LANE,2177.0,1807.0,100.0,1371666,NEXUS_TURRET,BUILDING_KILL
0.0,TOWER_BUILDING,840303,7587538168,6.0,TOP_LANE,981.0,10441.0,100.0,797915,OUTER_TURRET,BUILDING_KILL
0.0,TOWER_BUILDING,900320,7587538168,9.0,BOT_LANE,10504.0,1029.0,100.0,841572,OUTER_TURRET,BUILDING_KILL
0.0,TOWER_BUILDING,1020367,7587538168,0.0,MID_LANE,8955.0,8510.0,200.0,981159,OUTER_TURRET,BUILDING_KILL
0.0,TOWER_BUILDING,1020367,7587538168,4.0,BOT_LANE,13866.0,4505.0,200.0,987920,OUTER_TURRET,BUILDING_KILL
0.0,TOWER_BUILDING,1140415,7587538168,6.0,TOP_LANE,1512.0,6699.0,100.0,1123603,INNER_TURRET,BUILDING_KILL
0.0,TOWER_BUILDING,1260443,7587538168,9.0,MID_LANE,5846.0,6396.0,100.0,1215969,OUTER_TURRET,BUILDING_KILL
0.0,TOWER_BUILDING,1260443,7587538168,10.0,MID_LANE,5048.0,4812.0,100.0,1227627,INNER_TURRET,BUILDING_KILL
0.0,TOWER_BUILDING,1260443,7587538168,7.0,MID_LANE,3651.0,3696.0,100.0,1241662,BASE_TURRET,BUILDING_KILL
0.0,INHIBITOR_BUILDING,1260443,7587538168,6.0,MID_LANE,3210.0,3217.0,100.0,1246806,,BUILDING_KILL
0.0,TOWER_BUILDING,1620561,7587538168,9.0,TOP_LANE,1169.0,4287.0,100.0,1592841,BASE_TURRET,BUILDING_KILL
0.0,INHIBITOR_BUILDING,1620561,7587538168,6.0,TOP_LANE,1172.0,3583.0,100.0,1596214,,BUILDING_KILL
0.0,TOWER_BUILDING,1680561,7587538168,3.0,BOT_LANE,13327.0,8226.0,200.0,1653389,INNER_TURRET,BUILDING_KILL
0.0,TOWER_BUILDING,1740581,7587538168,3.0,TOP_LANE,4318.0,13875.0,200.0,1709648,OUTER_TURRET,BUILDING_KILL
0.0,TOWER_BUILDING,1860611,7587538168,4.0,MID_LANE,9767.0,10113.0,200.0,1804265,INNER_TURRET,BUILDING_KILL
0.0,TOWER_BUILDING,1860611,7587538168,4.0,MID_LANE,11134.0,11207.0,200.0,1810959,BASE_TURRET,BUILDING_KILL
0.0,INHIBITOR_BUILDING,1860611,7587538168,3.0,MID_LANE,11593.0,11669.0,200.0,1816904,,BUILDING_KILL
0.0,TOWER_BUILDING,1948661,7587538168,3.0,BOT_LANE,13624.0,10572.0,200.0,1925864,BASE_TURRET,BUILDING_KILL
0.0,INHIBITOR_BUILDING,1948661,7587538168,4.0,BOT_LANE,13594.0,11319.0,200.0,1930920,,BUILDING_KILL
0.0,TOWER_BUILDING,1948661,7587538168,4.0,MID_LANE,13052.0,12612.0,200.0,1933893,NEXUS_TURRET,BUILDING_KILL
0.0,TOWER_BUILDING,1948661,7587538168,1.0,MID_LANE,12611.0,13084.0,200.0,1940378,NEXUS_TURRET,BUILDING_KILL
0.0,TOWER_BUILDING,780274,7586610158,3.0,BOT_LANE,13866.0,4505.0,200.0,756573,OUTER_TURRET,BUILDING_KILL
0.0,TOWER_BUILDING,840279,7586610158,1.0,TOP_LANE,4318.0,13875.0,200.0,807003,OUTER_TURRET,BUILDING_KILL
0.0,TOWER_BUILDING,900284,7586610158,4.0,MID_LANE,8955.0,8510.0,200.0,846542,OUTER_TURRET,BUILDING_KILL
0.0,TOWER_BUILDING,960340,7586887922,7.0,BOT_LANE,10504.0,1029.0,100.0,902156,OUTER_TURRET,BUILDING_KILL
0.0,TOWER_BUILDING,960340,7586887922,1.0,TOP_LANE,4318.0,13875.0,200.0,919270,OUTER_TURRET,BUILDING_KILL
0.0,TOWER_BUILDING,960340,7586887922,3.0,MID_LANE,8955.0,8510.0,200.0,925482,OUTER_TURRET,BUILDING_KILL
0.0,TOWER_BUILDING,1020362,7586887922,1.0,BOT_LANE,13866.0,4505.0,200.0,982837,OUTER_TURRET,BUILDING_KILL
0.0,TOWER_BUILDING,1140385,7586887922,9.0,MID_LANE,5846.0,6396.0,100.0,1118768,OUTER_TURRET,BUILDING_KILL
0.0,TOWER_BUILDING,1260439,7586887922,4.0,MID_LANE,9767.0,10113.0,200.0,1238326,INNER_TURRET,BUILDING_KILL
0.0,TOWER_BUILDING,1440489,7586887922,9.0,MID_LANE,5048.0,4812.0,100.0,1388520,INNER_TURRET,BUILDING_KILL
0.0,TOWER_BUILDING,1500522,7586887922,1.0,TOP_LANE,7943.0,13411.0,200.0,1467648,INNER_TURRET,BUILDING_KILL
0.0,TOWER_BUILDING,1680615,7586887922,1.0,BOT_LANE,13327.0,8226.0,200.0,1648055,INNER_TURRET,BUILDING_KILL
0.0,TOWER_BUILDING,1740647,7586887922,7.0,TOP_LANE,981.0,10441.0,100.0,1725588,OUTER_TURRET,BUILDING_KILL
0.0,TOWER_BUILDING,1800664,7586887922,9.0,MID_LANE,3651.0,3696.0,100.0,1778770,BASE_TURRET,BUILDING_KILL
0.0,TOWER_BUILDING,1800664,7586887922,7.0,TOP_LANE,1512.0,6699.0,100.0,1790950,INNER_TURRET,BUILDING_KILL
0.0,INHIBITOR_BUILDING,1800664,7586887922,9.0,MID_LANE,3210.0,3217.0,100.0,1800230,,BUILDING_KILL
0.0,TOWER_BUILDING,1827393,7586887922,7.0,TOP_LANE,1169.0,4287.0,100.0,1807835,BASE_TURRET,BUILDING_KILL
0.0,INHIBITOR_BUILDING,1827393,7586887922,7.0,TOP_LANE,1172.0,3583.0,100.0,1814493,,BUILDING_KILL
0.0,TOWER_BUILDING,1827393,7586887922,9.0,MID_LANE,1748.0,2270.0,100.0,1816330,NEXUS_TURRET,BUILDING_KILL
0.0,TOWER_BUILDING,1827393,7586887922,9.0,MID_LANE,2177.0,1807.0,100.0,1819637,NEXUS_TURRET,BUILDING_KILL
0.0,TOWER_BUILDING,900352,7587532298,4.0,MID_LANE,8955.0,8510.0,200.0,859046,OUTER_TURRET,BUILDING_KILL
0.0,TOWER_BUILDING,900352,7587532298,2.0,MID_LANE,9767.0,10113.0,200.0,879378,INNER_TURRET,BUILDING_KILL
0.0,TOWER_BUILDING,900352,7587532298,6.0,TOP_LANE,981.0,10441.0,100.0,889701,OUTER_TURRET,BUILDING_KILL
0.0,TOWER_BUILDING,960355,7587532298,5.0,BOT_LANE,13866.0,4505.0,200.0,921072,OUTER_TURRET,BUILDING_KILL
0.0,TOWER_BUILDING,1020361,7587532298,6.0,BOT_LANE,10504.0,1029.0,100.0,1000726,OUTER_TURRET,BUILDING_KILL
0.0,TOWER_BUILDING,1260429,7587532298,6.0,BOT_LANE,6919.0,1483.0,100.0,1201191,INNER_TURRET,BUILDING_KILL
0.0,TOWER_BUILDING,1260429,7587532298,8.0,MID_LANE,5846.0,6396.0,100.0,1212525,OUTER_TURRET,BUILDING_KILL
0.0,TOWER_BUILDING,1500531,7587532298,6.0,MID_LANE,5048.0,4812.0,100.0,1483365,INNER_TURRET,BUILDING_KILL
0.0,TOWER_BUILDING,720307,7587525656,9.0,BOT_LANE,10504.0,1029.0,100.0,683939,OUTER_TURRET,BUILDING_KILL
0.0,TOWER_BUILDING,720307,7587525656,1.0,TOP_LANE,4318.0,13875.0,200.0,688247,OUTER_TURRET,BUILDING_KILL
0.0,TOWER_BUILDING,960366,7587525656,9.0,MID_LANE,5846.0,6396.0,100.0,943473,OUTER_TURRET,BUILDING_KILL
0.0,TOWER_BUILDING,960366,7587525656,2.0,TOP_LANE,7943.0,13411.0,200.0,945695,INNER_TURRET,BUILDING_KILL
0.0,TOWER_BUILDING,1080421,7587525656,8.0,TOP_LANE,981.0,10441.0,100.0,1060723,OUTER_TURRET,BUILDING_KILL
0.0,TOWER_BUILDING,1140425,7587525656,4.0,MID_LANE,8955.0,8510.0,200.0,1131352,OUTER_TURRET,BUILDING_KILL
0.0,TOWER_BUILDING,1200439,7587525656,0.0,BOT_LANE,13866.0,4505.0,200.0,1195817,OUTER_TURRET,BUILDING_KILL
0.0,TOWER_BUILDING,1320448,7587525656,8.0,BOT_LANE,6919.0,1483.0,100.0,1311954,INNER_TURRET,BUILDING_KILL
0.0,TOWER_BUILDING,1380456,7587525656,9.0,MID_LANE,5048.0,4812.0,100.0,1329766,INNER_TURRET,BUILDING_KILL
0.0,TOWER_BUILDING,1380456,7587525656,6.0,TOP_LANE,1512.0,6699.0,100.0,1347188,INNER_TURRET,BUILDING_KILL
0.0,TOWER_BUILDING,1500488,7587525656,9.0,BOT_LANE,4281.0,1253.0,100.0,1480841,BASE_TURRET,BUILDING_KILL
0.0,INHIBITOR_BUILDING,1500488,7587525656,8.0,BOT_LANE,3468.0,1230.0,100.0,1485788,,BUILDING_KILL
0.0,TOWER_BUILDING,1500488,7587525656,8.0,MID_LANE,2177.0,1807.0,100.0,1493502,NEXUS_TURRET,BUILDING_KILL
0.0,TOWER_BUILDING,1510072,7587525656,9.0,MID_LANE,1748.0,2270.0,100.0,1501590,NEXUS_TURRET,BUILDING_KILL
0.0,TOWER_BUILDING,840289,7586497969,9.0,BOT_LANE,10504.0,1029.0,100.0,805303,OUTER_TURRET,BUILDING_KILL
0.0,TOWER_BUILDING,960320,7586497969,8.0,BOT_LANE,6919.0,1483.0,100.0,955844,INNER_TURRET,BUILDING_KILL
0.0,TOWER_BUILDING,1020324,7586497969,6.0,TOP_LANE,981.0,10441.0,100.0,1019620,OUTER_TURRET,BUILDING_KILL
0.0,TOWER_BUILDING,1123051,7586497969,9.0,MID_LANE,5846.0,6396.0,100.0,1117618,OUTER_TURRET,BUILDING_KILL
0.0,TOWER_BUILDING,780289,7587642441,8.0,MID_LANE,5846.0,6396.0,100.0,765296,OUTER_TURRET,BUILDING_KILL
0.0,TOWER_BUILDING,900307,7587642441,4.0,BOT_LANE,13866.0,4505.0,200.0,894662,OUTER_TURRET,BUILDING_KILL
0.0,TOWER_BUILDING,960331,7587642441,8.0,BOT_LANE,10504.0,1029.0,100.0,928509,OUTER_TURRET,BUILDING_KILL
0.0,TOWER_BUILDING,960331,7587642441,6.0,TOP_LANE,981.0,10441.0,100.0,953918,OUTER_TURRET,BUILDING_KILL
0.0,TOWER_BUILDING,1140363,7587642441,3.0,TOP_LANE,4318.0,13875.0,200.0,1094869,OUTER_TURRET,BUILDING_KILL
0.0,TOWER_BUILDING,1320436,7587642441,6.0,BOT_LANE,6919.0,1483.0,100.0,1309361,INNER_TURRET,BUILDING_KILL
0.0,TOWER_BUILDING,1380449,7587642441,0.0,MID_LANE,8955.0,8510.0,200.0,1331045,OUTER_TURRET,BUILDING_KILL
0.0,TOWER_BUILDING,1680551,7587642441,2.0,MID_LANE,9767.0,10113.0,200.0,1653740,INNER_TURRET,BUILDING_KILL
0.0,TOWER_BUILDING,1680551,7587642441,4.0,MID_LANE,11134.0,11207.0,200.0,1663539,BASE_TURRET,BUILDING_KILL
0.0,TOWER_BUILDING,1680551,7587642441,6.0,TOP_LANE,1512.0,6699.0,100.0,1664244,INNER_TURRET,BUILDING_KILL
0.0,INHIBITOR_BUILDING,1740562,7587642441,3.0,MID_LANE,11593.0,11669.0,200.0,1688068,,BUILDING_KILL
0.0,TOWER_BUILDING,1740562,7587642441,1.0,MID_LANE,13052.0,12612.0,200.0,1708135,NEXUS_TURRET,BUILDING_KILL
0.0,TOWER_BUILDING,1740562,7587642441,3.0,BOT_LANE,13327.0,8226.0,200.0,1726831,INNER_TURRET,BUILDING_KILL
0.0,TOWER_BUILDING,1874080,7587642441,2.0,MID_LANE,12611.0,13084.0,200.0,1860855,NEXUS_TURRET,BUILDING_KILL
0.0,TOWER_BUILDING,720276,7587437699,4.0,BOT_LANE,13866.0,4505.0,200.0,660607,OUTER_TURRET,BUILDING_KILL
0.0,TOWER_BUILDING,900308,7587437699,8.0,TOP_LANE,981.0,10441.0,100.0,899026,OUTER_TURRET,BUILDING_KILL
0.0,TOWER_BUILDING,900327,7586575431,6.0,TOP_LANE,981.0,10441.0,100.0,855353,OUTER_TURRET,BUILDING_KILL
0.0,TOWER_BUILDING,900327,7586575431,8.0,BOT_LANE,10504.0,1029.0,100.0,868691,OUTER_TURRET,BUILDING_KILL
0.0,TOWER_BUILDING,720253,7587253533,6.0,TOP_LANE,981.0,10441.0,100.0,711121,OUTER_TURRET,BUILDING_KILL
0.0,TOWER_BUILDING,900327,7587253533,3.0,BOT_LANE,13866.0,4505.0,200.0,852294,OUTER_TURRET,BUILDING_KILL
0.0,TOWER_BUILDING,900327,7587253533,9.0,MID_LANE,5846.0,6396.0,100.0,885314,OUTER_TURRET,BUILDING_KILL
0.0,TOWER_BUILDING,1140394,7587253533,8.0,BOT_LANE,10504.0,1029.0,100.0,1098674,OUTER_TURRET,BUILDING_KILL
0.0,TOWER_BUILDING,1140394,7587253533,4.0,MID_LANE,8955.0,8510.0,200.0,1119013,OUTER_TURRET,BUILDING_KILL
0.0,TOWER_BUILDING,1260423,7587253533,8.0,TOP_LANE,1512.0,6699.0,100.0,1215672,INNER_TURRET,BUILDING_KILL
0.0,TOWER_BUILDING,1380471,7587253533,4.0,MID_LANE,9767.0,10113.0,200.0,1362911,INNER_TURRET,BUILDING_KILL
0.0,TOWER_BUILDING,1380471,7587253533,1.0,BOT_LANE,13327.0,8226.0,200.0,1363779,INNER_TURRET,BUILDING_KILL
0.0,TOWER_BUILDING,1500508,7587253533,7.0,BOT_LANE,6919.0,1483.0,100.0,1473027,INNER_TURRET,BUILDING_KILL
0.0,TOWER_BUILDING,1500508,7587253533,9.0,MID_LANE,5048.0,4812.0,100.0,1475298,INNER_TURRET,BUILDING_KILL
0.0,TOWER_BUILDING,1620557,7587253533,0.0,TOP_LANE,1169.0,4287.0,100.0,1575275,BASE_TURRET,BUILDING_KILL
0.0,INHIBITOR_BUILDING,1620557,7587253533,7.0,TOP_LANE,1172.0,3583.0,100.0,1602177,,BUILDING_KILL
0.0,TOWER_BUILDING,1620557,7587253533,6.0,MID_LANE,3651.0,3696.0,100.0,1604147,BASE_TURRET,BUILDING_KILL
0.0,INHIBITOR_BUILDING,1620557,7587253533,7.0,MID_LANE,3210.0,3217.0,100.0,1611629,,BUILDING_KILL
0.0,TOWER_BUILDING,1680560,7587253533,1.0,TOP_LANE,4318.0,13875.0,200.0,1675999,OUTER_TURRET,BUILDING_KILL
0.0,TOWER_BUILDING,1740589,7587253533,9.0,BOT_LANE,4281.0,1253.0,100.0,1697966,BASE_TURRET,BUILDING_KILL
0.0,INHIBITOR_BUILDING,1740589,7587253533,7.0,BOT_LANE,3468.0,1230.0,100.0,1702159,,BUILDING_KILL
0.0,TOWER_BUILDING,1740589,7587253533,9.0,MID_LANE,2177.0,1807.0,100.0,1710950,NEXUS_TURRET,BUILDING_KILL
0.0,TOWER_BUILDING,1852705,7587253533,0.0,MID_LANE,1748.0,2270.0,100.0,1836759,NEXUS_TURRET,BUILDING_KILL
0.0,TOWER_BUILDING,840313,7586561433,1.0,TOP_LANE,4318.0,13875.0,200.0,804096,OUTER_TURRET,BUILDING_KILL
0.0,TOWER_BUILDING,1020376,7586561433,0.0,BOT_LANE,10504.0,1029.0,100.0,985496,OUTER_TURRET,BUILDING_KILL
0.0,TOWER_BUILDING,1080406,7586561433,4.0,BOT_LANE,13866.0,4505.0,200.0,1022112,OUTER_TURRET,BUILDING_KILL
0.0,TOWER_BUILDING,1320463,7586561433,6.0,TOP_LANE,981.0,10441.0,100.0,1281339,OUTER_TURRET,BUILDING_KILL
0.0,TOWER_BUILDING,1320463,7586561433,0.0,MID_LANE,5846.0,6396.0,100.0,1300413,OUTER_TURRET,BUILDING_KILL
0.0,TOWER_BUILDING,1440526,7586561433,6.0,BOT_LANE,6919.0,1483.0,100.0,1430049,INNER_TURRET,BUILDING_KILL
0.0,TOWER_BUILDING,1494718,7586561433,4.0,MID_LANE,8955.0,8510.0,200.0,1447425,OUTER_TURRET,BUILDING_KILL
0.0,TOWER_BUILDING,1494718,7586561433,4.0,MID_LANE,9767.0,10113.0,200.0,1459158,INNER_TURRET,BUILDING_KILL
0.0,TOWER_BUILDING,900326,7586032079,9.0,BOT_LANE,10504.0,1029.0,100.0,869836,OUTER_TURRET,BUILDING_KILL
0.0,TOWER_BUILDING,900326,7586032079,1.0,TOP_LANE,4318.0,13875.0,200.0,875317,OUTER_TURRET,BUILDING_KILL
0.0,TOWER_BUILDING,1500508,7586032079,1.0,BOT_LANE,13866.0,4505.0,200.0,1488259,OUTER_TURRET,BUILDING_KILL
0.0,TOWER_BUILDING,1560522,7586032079,1.0,BOT_LANE,13327.0,8226.0,200.0,1514732,INNER_TURRET,BUILDING_KILL
0.0,TOWER_BUILDING,1560522,7586032079,1.0,BOT_LANE,13624.0,10572.0,200.0,1537206,BASE_TURRET,BUILDING_KILL
0.0,TOWER_BUILDING,1560522,7586032079,4.0,MID_LANE,8955.0,8510.0,200.0,1537340,OUTER_TURRET,BUILDING_KILL
0.0,TOWER_BUILDING,1665667,7586032079,1.0,MID_LANE,9767.0,10113.0,200.0,1635063,INNER_TURRET,BUILDING_KILL
0.0,INHIBITOR_BUILDING,1665667,7586032079,3.0,BOT_LANE,13594.0,11319.0,200.0,1646410,,BUILDING_KILL
0.0,TOWER_BUILDING,1665667,7586032079,4.0,MID_LANE,11134.0,11207.0,200.0,1647546,BASE_TURRET,BUILDING_KILL
0.0,INHIBITOR_BUILDING,1665667,7586032079,1.0,MID_LANE,11593.0,11669.0,200.0,1651220,,BUILDING_KILL
0.0,TOWER_BUILDING,1665667,7586032079,1.0,MID_LANE,13052.0,12612.0,200.0,1654560,NEXUS_TURRET,BUILDING_KILL
0.0,TOWER_BUILDING,1665667,7586032079,1.0,MID_LANE,12611.0,13084.0,200.0,1657332,NEXUS_TURRET,BUILDING_KILL
0.0,TOWER_BUILDING,900348,7587414503,9.0,BOT_LANE,10504.0,1029.0,100.0,875052,OUTER_TURRET,BUILDING_KILL
0.0,TOWER_BUILDING,960350,7587414503,1.0,TOP_LANE,4318.0,13875.0,200.0,922158,OUTER_TURRET,BUILDING_KILL
0.0,TOWER_BUILDING,1140400,7587414503,0.0,BOT_LANE,13866.0,4505.0,200.0,1110532,OUTER_TURRET,BUILDING_KILL
0.0,TOWER_BUILDING,1200404,7587414503,6.0,TOP_LANE,981.0,10441.0,100.0,1189748,OUTER_TURRET,BUILDING_KILL
0.0,TOWER_BUILDING,1260414,7587414503,9.0,MID_LANE,5846.0,6396.0,100.0,1207250,OUTER_TURRET,BUILDING_KILL
0.0,TOWER_BUILDING,1440440,7587414503,7.0,MID_LANE,5048.0,4812.0,100.0,1402187,INNER_TURRET,BUILDING_KILL
400.0,TOWER_BUILDING,1440440,7587414503,1.0,TOP_LANE,7943.0,13411.0,200.0,1430350,INNER_TURRET,BUILDING_KILL
320.0,TOWER_BUILDING,1500449,7587414503,1.0,TOP_LANE,10481.0,13650.0,200.0,1449590,BASE_TURRET,BUILDING_KILL
0.0,TOWER_BUILDING,1500449,7587414503,8.0,BOT_LANE,6919.0,1483.0,100.0,1464725,INNER_TURRET,BUILDING_KILL
0.0,INHIBITOR_BUILDING,1500449,7587414503,1.0,TOP_LANE,11275.0,13663.0,200.0,1468698,,BUILDING_KILL
0.0,TOWER_BUILDING,900341,7586165412,6.0,TOP_LANE,981.0,10441.0,100.0,873533,OUTER_TURRET,BUILDING_KILL
0.0,TOWER_BUILDING,1020383,7586165412,3.0,BOT_LANE,13866.0,4505.0,200.0,980440,OUTER_TURRET,BUILDING_KILL
0.0,TOWER_BUILDING,1080393,7586165412,8.0,MID_LANE,5846.0,6396.0,100.0,1028767,OUTER_TURRET,BUILDING_KILL
0.0,TOWER_BUILDING,1080393,7586165412,6.0,BOT_LANE,10504.0,1029.0,100.0,1045053,OUTER_TURRET,BUILDING_KILL
0.0,TOWER_BUILDING,1080393,7586165412,9.0,BOT_LANE,6919.0,1483.0,100.0,1062488,INNER_TURRET,BUILDING_KILL
0.0,TOWER_BUILDING,1140410,7586165412,0.0,BOT_LANE,4281.0,1253.0,100.0,1127594,BASE_TURRET,BUILDING_KILL
0.0,TOWER_BUILDING,1260449,7586165412,7.0,MID_LANE,5048.0,4812.0,100.0,1211225,INNER_TURRET,BUILDING_KILL
0.0,TOWER_BUILDING,720239,7587370773,6.0,TOP_LANE,981.0,10441.0,100.0,686159,OUTER_TURRET,BUILDING_KILL
0.0,TOWER_BUILDING,960346,7587370773,4.0,BOT_LANE,13866.0,4505.0,200.0,946728,OUTER_TURRET,BUILDING_KILL
0.0,TOWER_BUILDING,1020349,7587370773,6.0,TOP_LANE,1512.0,6699.0,100.0,973765,INNER_TURRET,BUILDING_KILL
0.0,TOWER_BUILDING,1080376,7587370773,6.0,BOT_LANE,10504.0,1029.0,100.0,1050702,OUTER_TURRET,BUILDING_KILL
0.0,TOWER_BUILDING,1080376,7587370773,4.0,MID_LANE,8955.0,8510.0,200.0,1057849,OUTER_TURRET,BUILDING_KILL
0.0,TOWER_BUILDING,1140405,7587370773,10.0,MID_LANE,5846.0,6396.0,100.0,1089443,OUTER_TURRET,BUILDING_KILL
0.0,TOWER_BUILDING,1380497,7587370773,3.0,TOP_LANE,4318.0,13875.0,200.0,1335838,OUTER_TURRET,BUILDING_KILL
0.0,TOWER_BUILDING,1500527,7587370773,2.0,TOP_LANE,7943.0,13411.0,200.0,1462846,INNER_TURRET,BUILDING_KILL
0.0,TOWER_BUILDING,1560528,7587370773,9.0,MID_LANE,5048.0,4812.0,100.0,1507507,INNER_TURRET,BUILDING_KILL
0.0,TOWER_BUILDING,1740575,7587370773,6.0,MID_LANE,3651.0,3696.0,100.0,1696451,BASE_TURRET,BUILDING_KILL
0.0,TOWER_BUILDING,1740575,7587370773,9.0,BOT_LANE,6919.0,1483.0,100.0,1705822,INNER_TURRET,BUILDING_KILL
0.0,TOWER_BUILDING,1740575,7587370773,9.0,BOT_LANE,4281.0,1253.0,100.0,1717322,BASE_TURRET,BUILDING_KILL
0.0,INHIBITOR_BUILDING,1740575,7587370773,9.0,BOT_LANE,3468.0,1230.0,100.0,1723749,,BUILDING_KILL
0.0,INHIBITOR_BUILDING,1740575,7587370773,0.0,MID_LANE,3210.0,3217.0,100.0,1740374,,BUILDING_KILL
0.0,TOWER_BUILDING,1800591,7587370773,6.0,MID_LANE,2177.0,1807.0,100.0,1746353,NEXUS_TURRET,BUILDING_KILL
0.0,TOWER_BUILDING,1800591,7587370773,0.0,MID_LANE,1748.0,2270.0,100.0,1774866,NEXUS_TURRET,BUILDING_KILL
0.0,TOWER_BUILDING,660228,7587456857,7.0,BOT_LANE,10504.0,1029.0,100.0,641669,OUTER_TURRET,BUILDING_KILL
0.0,TOWER_BUILDING,900266,7587456857,9.0,MID_LANE,5846.0,6396.0,100.0,890068,OUTER_TURRET,BUILDING_KILL
0.0,TOWER_BUILDING,1020273,7587456857,3.0,TOP_LANE,4318.0,13875.0,200.0,1012061,OUTER_TURRET,BUILDING_KILL
0.0,TOWER_BUILDING,1200324,7587456857,1.0,BOT_LANE,13866.0,4505.0,200.0,1194098,OUTER_TURRET,BUILDING_KILL
0.0,TOWER_BUILDING,1260354,7587456857,2.0,MID_LANE,8955.0,8510.0,200.0,1233065,OUTER_TURRET,BUILDING_KILL
0.0,TOWER_BUILDING,1260354,7587456857,3.0,MID_LANE,9767.0,10113.0,200.0,1256795,INNER_TURRET,BUILDING_KILL
0.0,TOWER_BUILDING,1380379,7587456857,8.0,TOP_LANE,981.0,10441.0,100.0,1371263,OUTER_TURRET,BUILDING_KILL
0.0,TOWER_BUILDING,1620436,7587456857,8.0,MID_LANE,5048.0,4812.0,100.0,1568276,INNER_TURRET,BUILDING_KILL
0.0,TOWER_BUILDING,1800512,7587456857,4.0,BOT_LANE,13327.0,8226.0,200.0,1765356,INNER_TURRET,BUILDING_KILL
0.0,TOWER_BUILDING,1800512,7587456857,6.0,TOP_LANE,1512.0,6699.0,100.0,1771402,INNER_TURRET,BUILDING_KILL
0.0,TOWER_BUILDING,1899624,7587456857,7.0,MID_LANE,3651.0,3696.0,100.0,1870936,BASE_TURRET,BUILDING_KILL
0.0,INHIBITOR_BUILDING,1899624,7587456857,9.0,MID_LANE,3210.0,3217.0,100.0,1876213,,BUILDING_KILL
0.0,TOWER_BUILDING,1899624,7587456857,7.0,MID_LANE,1748.0,2270.0,100.0,1888051,NEXUS_TURRET,BUILDING_KILL
0.0,TOWER_BUILDING,1899624,7587456857,9.0,MID_LANE,2177.0,1807.0,100.0,1888384,NEXUS_TURRET,BUILDING_KILL
0.0,TOWER_BUILDING,900343,7587621677,2.0,BOT_LANE,13866.0,4505.0,200.0,841957,OUTER_TURRET,BUILDING_KILL
0.0,TOWER_BUILDING,1020392,7587621677,5.0,MID_LANE,8955.0,8510.0,200.0,974542,OUTER_TURRET,BUILDING_KILL
0.0,TOWER_BUILDING,1020392,7587621677,8.0,BOT_LANE,10504.0,1029.0,100.0,983470,OUTER_TURRET,BUILDING_KILL
0.0,TOWER_BUILDING,1080393,7587621677,3.0,MID_LANE,9767.0,10113.0,200.0,1041042,INNER_TURRET,BUILDING_KILL
0.0,TOWER_BUILDING,1140414,7587621677,8.0,TOP_LANE,981.0,10441.0,100.0,1132801,OUTER_TURRET,BUILDING_KILL
0.0,TOWER_BUILDING,1500535,7587621677,4.0,TOP_LANE,4318.0,13875.0,200.0,1486533,OUTER_TURRET,BUILDING_KILL
0.0,TOWER_BUILDING,1860654,7587621677,8.0,MID_LANE,5846.0,6396.0,100.0,1838907,OUTER_TURRET,BUILDING_KILL
0.0,TOWER_BUILDING,2040691,7587621677,8.0,BOT_LANE,6919.0,1483.0,100.0,2021925,INNER_TURRET,BUILDING_KILL
0.0,TOWER_BUILDING,2100696,7587621677,0.0,BOT_LANE,4281.0,1253.0,100.0,2052262,BASE_TURRET,BUILDING_KILL
0.0,TOWER_BUILDING,2220752,7587621677,6.0,TOP_LANE,1512.0,6699.0,100.0,2181401,INNER_TURRET,BUILDING_KILL
0.0,TOWER_BUILDING,2220752,7587621677,4.0,BOT_LANE,13327.0,8226.0,200.0,2207446,INNER_TURRET,BUILDING_KILL
0.0,TOWER_BUILDING,2340786,7587621677,6.0,TOP_LANE,1169.0,4287.0,100.0,2286197,BASE_TURRET,BUILDING_KILL
0.0,INHIBITOR_BUILDING,2340786,7587621677,6.0,TOP_LANE,1172.0,3583.0,100.0,2295270,,BUILDING_KILL
0.0,TOWER_BUILDING,2580831,7587621677,9.0,MID_LANE,5048.0,4812.0,100.0,2554885,INNER_TURRET,BUILDING_KILL
0.0,TOWER_BUILDING,2580831,7587621677,9.0,MID_LANE,3651.0,3696.0,100.0,2560454,BASE_TURRET,BUILDING_KILL
0.0,INHIBITOR_BUILDING,2580831,7587621677,9.0,MID_LANE,3210.0,3217.0,100.0,2564896,,BUILDING_KILL
0.0,INHIBITOR_BUILDING,2580831,7587621677,6.0,BOT_LANE,3468.0,1230.0,100.0,2577141,,BUILDING_KILL
0.0,TOWER_BUILDING,2636999,7587621677,6.0,MID_LANE,1748.0,2270.0,100.0,2629058,NEXUS_TURRET,BUILDING_KILL
0.0,TOWER_BUILDING,2636999,7587621677,10.0,MID_LANE,2177.0,1807.0,100.0,2629860,NEXUS_TURRET,BUILDING_KILL
0.0,TOWER_BUILDING,900305,7587408071,2.0,TOP_LANE,4318.0,13875.0,200.0,840534,OUTER_TURRET,BUILDING_KILL
0.0,TOWER_BUILDING,900305,7587408071,8.0,BOT_LANE,10504.0,1029.0,100.0,847198,OUTER_TURRET,BUILDING_KILL
0.0,TOWER_BUILDING,960316,7587408071,8.0,MID_LANE,5846.0,6396.0,100.0,908622,OUTER_TURRET,BUILDING_KILL
0.0,TOWER_BUILDING,960316,7587408071,1.0,MID_LANE,8955.0,8510.0,200.0,950296,OUTER_TURRET,BUILDING_KILL
0.0,TOWER_BUILDING,1200379,7587408071,1.0,BOT_LANE,13866.0,4505.0,200.0,1198208,OUTER_TURRET,BUILDING_KILL
0.0,TOWER_BUILDING,1260408,7587408071,2.0,BOT_LANE,13327.0,8226.0,200.0,1216188,INNER_TURRET,BUILDING_KILL
0.0,TOWER_BUILDING,1380443,7587408071,6.0,TOP_LANE,981.0,10441.0,100.0,1345512,OUTER_TURRET,BUILDING_KILL
0.0,TOWER_BUILDING,1440472,7587408071,1.0,TOP_LANE,7943.0,13411.0,200.0,1417130,INNER_TURRET,BUILDING_KILL
0.0,TOWER_BUILDING,1440472,7587408071,3.0,MID_LANE,9767.0,10113.0,200.0,1421238,INNER_TURRET,BUILDING_KILL
0.0,TOWER_BUILDING,1440472,7587408071,1.0,TOP_LANE,10481.0,13650.0,200.0,1434260,BASE_TURRET,BUILDING_KILL
0.0,TOWER_BUILDING,1500485,7587408071,3.0,MID_LANE,11134.0,11207.0,200.0,1441407,BASE_TURRET,BUILDING_KILL
0.0,INHIBITOR_BUILDING,1601972,7587408071,4.0,MID_LANE,11593.0,11669.0,200.0,1584162,,BUILDING_KILL
0.0,TOWER_BUILDING,1601972,7587408071,1.0,MID_LANE,13052.0,12612.0,200.0,1591330,NEXUS_TURRET,BUILDING_KILL
0.0,TOWER_BUILDING,1601972,7587408071,4.0,MID_LANE,12611.0,13084.0,200.0,1594107,NEXUS_TURRET,BUILDING_KILL
0.0,TOWER_BUILDING,780256,7587105702,1.0,TOP_LANE,4318.0,13875.0,200.0,753735,OUTER_TURRET,BUILDING_KILL
0.0,TOWER_BUILDING,900312,7587105702,10.0,MID_LANE,5846.0,6396.0,100.0,852620,OUTER_TURRET,BUILDING_KILL
0.0,TOWER_BUILDING,960333,7587105702,4.0,BOT_LANE,13866.0,4505.0,200.0,903218,OUTER_TURRET,BUILDING_KILL
0.0,TOWER_BUILDING,960333,7587105702,1.0,TOP_LANE,7943.0,13411.0,200.0,937856,INNER_TURRET,BUILDING_KILL
0.0,TOWER_BUILDING,1080382,7587105702,10.0,BOT_LANE,10504.0,1029.0,100.0,1028382,OUTER_TURRET,BUILDING_KILL
0.0,TOWER_BUILDING,1200440,7587105702,4.0,MID_LANE,8955.0,8510.0,200.0,1169894,OUTER_TURRET,BUILDING_KILL
0.0,TOWER_BUILDING,1260470,7587105702,3.0,TOP_LANE,10481.0,13650.0,200.0,1232524,BASE_TURRET,BUILDING_KILL
0.0,TOWER_BUILDING,1320485,7587105702,1.0,BOT_LANE,13327.0,8226.0,200.0,1266716,INNER_TURRET,BUILDING_KILL
0.0,TOWER_BUILDING,900381,7587540885,4.0,BOT_LANE,13866.0,4505.0,200.0,843329,OUTER_TURRET,BUILDING_KILL
0.0,TOWER_BUILDING,935390,7587540885,3.0,TOP_LANE,4318.0,13875.0,200.0,924836,OUTER_TURRET,BUILDING_KILL
0.0,TOWER_BUILDING,780245,7587096763,6.0,TOP_LANE,981.0,10441.0,100.0,749019,OUTER_TURRET,BUILDING_KILL
0.0,TOWER_BUILDING,780245,7587096763,6.0,TOP_LANE,1512.0,6699.0,100.0,778447,INNER_TURRET,BUILDING_KILL
0.0,TOWER_BUILDING,900284,7587096763,9.0,MID_LANE,5846.0,6396.0,100.0,877704,OUTER_TURRET,BUILDING_KILL
0.0,TOWER_BUILDING,900284,7587096763,7.0,BOT_LANE,10504.0,1029.0,100.0,890818,OUTER_TURRET,BUILDING_KILL
0.0,TOWER_BUILDING,900349,7587515881,4.0,BOT_LANE,13866.0,4505.0,200.0,890589,OUTER_TURRET,BUILDING_KILL
0.0,TOWER_BUILDING,960360,7587515881,8.0,TOP_LANE,981.0,10441.0,100.0,903422,OUTER_TURRET,BUILDING_KILL
0.0,TOWER_BUILDING,1080378,7587515881,1.0,MID_LANE,8955.0,8510.0,200.0,1035089,OUTER_TURRET,BUILDING_KILL
0.0,TOWER_BUILDING,1080378,7587515881,3.0,TOP_LANE,4318.0,13875.0,200.0,1051106,OUTER_TURRET,BUILDING_KILL
0.0,TOWER_BUILDING,1260467,7587515881,6.0,BOT_LANE,10504.0,1029.0,100.0,1248359,OUTER_TURRET,BUILDING_KILL
0.0,TOWER_BUILDING,1260467,7587515881,0.0,MID_LANE,9767.0,10113.0,200.0,1248960,INNER_TURRET,BUILDING_KILL
0.0,TOWER_BUILDING,1320477,7587515881,6.0,BOT_LANE,6919.0,1483.0,100.0,1272000,INNER_TURRET,BUILDING_KILL
0.0,TOWER_BUILDING,1500536,7587515881,6.0,TOP_LANE,1512.0,6699.0,100.0,1447432,INNER_TURRET,BUILDING_KILL
0.0,TOWER_BUILDING,1620570,7587515881,8.0,MID_LANE,5846.0,6396.0,100.0,1566268,OUTER_TURRET,BUILDING_KILL
0.0,TOWER_BUILDING,1620570,7587515881,6.0,MID_LANE,5048.0,4812.0,100.0,1611388,INNER_TURRET,BUILDING_KILL
0.0,TOWER_BUILDING,1800605,7587515881,6.0,BOT_LANE,4281.0,1253.0,100.0,1767378,BASE_TURRET,BUILDING_KILL
0.0,INHIBITOR_BUILDING,1800605,7587515881,6.0,BOT_LANE,3468.0,1230.0,100.0,1772945,,BUILDING_KILL
0.0,TOWER_BUILDING,1980629,7587515881,3.0,BOT_LANE,13327.0,8226.0,200.0,1928685,INNER_TURRET,BUILDING_KILL
0.0,TOWER_BUILDING,1980629,7587515881,1.0,BOT_LANE,13624.0,10572.0,200.0,1955394,BASE_TURRET,BUILDING_KILL
0.0,INHIBITOR_BUILDING,1980629,7587515881,3.0,BOT_LANE,13594.0,11319.0,200.0,1970230,,BUILDING_KILL
0.0,TOWER_BUILDING,1980629,7587515881,4.0,MID_LANE,13052.0,12612.0,200.0,1976924,NEXUS_TURRET,BUILDING_KILL
0.0,TOWER_BUILDING,1991283,7587515881,3.0,MID_LANE,12611.0,13084.0,200.0,1983267,NEXUS_TURRET,BUILDING_KILL
0.0,TOWER_BUILDING,660191,7587509568,9.0,BOT_LANE,10504.0,1029.0,100.0,655896,OUTER_TURRET,BUILDING_KILL
0.0,TOWER_BUILDING,1020302,7587509568,8.0,TOP_LANE,981.0,10441.0,100.0,990049,OUTER_TURRET,BUILDING_KILL
0.0,TOWER_BUILDING,1080321,7587509568,1.0,TOP_LANE,4318.0,13875.0,200.0,1038886,OUTER_TURRET,BUILDING_KILL
0.0,TOWER_BUILDING,1140332,7587509568,1.0,BOT_LANE,13866.0,4505.0,200.0,1128227,OUTER_TURRET,BUILDING_KILL
0.0,TOWER_BUILDING,1320403,7587509568,8.0,MID_LANE,5846.0,6396.0,100.0,1263430,OUTER_TURRET,BUILDING_KILL
0.0,TOWER_BUILDING,1440413,7587509568,3.0,BOT_LANE,13327.0,8226.0,200.0,1425984,INNER_TURRET,BUILDING_KILL
0.0,TOWER_BUILDING,1680485,7587509568,6.0,MID_LANE,5048.0,4812.0,100.0,1667987,INNER_TURRET,BUILDING_KILL
0.0,TOWER_BUILDING,1706356,7587509568,7.0,MID_LANE,3651.0,3696.0,100.0,1682691,BASE_TURRET,BUILDING_KILL
0.0,INHIBITOR_BUILDING,1706356,7587509568,10.0,MID_LANE,3210.0,3217.0,100.0,1686173,,BUILDING_KILL
0.0,TOWER_BUILDING,1706356,7587509568,7.0,MID_LANE,1748.0,2270.0,100.0,1695057,NEXUS_TURRET,BUILDING_KILL
0.0,TOWER_BUILDING,1706356,7587509568,9.0,MID_LANE,2177.0,1807.0,100.0,1697161,NEXUS_TURRET,BUILDING_KILL
0.0,TOWER_BUILDING,720257,7586885054,1.0,TOP_LANE,4318.0,13875.0,200.0,680888,OUTER_TURRET,BUILDING_KILL
0.0,TOWER_BUILDING,900327,7586885054,3.0,BOT_LANE,13866.0,4505.0,200.0,843350,OUTER_TURRET,BUILDING_KILL
0.0,TOWER_BUILDING,900327,7586885054,4.0,MID_LANE,8955.0,8510.0,200.0,852268,OUTER_TURRET,BUILDING_KILL
0.0,TOWER_BUILDING,720243,7585702634,4.0,BOT_LANE,13866.0,4505.0,200.0,716569,OUTER_TURRET,BUILDING_KILL
0.0,TOWER_BUILDING,900298,7585702634,1.0,TOP_LANE,4318.0,13875.0,200.0,875313,OUTER_TURRET,BUILDING_KILL
0.0,TOWER_BUILDING,1020327,7585702634,3.0,MID_LANE,8955.0,8510.0,200.0,1008450,OUTER_TURRET,BUILDING_KILL
0.0,TOWER_BUILDING,1080328,7585702634,6.0,TOP_LANE,981.0,10441.0,100.0,1045630,OUTER_TURRET,BUILDING_KILL
0.0,TOWER_BUILDING,1200350,7585702634,8.0,BOT_LANE,10504.0,1029.0,100.0,1158748,OUTER_TURRET,BUILDING_KILL
0.0,TOWER_BUILDING,1200350,7585702634,1.0,MID_LANE,9767.0,10113.0,200.0,1162888,INNER_TURRET,BUILDING_KILL
0.0,TOWER_BUILDING,1260370,7585702634,2.0,TOP_LANE,7943.0,13411.0,200.0,1254382,INNER_TURRET,BUILDING_KILL
0.0,TOWER_BUILDING,1500415,7585702634,1.0,MID_LANE,11134.0,11207.0,200.0,1474924,BASE_TURRET,BUILDING_KILL
0.0,INHIBITOR_BUILDING,1500415,7585702634,2.0,MID_LANE,11593.0,11669.0,200.0,1482354,,BUILDING_KILL
0.0,TOWER_BUILDING,1500415,7585702634,2.0,TOP_LANE,10481.0,13650.0,200.0,1493391,BASE_TURRET,BUILDING_KILL
400.0,TOWER_BUILDING,1620460,7585702634,6.0,BOT_LANE,6919.0,1483.0,100.0,1580420,INNER_TURRET,BUILDING_KILL
0.0,TOWER_BUILDING,1680486,7585702634,1.0,BOT_LANE,13327.0,8226.0,200.0,1632302,INNER_TURRET,BUILDING_KILL
250.0,TOWER_BUILDING,1680486,7585702634,7.0,MID_LANE,5846.0,6396.0,100.0,1648773,OUTER_TURRET,BUILDING_KILL
0.0,TOWER_BUILDING,1680486,7585702634,4.0,BOT_LANE,13624.0,10572.0,200.0,1649542,BASE_TURRET,BUILDING_KILL
0.0,INHIBITOR_BUILDING,1680486,7585702634,4.0,BOT_LANE,13594.0,11319.0,200.0,1654467,,BUILDING_KILL
400.0,TOWER_BUILDING,1680486,7585702634,7.0,MID_LANE,5048.0,4812.0,100.0,1660112,INNER_TURRET,BUILDING_KILL
0.0,TOWER_BUILDING,1680486,7585702634,4.0,MID_LANE,13052.0,12612.0,200.0,1662596,NEXUS_TURRET,BUILDING_KILL
0.0,TOWER_BUILDING,1680486,7585702634,2.0,MID_LANE,12611.0,13084.0,200.0,1672250,NEXUS_TURRET,BUILDING_KILL
0.0,TOWER_BUILDING,840376,7586243099,9.0,BOT_LANE,10504.0,1029.0,100.0,798844,OUTER_TURRET,BUILDING_KILL
0.0,TOWER_BUILDING,840376,7586243099,1.0,TOP_LANE,4318.0,13875.0,200.0,830552,OUTER_TURRET,BUILDING_KILL
0.0,TOWER_BUILDING,1140421,7586243099,1.0,BOT_LANE,13866.0,4505.0,200.0,1100821,OUTER_TURRET,BUILDING_KILL
0.0,TOWER_BUILDING,1140421,7586243099,3.0,MID_LANE,8955.0,8510.0,200.0,1123358,OUTER_TURRET,BUILDING_KILL
0.0,TOWER_BUILDING,780347,7586122777,9.0,BOT_LANE,10504.0,1029.0,100.0,770766,OUTER_TURRET,BUILDING_KILL
0.0,TOWER_BUILDING,840370,7586122777,2.0,TOP_LANE,4318.0,13875.0,200.0,840270,OUTER_TURRET,BUILDING_KILL
0.0,TOWER_BUILDING,1020437,7586122777,2.0,BOT_LANE,13866.0,4505.0,200.0,1020304,OUTER_TURRET,BUILDING_KILL
0.0,TOWER_BUILDING,1200493,7586122777,3.0,MID_LANE,8955.0,8510.0,200.0,1156712,OUTER_TURRET,BUILDING_KILL
0.0,TOWER_BUILDING,1320528,7586122777,9.0,MID_LANE,5846.0,6396.0,100.0,1306883,OUTER_TURRET,BUILDING_KILL
0.0,TOWER_BUILDING,1380553,7586122777,6.0,TOP_LANE,981.0,10441.0,100.0,1341686,OUTER_TURRET,BUILDING_KILL
0.0,TOWER_BUILDING,1440558,7586122777,4.0,MID_LANE,9767.0,10113.0,200.0,1425001,INNER_TURRET,BUILDING_KILL
0.0,TOWER_BUILDING,1560580,7586122777,1.0,MID_LANE,11134.0,11207.0,200.0,1546653,BASE_TURRET,BUILDING_KILL
0.0,INHIBITOR_BUILDING,1560580,7586122777,1.0,MID_LANE,11593.0,11669.0,200.0,1551128,,BUILDING_KILL
0.0,TOWER_BUILDING,1560580,7586122777,4.0,MID_LANE,13052.0,12612.0,200.0,1560447,NEXUS_TURRET,BUILDING_KILL
0.0,TOWER_BUILDING,1574317,7586122777,1.0,MID_LANE,12611.0,13084.0,200.0,1565717,NEXUS_TURRET,BUILDING_KILL
0.0,TOWER_BUILDING,840254,7587133598,1.0,TOP_LANE,4318.0,13875.0,200.0,802992,OUTER_TURRET,BUILDING_KILL
0.0,TOWER_BUILDING,900284,7587133598,4.0,BOT_LANE,13866.0,4505.0,200.0,864320,OUTER_TURRET,BUILDING_KILL
0.0,TOWER_BUILDING,960299,7587133598,9.0,BOT_LANE,10504.0,1029.0,100.0,931157,OUTER_TURRET,BUILDING_KILL
0.0,TOWER_BUILDING,1020319,7587133598,2.0,MID_LANE,8955.0,8510.0,200.0,1015718,OUTER_TURRET,BUILDING_KILL
0.0,TOWER_BUILDING,1260388,7587133598,8.0,BOT_LANE,6919.0,1483.0,100.0,1232567,INNER_TURRET,BUILDING_KILL
0.0,TOWER_BUILDING,1260388,7587133598,8.0,BOT_LANE,4281.0,1253.0,100.0,1255965,BASE_TURRET,BUILDING_KILL
0.0,INHIBITOR_BUILDING,1320389,7587133598,8.0,BOT_LANE,3468.0,1230.0,100.0,1271116,,BUILDING_KILL
0.0,TOWER_BUILDING,1320389,7587133598,9.0,MID_LANE,5846.0,6396.0,100.0,1279476,OUTER_TURRET,BUILDING_KILL
0.0,TOWER_BUILDING,1380391,7587133598,6.0,TOP_LANE,981.0,10441.0,100.0,1356248,OUTER_TURRET,BUILDING_KILL
0.0,TOWER_BUILDING,1560461,7587133598,0.0,MID_LANE,5048.0,4812.0,100.0,1547977,INNER_TURRET,BUILDING_KILL
0.0,INHIBITOR_BUILDING,1800528,7587133598,8.0,BOT_LANE,3468.0,1230.0,100.0,1786756,,BUILDING_KILL
0.0,TOWER_BUILDING,1800528,7587133598,6.0,MID_LANE,3651.0,3696.0,100.0,1791733,BASE_TURRET,BUILDING_KILL
0.0,INHIBITOR_BUILDING,1800528,7587133598,10.0,MID_LANE,3210.0,3217.0,100.0,1798358,,BUILDING_KILL
0.0,TOWER_BUILDING,1920549,7587133598,10.0,TOP_LANE,1512.0,6699.0,100.0,1866283,INNER_TURRET,BUILDING_KILL
0.0,TOWER_BUILDING,1920549,7587133598,8.0,TOP_LANE,1169.0,4287.0,100.0,1891000,BASE_TURRET,BUILDING_KILL
0.0,INHIBITOR_BUILDING,1920549,7587133598,10.0,TOP_LANE,1172.0,3583.0,100.0,1895509,,BUILDING_KILL
0.0,TOWER_BUILDING,1980575,7587133598,0.0,MID_LANE,2177.0,1807.0,100.0,1935337,NEXUS_TURRET,BUILDING_KILL
0.0,TOWER_BUILDING,2100590,7587133598,1.0,MID_LANE,9767.0,10113.0,200.0,2091415,INNER_TURRET,BUILDING_KILL
0.0,TOWER_BUILDING,2160598,7587133598,2.0,MID_LANE,11134.0,11207.0,200.0,2150978,BASE_TURRET,BUILDING_KILL
0.0,INHIBITOR_BUILDING,2160598,7587133598,1.0,MID_LANE,11593.0,11669.0,200.0,2154986,,BUILDING_KILL
0.0,TOWER_BUILDING,2191249,7587133598,1.0,MID_LANE,13052.0,12612.0,200.0,2179006,NEXUS_TURRET,BUILDING_KILL
0.0,TOWER_BUILDING,2191249,7587133598,1.0,MID_LANE,12611.0,13084.0,200.0,2183348,NEXUS_TURRET,BUILDING_KILL
0.0,TOWER_BUILDING,900345,7587457044,9.0,BOT_LANE,10504.0,1029.0,100.0,889568,OUTER_TURRET,BUILDING_KILL
0.0,TOWER_BUILDING,1020387,7587457044,7.0,MID_LANE,5846.0,6396.0,100.0,1007502,OUTER_TURRET,BUILDING_KILL
0.0,TOWER_BUILDING,1020387,7587457044,1.0,TOP_LANE,4318.0,13875.0,200.0,1012661,OUTER_TURRET,BUILDING_KILL
0.0,TOWER_BUILDING,1140434,7587457044,3.0,BOT_LANE,13866.0,4505.0,200.0,1109597,OUTER_TURRET,BUILDING_KILL
0.0,TOWER_BUILDING,1140434,7587457044,9.0,MID_LANE,5048.0,4812.0,100.0,1125930,INNER_TURRET,BUILDING_KILL
0.0,TOWER_BUILDING,1620523,7587457044,3.0,TOP_LANE,7943.0,13411.0,200.0,1587926,INNER_TURRET,BUILDING_KILL
0.0,TOWER_BUILDING,1800564,7587457044,9.0,TOP_LANE,981.0,10441.0,100.0,1773265,OUTER_TURRET,BUILDING_KILL
0.0,TOWER_BUILDING,1800564,7587457044,7.0,TOP_LANE,1512.0,6699.0,100.0,1794498,INNER_TURRET,BUILDING_KILL
0.0,TOWER_BUILDING,1980652,7587457044,9.0,MID_LANE,3651.0,3696.0,100.0,1965393,BASE_TURRET,BUILDING_KILL
0.0,INHIBITOR_BUILDING,1980652,7587457044,6.0,MID_LANE,3210.0,3217.0,100.0,1970471,,BUILDING_KILL
0.0,TOWER_BUILDING,2220723,7587457044,6.0,TOP_LANE,1169.0,4287.0,100.0,2164173,BASE_TURRET,BUILDING_KILL
0.0,INHIBITOR_BUILDING,2220723,7587457044,9.0,TOP_LANE,1172.0,3583.0,100.0,2167118,,BUILDING_KILL
0.0,TOWER_BUILDING,2220723,7587457044,8.0,MID_LANE,1748.0,2270.0,100.0,2196734,NEXUS_TURRET,BUILDING_KILL
0.0,TOWER_BUILDING,2238963,7587457044,8.0,MID_LANE,2177.0,1807.0,100.0,2227536,NEXUS_TURRET,BUILDING_KILL
0.0,TOWER_BUILDING,1140441,7586755234,0.0,MID_LANE,5846.0,6396.0,100.0,1095145,OUTER_TURRET,BUILDING_KILL
0.0,TOWER_BUILDING,1140441,7586755234,6.0,BOT_LANE,10504.0,1029.0,100.0,1123339,OUTER_TURRET,BUILDING_KILL
0.0,TOWER_BUILDING,1200445,7586755234,8.0,TOP_LANE,981.0,10441.0,100.0,1173344,OUTER_TURRET,BUILDING_KILL
0.0,TOWER_BUILDING,1260463,7586755234,1.0,TOP_LANE,4318.0,13875.0,200.0,1228524,OUTER_TURRET,BUILDING_KILL
0.0,TOWER_BUILDING,1380495,7586755234,6.0,BOT_LANE,6919.0,1483.0,100.0,1356303,INNER_TURRET,BUILDING_KILL
0.0,TOWER_BUILDING,1380495,7586755234,3.0,MID_LANE,8955.0,8510.0,200.0,1364320,OUTER_TURRET,BUILDING_KILL
0.0,TOWER_BUILDING,1440522,7586755234,6.0,BOT_LANE,4281.0,1253.0,100.0,1385171,BASE_TURRET,BUILDING_KILL
0.0,TOWER_BUILDING,1500527,7586755234,10.0,TOP_LANE,1512.0,6699.0,100.0,1443962,INNER_TURRET,BUILDING_KILL
0.0,TOWER_BUILDING,1560529,7586755234,7.0,MID_LANE,5048.0,4812.0,100.0,1539192,INNER_TURRET,BUILDING_KILL
300.0,TOWER_BUILDING,1800623,7586755234,3.0,BOT_LANE,13866.0,4505.0,200.0,1766637,OUTER_TURRET,BUILDING_KILL
0.0,INHIBITOR_BUILDING,1800623,7586755234,9.0,BOT_LANE,3468.0,1230.0,100.0,1783546,,BUILDING_KILL
0.0,TOWER_BUILDING,1800623,7586755234,8.0,MID_LANE,3651.0,3696.0,100.0,1793132,BASE_TURRET,BUILDING_KILL
0.0,INHIBITOR_BUILDING,1800623,7586755234,9.0,MID_LANE,3210.0,3217.0,100.0,1797282,,BUILDING_KILL
0.0,TOWER_BUILDING,2040703,7586755234,10.0,MID_LANE,2177.0,1807.0,100.0,2016947,NEXUS_TURRET,BUILDING_KILL
0.0,TOWER_BUILDING,2040703,7586755234,10.0,MID_LANE,1748.0,2270.0,100.0,2031918,NEXUS_TURRET,BUILDING_KILL
0.0,INHIBITOR_BUILDING,2131646,7586755234,0.0,BOT_LANE,3468.0,1230.0,100.0,2104965,,BUILDING_KILL
0.0,INHIBITOR_BUILDING,2131646,7586755234,8.0,MID_LANE,3210.0,3217.0,100.0,2116401,,BUILDING_KILL
0.0,TOWER_BUILDING,1020446,7585831411,5.0,BOT_LANE,13866.0,4505.0,200.0,963513,OUTER_TURRET,BUILDING_KILL
0.0,TOWER_BUILDING,1020446,7585831411,9.0,MID_LANE,5846.0,6396.0,100.0,975913,OUTER_TURRET,BUILDING_KILL
0.0,TOWER_BUILDING,1020446,7585831411,8.0,TOP_LANE,981.0,10441.0,100.0,976948,OUTER_TURRET,BUILDING_KILL
0.0,TOWER_BUILDING,1140455,7585831411,8.0,BOT_LANE,10504.0,1029.0,100.0,1125264,OUTER_TURRET,BUILDING_KILL
0.0,TOWER_BUILDING,1320487,7585831411,1.0,TOP_LANE,4318.0,13875.0,200.0,1267322,OUTER_TURRET,BUILDING_KILL
0.0,TOWER_BUILDING,1440524,7585831411,4.0,MID_LANE,8955.0,8510.0,200.0,1410471,OUTER_TURRET,BUILDING_KILL
0.0,TOWER_BUILDING,1500551,7585831411,8.0,TOP_LANE,1512.0,6699.0,100.0,1470874,INNER_TURRET,BUILDING_KILL
0.0,TOWER_BUILDING,1500551,7585831411,8.0,TOP_LANE,1169.0,4287.0,100.0,1486726,BASE_TURRET,BUILDING_KILL
0.0,TOWER_BUILDING,1620591,7585831411,3.0,BOT_LANE,13327.0,8226.0,200.0,1582097,INNER_TURRET,BUILDING_KILL
0.0,TOWER_BUILDING,1740618,7585831411,8.0,MID_LANE,5048.0,4812.0,100.0,1687168,INNER_TURRET,BUILDING_KILL
0.0,TOWER_BUILDING,1800634,7585831411,6.0,BOT_LANE,6919.0,1483.0,100.0,1768920,INNER_TURRET,BUILDING_KILL
0.0,TOWER_BUILDING,1800634,7585831411,6.0,BOT_LANE,4281.0,1253.0,100.0,1779488,BASE_TURRET,BUILDING_KILL
0.0,INHIBITOR_BUILDING,1800634,7585831411,6.0,BOT_LANE,3468.0,1230.0,100.0,1786146,,BUILDING_KILL
0.0,INHIBITOR_BUILDING,1860658,7585831411,6.0,TOP_LANE,1172.0,3583.0,100.0,1803593,,BUILDING_KILL
0.0,TOWER_BUILDING,1860658,7585831411,1.0,MID_LANE,9767.0,10113.0,200.0,1846935,INNER_TURRET,BUILDING_KILL
0.0,TOWER_BUILDING,2040733,7585831411,9.0,MID_LANE,3651.0,3696.0,100.0,2026946,BASE_TURRET,BUILDING_KILL
0.0,TOWER_BUILDING,2195539,7585831411,3.0,MID_LANE,11134.0,11207.0,200.0,2180324,BASE_TURRET,BUILDING_KILL
0.0,INHIBITOR_BUILDING,2195539,7585831411,2.0,MID_LANE,11593.0,11669.0,200.0,2182794,,BUILDING_KILL
0.0,TOWER_BUILDING,2195539,7585831411,4.0,MID_LANE,13052.0,12612.0,200.0,2188506,NEXUS_TURRET,BUILDING_KILL
0.0,TOWER_BUILDING,2195539,7585831411,4.0,MID_LANE,12611.0,13084.0,200.0,2190243,NEXUS_TURRET,BUILDING_KILL
0.0,TOWER_BUILDING,840396,7587230802,6.0,TOP_LANE,981.0,10441.0,100.0,813369,OUTER_TURRET,BUILDING_KILL
0.0,TOWER_BUILDING,960431,7587230802,8.0,BOT_LANE,10504.0,1029.0,100.0,960164,OUTER_TURRET,BUILDING_KILL
0.0,TOWER_BUILDING,1200477,7587230802,7.0,MID_LANE,5846.0,6396.0,100.0,1182710,OUTER_TURRET,BUILDING_KILL
0.0,TOWER_BUILDING,1320541,7587230802,4.0,MID_LANE,8955.0,8510.0,200.0,1272665,OUTER_TURRET,BUILDING_KILL
0.0,TOWER_BUILDING,1380552,7587230802,6.0,MID_LANE,5048.0,4812.0,100.0,1338819,INNER_TURRET,BUILDING_KILL
0.0,TOWER_BUILDING,1380552,7587230802,1.0,BOT_LANE,13866.0,4505.0,200.0,1346838,OUTER_TURRET,BUILDING_KILL
0.0,TOWER_BUILDING,1560593,7587230802,4.0,TOP_LANE,4318.0,13875.0,200.0,1539987,OUTER_TURRET,BUILDING_KILL
0.0,TOWER_BUILDING,1680617,7587230802,4.0,MID_LANE,9767.0,10113.0,200.0,1644979,INNER_TURRET,BUILDING_KILL
0.0,TOWER_BUILDING,1680617,7587230802,4.0,MID_LANE,11134.0,11207.0,200.0,1656234,BASE_TURRET,BUILDING_KILL
0.0,INHIBITOR_BUILDING,1680617,7587230802,3.0,MID_LANE,11593.0,11669.0,200.0,1661411,,BUILDING_KILL
0.0,TOWER_BUILDING,1740631,7587230802,3.0,BOT_LANE,13327.0,8226.0,200.0,1715198,INNER_TURRET,BUILDING_KILL
0.0,TOWER_BUILDING,1782308,7587230802,1.0,BOT_LANE,13624.0,10572.0,200.0,1747327,BASE_TURRET,BUILDING_KILL
0.0,INHIBITOR_BUILDING,1782308,7587230802,5.0,BOT_LANE,13594.0,11319.0,200.0,1752069,,BUILDING_KILL
0.0,TOWER_BUILDING,1782308,7587230802,3.0,MID_LANE,13052.0,12612.0,200.0,1768581,NEXUS_TURRET,BUILDING_KILL
0.0,TOWER_BUILDING,1782308,7587230802,1.0,MID_LANE,12611.0,13084.0,200.0,1773858,NEXUS_TURRET,BUILDING_KILL
0.0,TOWER_BUILDING,780247,7587587618,6.0,MID_LANE,5846.0,6396.0,100.0,764709,OUTER_TURRET,BUILDING_KILL
0.0,TOWER_BUILDING,900266,7587587618,3.0,BOT_LANE,13866.0,4505.0,200.0,894874,OUTER_TURRET,BUILDING_KILL
0.0,TOWER_BUILDING,900266,7587587618,8.0,TOP_LANE,981.0,10441.0,100.0,895075,OUTER_TURRET,BUILDING_KILL
0.0,TOWER_BUILDING,1140329,7587587618,6.0,BOT_LANE,10504.0,1029.0,100.0,1130130,OUTER_TURRET,BUILDING_KILL
0.0,TOWER_BUILDING,1260368,7587587618,3.0,MID_LANE,8955.0,8510.0,200.0,1247898,OUTER_TURRET,BUILDING_KILL
0.0,TOWER_BUILDING,1320372,7587587618,6.0,TOP_LANE,1512.0,6699.0,100.0,1262906,INNER_TURRET,BUILDING_KILL
0.0,TOWER_BUILDING,1380379,7587587618,2.0,TOP_LANE,4318.0,13875.0,200.0,1362890,OUTER_TURRET,BUILDING_KILL
0.0,TOWER_BUILDING,1860453,7587587618,0.0,MID_LANE,5048.0,4812.0,100.0,1809826,INNER_TURRET,BUILDING_KILL
0.0,TOWER_BUILDING,1920471,7587587618,6.0,BOT_LANE,6919.0,1483.0,100.0,1868112,INNER_TURRET,BUILDING_KILL
0.0,TOWER_BUILDING,1920471,7587587618,6.0,BOT_LANE,4281.0,1253.0,100.0,1889263,BASE_TURRET,BUILDING_KILL
0.0,INHIBITOR_BUILDING,1920471,7587587618,6.0,BOT_LANE,3468.0,1230.0,100.0,1898716,,BUILDING_KILL
0.0,TOWER_BUILDING,1920471,7587587618,8.0,MID_LANE,3651.0,3696.0,100.0,1903469,BASE_TURRET,BUILDING_KILL
0.0,INHIBITOR_BUILDING,1920471,7587587618,8.0,MID_LANE,3210.0,3217.0,100.0,1914126,,BUILDING_KILL
0.0,TOWER_BUILDING,2160529,7587587618,0.0,MID_LANE,2177.0,1807.0,100.0,2148073,NEXUS_TURRET,BUILDING_KILL
0.0,TOWER_BUILDING,2399360,7587587618,4.0,MID_LANE,9767.0,10113.0,200.0,2350724,INNER_TURRET,BUILDING_KILL
0.0,TOWER_BUILDING,2399360,7587587618,1.0,MID_LANE,11134.0,11207.0,200.0,2377343,BASE_TURRET,BUILDING_KILL
0.0,INHIBITOR_BUILDING,2399360,7587587618,4.0,MID_LANE,11593.0,11669.0,200.0,2380782,,BUILDING_KILL
0.0,TOWER_BUILDING,2399360,7587587618,4.0,MID_LANE,12611.0,13084.0,200.0,2389801,NEXUS_TURRET,BUILDING_KILL
0.0,TOWER_BUILDING,2399360,7587587618,4.0,MID_LANE,13052.0,12612.0,200.0,2391470,NEXUS_TURRET,BUILDING_KILL
0.0,TOWER_BUILDING,840308,7587626661,4.0,BOT_LANE,13866.0,4505.0,200.0,805092,OUTER_TURRET,BUILDING_KILL
0.0,TOWER_BUILDING,960334,7587626661,6.0,TOP_LANE,981.0,10441.0,100.0,922521,OUTER_TURRET,BUILDING_KILL
0.0,TOWER_BUILDING,960334,7587626661,9.0,MID_LANE,5846.0,6396.0,100.0,937558,OUTER_TURRET,BUILDING_KILL
0.0,TOWER_BUILDING,1020346,7587626661,4.0,TOP_LANE,4318.0,13875.0,200.0,986698,OUTER_TURRET,BUILDING_KILL
0.0,TOWER_BUILDING,1020346,7587626661,8.0,BOT_LANE,10504.0,1029.0,100.0,990940,OUTER_TURRET,BUILDING_KILL
0.0,TOWER_BUILDING,1140395,7587626661,8.0,TOP_LANE,1512.0,6699.0,100.0,1107791,INNER_TURRET,BUILDING_KILL
0.0,TOWER_BUILDING,1200416,7587626661,4.0,MID_LANE,8955.0,8510.0,200.0,1144636,OUTER_TURRET,BUILDING_KILL
0.0,TOWER_BUILDING,1260426,7587626661,9.0,MID_LANE,5048.0,4812.0,100.0,1210568,INNER_TURRET,BUILDING_KILL
0.0,TOWER_BUILDING,1560491,7587626661,3.0,MID_LANE,9767.0,10113.0,200.0,1548301,INNER_TURRET,BUILDING_KILL
0.0,TOWER_BUILDING,1560491,7587626661,8.0,BOT_LANE,6919.0,1483.0,100.0,1551774,INNER_TURRET,BUILDING_KILL
0.0,TOWER_BUILDING,1740525,7587626661,3.0,TOP_LANE,7943.0,13411.0,200.0,1689112,INNER_TURRET,BUILDING_KILL
0.0,TOWER_BUILDING,1740525,7587626661,3.0,MID_LANE,11134.0,11207.0,200.0,1727962,BASE_TURRET,BUILDING_KILL
0.0,INHIBITOR_BUILDING,1740525,7587626661,5.0,MID_LANE,11593.0,11669.0,200.0,1733681,,BUILDING_KILL
0.0,TOWER_BUILDING,1758760,7587626661,1.0,MID_LANE,13052.0,12612.0,200.0,1744867,NEXUS_TURRET,BUILDING_KILL
0.0,TOWER_BUILDING,1758760,7587626661,1.0,MID_LANE,12611.0,13084.0,200.0,1749943,NEXUS_TURRET,BUILDING_KILL
0.0,TOWER_BUILDING,1020370,7586949132,1.0,TOP_LANE,4318.0,13875.0,200.0,976594,OUTER_TURRET,BUILDING_KILL
0.0,TOWER_BUILDING,1140380,7586949132,0.0,BOT_LANE,13866.0,4505.0,200.0,1104186,OUTER_TURRET,BUILDING_KILL
0.0,TOWER_BUILDING,1140380,7586949132,1.0,TOP_LANE,7943.0,13411.0,200.0,1115285,INNER_TURRET,BUILDING_KILL
0.0,TOWER_BUILDING,1140380,7586949132,4.0,MID_LANE,8955.0,8510.0,200.0,1120364,OUTER_TURRET,BUILDING_KILL
0.0,TOWER_BUILDING,1200411,7586949132,4.0,MID_LANE,9767.0,10113.0,200.0,1157259,INNER_TURRET,BUILDING_KILL
0.0,TOWER_BUILDING,1200411,7586949132,0.0,BOT_LANE,10504.0,1029.0,100.0,1162594,OUTER_TURRET,BUILDING_KILL
0.0,TOWER_BUILDING,1200411,7586949132,6.0,TOP_LANE,981.0,10441.0,100.0,1164932,OUTER_TURRET,BUILDING_KILL
200.0,TOWER_BUILDING,1380479,7586949132,8.0,MID_LANE,5846.0,6396.0,100.0,1362122,OUTER_TURRET,BUILDING_KILL
0.0,TOWER_BUILDING,1440510,7586949132,1.0,BOT_LANE,13327.0,8226.0,200.0,1401564,INNER_TURRET,BUILDING_KILL
0.0,TOWER_BUILDING,1500543,7586949132,1.0,MID_LANE,11134.0,11207.0,200.0,1451021,BASE_TURRET,BUILDING_KILL
0.0,INHIBITOR_BUILDING,1500543,7586949132,4.0,MID_LANE,11593.0,11669.0,200.0,1460699,,BUILDING_KILL
0.0,TOWER_BUILDING,1546534,7586949132,4.0,MID_LANE,13052.0,12612.0,200.0,1541575,NEXUS_TURRET,BUILDING_KILL
0.0,TOWER_BUILDING,780278,7586360675,9.0,BOT_LANE,10504.0,1029.0,100.0,764816,OUTER_TURRET,BUILDING_KILL
0.0,TOWER_BUILDING,840290,7586360675,1.0,TOP_LANE,4318.0,13875.0,200.0,807320,OUTER_TURRET,BUILDING_KILL
0.0,TOWER_BUILDING,1020335,7586360675,3.0,MID_LANE,8955.0,8510.0,200.0,966692,OUTER_TURRET,BUILDING_KILL
0.0,TOWER_BUILDING,1080351,7586360675,9.0,MID_LANE,5846.0,6396.0,100.0,1032694,OUTER_TURRET,BUILDING_KILL
0.0,TOWER_BUILDING,1080351,7586360675,6.0,TOP_LANE,981.0,10441.0,100.0,1075292,OUTER_TURRET,BUILDING_KILL
0.0,TOWER_BUILDING,1320433,7586360675,1.0,BOT_LANE,13866.0,4505.0,200.0,1304617,OUTER_TURRET,BUILDING_KILL
0.0,TOWER_BUILDING,1320433,7586360675,10.0,MID_LANE,5048.0,4812.0,100.0,1306387,INNER_TURRET,BUILDING_KILL
0.0,TOWER_BUILDING,1440467,7586360675,7.0,MID_LANE,3651.0,3696.0,100.0,1380446,BASE_TURRET,BUILDING_KILL
0.0,TOWER_BUILDING,1440467,7586360675,8.0,BOT_LANE,6919.0,1483.0,100.0,1400338,INNER_TURRET,BUILDING_KILL
0.0,TOWER_BUILDING,1440467,7586360675,9.0,TOP_LANE,1512.0,6699.0,100.0,1407941,INNER_TURRET,BUILDING_KILL
0.0,TOWER_BUILDING,840261,7587496736,1.0,TOP_LANE,4318.0,13875.0,200.0,834283,OUTER_TURRET,BUILDING_KILL
0.0,TOWER_BUILDING,1020305,7587496736,4.0,BOT_LANE,13866.0,4505.0,200.0,980485,OUTER_TURRET,BUILDING_KILL
0.0,TOWER_BUILDING,1080316,7587496736,9.0,BOT_LANE,10504.0,1029.0,100.0,1037546,OUTER_TURRET,BUILDING_KILL
0.0,TOWER_BUILDING,1140334,7587496736,6.0,TOP_LANE,981.0,10441.0,100.0,1111737,OUTER_TURRET,BUILDING_KILL
0.0,TOWER_BUILDING,1200340,7587496736,2.0,MID_LANE,8955.0,8510.0,200.0,1174900,OUTER_TURRET,BUILDING_KILL
0.0,TOWER_BUILDING,1200340,7587496736,1.0,TOP_LANE,7943.0,13411.0,200.0,1197935,INNER_TURRET,BUILDING_KILL
0.0,TOWER_BUILDING,1380405,7587496736,9.0,MID_LANE,5846.0,6396.0,100.0,1368985,OUTER_TURRET,BUILDING_KILL
0.0,TOWER_BUILDING,1380405,7587496736,8.0,BOT_LANE,6919.0,1483.0,100.0,1371357,INNER_TURRET,BUILDING_KILL
0.0,TOWER_BUILDING,1440426,7587496736,1.0,MID_LANE,9767.0,10113.0,200.0,1417642,INNER_TURRET,BUILDING_KILL
0.0,TOWER_BUILDING,1440426,7587496736,4.0,MID_LANE,11134.0,11207.0,200.0,1436378,BASE_TURRET,BUILDING_KILL
0.0,INHIBITOR_BUILDING,1500435,7587496736,4.0,MID_LANE,11593.0,11669.0,200.0,1442396,,BUILDING_KILL
0.0,TOWER_BUILDING,900371,7587577871,1.0,TOP_LANE,4318.0,13875.0,200.0,846350,OUTER_TURRET,BUILDING_KILL
0.0,TOWER_BUILDING,900371,7587577871,6.0,TOP_LANE,981.0,10441.0,100.0,896883,OUTER_TURRET,BUILDING_KILL
0.0,TOWER_BUILDING,1080408,7587577871,7.0,MID_LANE,5846.0,6396.0,100.0,1056578,OUTER_TURRET,BUILDING_KILL
0.0,TOWER_BUILDING,1260457,7587577871,3.0,BOT_LANE,13866.0,4505.0,200.0,1235396,OUTER_TURRET,BUILDING_KILL
0.0,TOWER_BUILDING,1320469,7587577871,0.0,BOT_LANE,10504.0,1029.0,100.0,1284965,OUTER_TURRET,BUILDING_KILL
0.0,TOWER_BUILDING,1380497,7587577871,2.0,MID_LANE,8955.0,8510.0,200.0,1360888,OUTER_TURRET,BUILDING_KILL
0.0,TOWER_BUILDING,1680547,7587577871,5.0,MID_LANE,9767.0,10113.0,200.0,1676473,INNER_TURRET,BUILDING_KILL
0.0,TOWER_BUILDING,1740550,7587577871,7.0,TOP_LANE,1512.0,6699.0,100.0,1689435,INNER_TURRET,BUILDING_KILL
0.0,TOWER_BUILDING,1740550,7587577871,4.0,MID_LANE,11134.0,11207.0,200.0,1693175,BASE_TURRET,BUILDING_KILL
0.0,INHIBITOR_BUILDING,1740550,7587577871,1.0,MID_LANE,11593.0,11669.0,200.0,1698435,,BUILDING_KILL
0.0,TOWER_BUILDING,1740550,7587577871,5.0,BOT_LANE,13327.0,8226.0,200.0,1708287,INNER_TURRET,BUILDING_KILL
0.0,TOWER_BUILDING,1800568,7587577871,1.0,TOP_LANE,7943.0,13411.0,200.0,1795191,INNER_TURRET,BUILDING_KILL
0.0,TOWER_BUILDING,1920597,7587577871,1.0,TOP_LANE,10481.0,13650.0,200.0,1869721,BASE_TURRET,BUILDING_KILL
0.0,INHIBITOR_BUILDING,1920597,7587577871,1.0,TOP_LANE,11275.0,13663.0,200.0,1880942,,BUILDING_KILL
0.0,TOWER_BUILDING,2280725,7587577871,6.0,MID_LANE,5048.0,4812.0,100.0,2259278,INNER_TURRET,BUILDING_KILL
0.0,TOWER_BUILDING,2280725,7587577871,8.0,MID_LANE,3651.0,3696.0,100.0,2274506,BASE_TURRET,BUILDING_KILL
0.0,INHIBITOR_BUILDING,2280725,7587577871,8.0,MID_LANE,3210.0,3217.0,100.0,2278246,,BUILDING_KILL
0.0,TOWER_BUILDING,2400739,7587577871,9.0,MID_LANE,1748.0,2270.0,100.0,2366176,NEXUS_TURRET,BUILDING_KILL
0.0,TOWER_BUILDING,2640792,7587577871,9.0,BOT_LANE,6919.0,1483.0,100.0,2581775,INNER_TURRET,BUILDING_KILL
0.0,INHIBITOR_BUILDING,2640792,7587577871,7.0,MID_LANE,3210.0,3217.0,100.0,2587819,,BUILDING_KILL
0.0,TOWER_BUILDING,2640792,7587577871,9.0,BOT_LANE,4281.0,1253.0,100.0,2599252,BASE_TURRET,BUILDING_KILL
0.0,TOWER_BUILDING,2760842,7587577871,6.0,MID_LANE,1748.0,2270.0,100.0,2744907,NEXUS_TURRET,BUILDING_KILL
0.0,TOWER_BUILDING,2760842,7587577871,6.0,MID_LANE,2177.0,1807.0,100.0,2756066,NEXUS_TURRET,BUILDING_KILL
0.0,INHIBITOR_BUILDING,3000898,7587577871,4.0,MID_LANE,11593.0,11669.0,200.0,2943498,,BUILDING_KILL
0.0,INHIBITOR_BUILDING,3223635,7587577871,8.0,MID_LANE,3210.0,3217.0,100.0,3204360,,BUILDING_KILL
0.0,INHIBITOR_BUILDING,3223635,7587577871,10.0,BOT_LANE,3468.0,1230.0,100.0,3205062,,BUILDING_KILL
0.0,TOWER_BUILDING,3223635,7587577871,6.0,MID_LANE,2177.0,1807.0,100.0,3211130,NEXUS_TURRET,BUILDING_KILL
0.0,TOWER_BUILDING,3223635,7587577871,8.0,MID_LANE,1748.0,2270.0,100.0,3216189,NEXUS_TURRET,BUILDING_KILL
0.0,TOWER_BUILDING,840321,7586065634,1.0,TOP_LANE,4318.0,13875.0,200.0,795328,OUTER_TURRET,BUILDING_KILL
0.0,TOWER_BUILDING,960336,7586065634,4.0,BOT_LANE,13866.0,4505.0,200.0,903506,OUTER_TURRET,BUILDING_KILL
0.0,TOWER_BUILDING,960336,7586065634,7.0,MID_LANE,5846.0,6396.0,100.0,905945,OUTER_TURRET,BUILDING_KILL
0.0,TOWER_BUILDING,1080368,7586065634,2.0,MID_LANE,8955.0,8510.0,200.0,1028012,OUTER_TURRET,BUILDING_KILL
0.0,TOWER_BUILDING,1140393,7586065634,1.0,BOT_LANE,13327.0,8226.0,200.0,1120379,INNER_TURRET,BUILDING_KILL
0.0,TOWER_BUILDING,1140393,7586065634,6.0,TOP_LANE,981.0,10441.0,100.0,1122349,OUTER_TURRET,BUILDING_KILL
0.0,TOWER_BUILDING,1260424,7586065634,4.0,MID_LANE,9767.0,10113.0,200.0,1243614,INNER_TURRET,BUILDING_KILL
0.0,TOWER_BUILDING,1440449,7586065634,6.0,BOT_LANE,10504.0,1029.0,100.0,1398064,OUTER_TURRET,BUILDING_KILL
0.0,TOWER_BUILDING,900346,7586504684,7.0,BOT_LANE,10504.0,1029.0,100.0,899441,OUTER_TURRET,BUILDING_KILL
0.0,TOWER_BUILDING,1020363,7586504684,6.0,TOP_LANE,981.0,10441.0,100.0,986824,OUTER_TURRET,BUILDING_KILL
0.0,TOWER_BUILDING,1080383,7586504684,10.0,MID_LANE,5846.0,6396.0,100.0,1072398,OUTER_TURRET,BUILDING_KILL
0.0,TOWER_BUILDING,1140397,7586504684,7.0,TOP_LANE,1512.0,6699.0,100.0,1086528,INNER_TURRET,BUILDING_KILL
0.0,TOWER_BUILDING,1157320,7586504684,9.0,MID_LANE,5048.0,4812.0,100.0,1151943,INNER_TURRET,BUILDING_KILL
0.0,TOWER_BUILDING,900419,7586068655,6.0,TOP_LANE,981.0,10441.0,100.0,890737,OUTER_TURRET,BUILDING_KILL
0.0,TOWER_BUILDING,1020451,7586068655,2.0,MID_LANE,8955.0,8510.0,200.0,970345,OUTER_TURRET,BUILDING_KILL
0.0,TOWER_BUILDING,1020451,7586068655,6.0,BOT_LANE,10504.0,1029.0,100.0,976332,OUTER_TURRET,BUILDING_KILL
0.0,TOWER_BUILDING,1140479,7586068655,7.0,MID_LANE,5846.0,6396.0,100.0,1118703,OUTER_TURRET,BUILDING_KILL
0.0,TOWER_BUILDING,1320515,7586068655,0.0,BOT_LANE,13866.0,4505.0,200.0,1287726,OUTER_TURRET,BUILDING_KILL
0.0,TOWER_BUILDING,1560556,7586068655,3.0,TOP_LANE,4318.0,13875.0,200.0,1551424,OUTER_TURRET,BUILDING_KILL
0.0,TOWER_BUILDING,1620586,7586068655,1.0,TOP_LANE,7943.0,13411.0,200.0,1586899,INNER_TURRET,BUILDING_KILL
0.0,TOWER_BUILDING,1680607,7586068655,1.0,MID_LANE,9767.0,10113.0,200.0,1660019,INNER_TURRET,BUILDING_KILL
0.0,TOWER_BUILDING,1800656,7586068655,8.0,BOT_LANE,6919.0,1483.0,100.0,1789129,INNER_TURRET,BUILDING_KILL
0.0,TOWER_BUILDING,1800656,7586068655,3.0,MID_LANE,11134.0,11207.0,200.0,1791567,BASE_TURRET,BUILDING_KILL
0.0,INHIBITOR_BUILDING,1800656,7586068655,5.0,MID_LANE,11593.0,11669.0,200.0,1794239,,BUILDING_KILL
0.0,TOWER_BUILDING,1827797,7586068655,1.0,MID_LANE,13052.0,12612.0,200.0,1800990,NEXUS_TURRET,BUILDING_KILL
0.0,TOWER_BUILDING,1827797,7586068655,1.0,MID_LANE,12611.0,13084.0,200.0,1812400,NEXUS_TURRET,BUILDING_KILL
0.0,TOWER_BUILDING,660264,7586513937,1.0,TOP_LANE,4318.0,13875.0,200.0,623225,OUTER_TURRET,BUILDING_KILL
0.0,TOWER_BUILDING,720267,7586513937,5.0,MID_LANE,8955.0,8510.0,200.0,714184,OUTER_TURRET,BUILDING_KILL
0.0,TOWER_BUILDING,720267,7586513937,1.0,BOT_LANE,13866.0,4505.0,200.0,716260,OUTER_TURRET,BUILDING_KILL
0.0,TOWER_BUILDING,840307,7586513937,1.0,BOT_LANE,13327.0,8226.0,200.0,784266,INNER_TURRET,BUILDING_KILL
0.0,TOWER_BUILDING,840307,7586513937,2.0,TOP_LANE,7943.0,13411.0,200.0,794944,INNER_TURRET,BUILDING_KILL
0.0,TOWER_BUILDING,900314,7586513937,1.0,MID_LANE,9767.0,10113.0,200.0,884015,INNER_TURRET,BUILDING_KILL
0.0,TOWER_BUILDING,938170,7586513937,2.0,MID_LANE,11134.0,11207.0,200.0,918154,BASE_TURRET,BUILDING_KILL
0.0,INHIBITOR_BUILDING,938170,7586513937,2.0,MID_LANE,11593.0,11669.0,200.0,924179,,BUILDING_KILL
0.0,TOWER_BUILDING,938170,7586513937,3.0,BOT_LANE,13624.0,10572.0,200.0,928454,BASE_TURRET,BUILDING_KILL
0.0,TOWER_BUILDING,938170,7586513937,1.0,MID_LANE,13052.0,12612.0,200.0,933761,NEXUS_TURRET,BUILDING_KILL
0.0,TOWER_BUILDING,540221,7587244138,9.0,BOT_LANE,10504.0,1029.0,100.0,539582,OUTER_TURRET,BUILDING_KILL
0.0,TOWER_BUILDING,780304,7587244138,9.0,MID_LANE,5846.0,6396.0,100.0,765414,OUTER_TURRET,BUILDING_KILL
0.0,TOWER_BUILDING,840337,7587244138,0.0,BOT_LANE,13866.0,4505.0,200.0,840170,OUTER_TURRET,BUILDING_KILL
0.0,TOWER_BUILDING,960350,7587244138,9.0,TOP_LANE,981.0,10441.0,100.0,931518,OUTER_TURRET,BUILDING_KILL
0.0,TOWER_BUILDING,1080409,7587244138,1.0,TOP_LANE,4318.0,13875.0,200.0,1064545,OUTER_TURRET,BUILDING_KILL
0.0,TOWER_BUILDING,1080409,7587244138,6.0,MID_LANE,5048.0,4812.0,100.0,1076601,INNER_TURRET,BUILDING_KILL
0.0,TOWER_BUILDING,1140426,7587244138,7.0,BOT_LANE,6919.0,1483.0,100.0,1082948,INNER_TURRET,BUILDING_KILL
250.0,TOWER_BUILDING,1140426,7587244138,1.0,MID_LANE,8955.0,8510.0,200.0,1134170,OUTER_TURRET,BUILDING_KILL
0.0,TOWER_BUILDING,1380502,7587244138,9.0,MID_LANE,3651.0,3696.0,100.0,1336078,BASE_TURRET,BUILDING_KILL
0.0,INHIBITOR_BUILDING,1380502,7587244138,9.0,MID_LANE,3210.0,3217.0,100.0,1343263,,BUILDING_KILL
0.0,TOWER_BUILDING,1440510,7587244138,9.0,TOP_LANE,1512.0,6699.0,100.0,1432956,INNER_TURRET,BUILDING_KILL
0.0,TOWER_BUILDING,780281,7585744896,7.0,TOP_LANE,981.0,10441.0,100.0,767722,OUTER_TURRET,BUILDING_KILL
0.0,TOWER_BUILDING,780281,7585744896,4.0,BOT_LANE,13866.0,4505.0,200.0,770127,OUTER_TURRET,BUILDING_KILL
0.0,TOWER_BUILDING,900316,7585744896,4.0,MID_LANE,8955.0,8510.0,200.0,861466,OUTER_TURRET,BUILDING_KILL
0.0,TOWER_BUILDING,900316,7585744896,4.0,MID_LANE,9767.0,10113.0,200.0,891965,INNER_TURRET,BUILDING_KILL
0.0,TOWER_BUILDING,1020333,7585744896,3.0,TOP_LANE,4318.0,13875.0,200.0,998777,OUTER_TURRET,BUILDING_KILL
0.0,TOWER_BUILDING,1200419,7585744896,7.0,MID_LANE,5846.0,6396.0,100.0,1145932,OUTER_TURRET,BUILDING_KILL
0.0,TOWER_BUILDING,1200419,7585744896,6.0,BOT_LANE,10504.0,1029.0,100.0,1171850,OUTER_TURRET,BUILDING_KILL
0.0,TOWER_BUILDING,1380474,7585744896,6.0,BOT_LANE,6919.0,1483.0,100.0,1354208,INNER_TURRET,BUILDING_KILL
0.0,TOWER_BUILDING,1380474,7585744896,9.0,MID_LANE,5048.0,4812.0,100.0,1365562,INNER_TURRET,BUILDING_KILL
0.0,TOWER_BUILDING,1680624,7585744896,6.0,MID_LANE,3651.0,3696.0,100.0,1625037,BASE_TURRET,BUILDING_KILL
0.0,TOWER_BUILDING,1680624,7585744896,6.0,TOP_LANE,1512.0,6699.0,100.0,1637789,INNER_TURRET,BUILDING_KILL
0.0,TOWER_BUILDING,1740648,7585744896,6.0,BOT_LANE,4281.0,1253.0,100.0,1717332,BASE_TURRET,BUILDING_KILL
0.0,TOWER_BUILDING,1740648,7585744896,4.0,MID_LANE,11134.0,11207.0,200.0,1720433,BASE_TURRET,BUILDING_KILL
0.0,INHIBITOR_BUILDING,1740648,7585744896,2.0,MID_LANE,11593.0,11669.0,200.0,1724852,,BUILDING_KILL
0.0,INHIBITOR_BUILDING,1740648,7585744896,6.0,BOT_LANE,3468.0,1230.0,100.0,1726488,,BUILDING_KILL
0.0,TOWER_BUILDING,1740648,7585744896,4.0,MID_LANE,13052.0,12612.0,200.0,1739709,NEXUS_TURRET,BUILDING_KILL
0.0,TOWER_BUILDING,1768852,7585744896,4.0,MID_LANE,12611.0,13084.0,200.0,1759926,NEXUS_TURRET,BUILDING_KILL
0.0,TOWER_BUILDING,900337,7586525251,9.0,BOT_LANE,10504.0,1029.0,100.0,860753,OUTER_TURRET,BUILDING_KILL
0.0,TOWER_BUILDING,1020340,7586525251,8.0,BOT_LANE,6919.0,1483.0,100.0,1010219,INNER_TURRET,BUILDING_KILL
0.0,TOWER_BUILDING,1020340,7586525251,4.0,TOP_LANE,4318.0,13875.0,200.0,1017815,OUTER_TURRET,BUILDING_KILL
0.0,TOWER_BUILDING,1080363,7586525251,9.0,MID_LANE,5846.0,6396.0,100.0,1037277,OUTER_TURRET,BUILDING_KILL
0.0,TOWER_BUILDING,1080363,7586525251,2.0,TOP_LANE,7943.0,13411.0,200.0,1046067,INNER_TURRET,BUILDING_KILL
0.0,TOWER_BUILDING,1140388,7586525251,8.0,TOP_LANE,981.0,10441.0,100.0,1112404,OUTER_TURRET,BUILDING_KILL
0.0,TOWER_BUILDING,600251,7587602060,9.0,BOT_LANE,10504.0,1029.0,100.0,573702,OUTER_TURRET,BUILDING_KILL
0.0,TOWER_BUILDING,780289,7587602060,10.0,TOP_LANE,981.0,10441.0,100.0,757655,OUTER_TURRET,BUILDING_KILL
0.0,TOWER_BUILDING,960364,7587602060,1.0,TOP_LANE,4318.0,13875.0,200.0,916802,OUTER_TURRET,BUILDING_KILL
0.0,TOWER_BUILDING,1200420,7587602060,6.0,MID_LANE,5846.0,6396.0,100.0,1163322,OUTER_TURRET,BUILDING_KILL
0.0,TOWER_BUILDING,1260451,7587602060,7.0,BOT_LANE,6919.0,1483.0,100.0,1235118,INNER_TURRET,BUILDING_KILL
0.0,TOWER_BUILDING,1320453,7587602060,1.0,BOT_LANE,13866.0,4505.0,200.0,1277655,OUTER_TURRET,BUILDING_KILL
0.0,TOWER_BUILDING,1320453,7587602060,9.0,TOP_LANE,1512.0,6699.0,100.0,1295945,INNER_TURRET,BUILDING_KILL
0.0,TOWER_BUILDING,1560537,7587602060,1.0,TOP_LANE,7943.0,13411.0,200.0,1508551,INNER_TURRET,BUILDING_KILL
0.0,TOWER_BUILDING,1560537,7587602060,3.0,MID_LANE,8955.0,8510.0,200.0,1540802,OUTER_TURRET,BUILDING_KILL
0.0,TOWER_BUILDING,1740558,7587602060,10.0,MID_LANE,5048.0,4812.0,100.0,1716486,INNER_TURRET,BUILDING_KILL
0.0,TOWER_BUILDING,1740558,7587602060,10.0,MID_LANE,3651.0,3696.0,100.0,1729864,BASE_TURRET,BUILDING_KILL
0.0,TOWER_BUILDING,1740558,7587602060,1.0,BOT_LANE,13327.0,8226.0,200.0,1735007,INNER_TURRET,BUILDING_KILL
0.0,TOWER_BUILDING,1920606,7587602060,2.0,MID_LANE,9767.0,10113.0,200.0,1867676,INNER_TURRET,BUILDING_KILL
0.0,TOWER_BUILDING,2040617,7587602060,4.0,TOP_LANE,10481.0,13650.0,200.0,2033705,BASE_TURRET,BUILDING_KILL
0.0,INHIBITOR_BUILDING,2040617,7587602060,4.0,TOP_LANE,11275.0,13663.0,200.0,2036310,,BUILDING_KILL
0.0,TOWER_BUILDING,2100639,7587602060,4.0,MID_LANE,12611.0,13084.0,200.0,2045834,NEXUS_TURRET,BUILDING_KILL
0.0,INHIBITOR_BUILDING,2340681,7587602060,9.0,MID_LANE,3210.0,3217.0,100.0,2317621,,BUILDING_KILL
0.0,TOWER_BUILDING,2394715,7587602060,1.0,BOT_LANE,13624.0,10572.0,200.0,2361752,BASE_TURRET,BUILDING_KILL
0.0,TOWER_BUILDING,2394715,7587602060,9.0,MID_LANE,1748.0,2270.0,100.0,2365024,NEXUS_TURRET,BUILDING_KILL
0.0,TOWER_BUILDING,2394715,7587602060,9.0,MID_LANE,2177.0,1807.0,100.0,2366226,NEXUS_TURRET,BUILDING_KILL
0.0,INHIBITOR_BUILDING,2394715,7587602060,5.0,BOT_LANE,13594.0,11319.0,200.0,2370773,,BUILDING_KILL
0.0,TOWER_BUILDING,2394715,7587602060,5.0,MID_LANE,13052.0,12612.0,200.0,2379856,NEXUS_TURRET,BUILDING_KILL
0.0,TOWER_BUILDING,2394715,7587602060,3.0,MID_LANE,12611.0,13084.0,200.0,2387202,NEXUS_TURRET,BUILDING_KILL
0.0,TOWER_BUILDING,960336,7587509049,3.0,BOT_LANE,13866.0,4505.0,200.0,924280,OUTER_TURRET,BUILDING_KILL
0.0,TOWER_BUILDING,1020339,7587509049,8.0,BOT_LANE,10504.0,1029.0,100.0,990056,OUTER_TURRET,BUILDING_KILL
0.0,TOWER_BUILDING,1080366,7587509049,6.0,TOP_LANE,981.0,10441.0,100.0,1077427,OUTER_TURRET,BUILDING_KILL
0.0,TOWER_BUILDING,1080366,7587509049,4.0,BOT_LANE,13327.0,8226.0,200.0,1078462,INNER_TURRET,BUILDING_KILL
0.0,TOWER_BUILDING,1200399,7587509049,1.0,TOP_LANE,4318.0,13875.0,200.0,1176370,OUTER_TURRET,BUILDING_KILL
0.0,TOWER_BUILDING,1260408,7587509049,2.0,TOP_LANE,7943.0,13411.0,200.0,1200835,INNER_TURRET,BUILDING_KILL
0.0,TOWER_BUILDING,1260408,7587509049,4.0,MID_LANE,8955.0,8510.0,200.0,1230204,OUTER_TURRET,BUILDING_KILL
0.0,TOWER_BUILDING,1260408,7587509049,3.0,MID_LANE,9767.0,10113.0,200.0,1241266,INNER_TURRET,BUILDING_KILL
0.0,TOWER_BUILDING,1440468,7587509049,3.0,MID_LANE,11134.0,11207.0,200.0,1421904,BASE_TURRET,BUILDING_KILL
0.0,INHIBITOR_BUILDING,1440468,7587509049,2.0,MID_LANE,11593.0,11669.0,200.0,1425344,,BUILDING_KILL
0.0,TOWER_BUILDING,1440468,7587509049,2.0,MID_LANE,13052.0,12612.0,200.0,1432671,NEXUS_TURRET,BUILDING_KILL
0.0,TOWER_BUILDING,1440468,7587509049,3.0,MID_LANE,12611.0,13084.0,200.0,1439117,NEXUS_TURRET,BUILDING_KILL
0.0,TOWER_BUILDING,900348,7587139551,9.0,BOT_LANE,10504.0,1029.0,100.0,841940,OUTER_TURRET,BUILDING_KILL
0.0,TOWER_BUILDING,900348,7587139551,4.0,MID_LANE,8955.0,8510.0,200.0,845446,OUTER_TURRET,BUILDING_KILL
0.0,TOWER_BUILDING,900348,7587139551,6.0,TOP_LANE,981.0,10441.0,100.0,889339,OUTER_TURRET,BUILDING_KILL
0.0,TOWER_BUILDING,1020376,7587139551,1.0,TOP_LANE,4318.0,13875.0,200.0,969873,OUTER_TURRET,BUILDING_KILL
0.0,TOWER_BUILDING,1080394,7587139551,3.0,BOT_LANE,13866.0,4505.0,200.0,1068670,OUTER_TURRET,BUILDING_KILL
0.0,TOWER_BUILDING,1200429,7587139551,8.0,BOT_LANE,6919.0,1483.0,100.0,1185934,INNER_TURRET,BUILDING_KILL
0.0,TOWER_BUILDING,1200429,7587139551,9.0,MID_LANE,5846.0,6396.0,100.0,1191991,OUTER_TURRET,BUILDING_KILL
0.0,TOWER_BUILDING,1200429,7587139551,1.0,TOP_LANE,7943.0,13411.0,200.0,1200195,INNER_TURRET,BUILDING_KILL
0.0,TOWER_BUILDING,1320469,7587139551,3.0,MID_LANE,9767.0,10113.0,200.0,1312602,INNER_TURRET,BUILDING_KILL
0.0,TOWER_BUILDING,1620556,7587139551,1.0,TOP_LANE,10481.0,13650.0,200.0,1603203,BASE_TURRET,BUILDING_KILL
0.0,TOWER_BUILDING,1620556,7587139551,5.0,MID_LANE,11134.0,11207.0,200.0,1607429,BASE_TURRET,BUILDING_KILL
0.0,INHIBITOR_BUILDING,1620556,7587139551,4.0,MID_LANE,11593.0,11669.0,200.0,1613942,,BUILDING_KILL
0.0,INHIBITOR_BUILDING,1620556,7587139551,1.0,TOP_LANE,11275.0,13663.0,200.0,1616881,,BUILDING_KILL
0.0,TOWER_BUILDING,1680583,7587139551,0.0,MID_LANE,12611.0,13084.0,200.0,1632988,NEXUS_TURRET,BUILDING_KILL
0.0,TOWER_BUILDING,1740601,7587139551,5.0,BOT_LANE,13327.0,8226.0,200.0,1702854,INNER_TURRET,BUILDING_KILL
0.0,TOWER_BUILDING,1740601,7587139551,4.0,MID_LANE,13052.0,12612.0,200.0,1726949,NEXUS_TURRET,BUILDING_KILL
0.0,TOWER_BUILDING,1740601,7587139551,0.0,BOT_LANE,13624.0,10572.0,200.0,1740535,BASE_TURRET,BUILDING_KILL
0.0,TOWER_BUILDING,720246,7585972004,5.0,BOT_LANE,13866.0,4505.0,200.0,663511,OUTER_TURRET,BUILDING_KILL
0.0,TOWER_BUILDING,900319,7585972004,1.0,TOP_LANE,4318.0,13875.0,200.0,865688,OUTER_TURRET,BUILDING_KILL
0.0,TOWER_BUILDING,1020332,7585972004,2.0,MID_LANE,8955.0,8510.0,200.0,996328,OUTER_TURRET,BUILDING_KILL
250.0,TOWER_BUILDING,1020332,7585972004,6.0,BOT_LANE,10504.0,1029.0,100.0,997564,OUTER_TURRET,BUILDING_KILL
0.0,TOWER_BUILDING,1020332,7585972004,4.0,MID_LANE,9767.0,10113.0,200.0,1008664,INNER_TURRET,BUILDING_KILL
0.0,TOWER_BUILDING,1140383,7585972004,4.0,TOP_LANE,7943.0,13411.0,200.0,1133573,INNER_TURRET,BUILDING_KILL
0.0,TOWER_BUILDING,1440465,7585972004,4.0,TOP_LANE,10481.0,13650.0,200.0,1393448,BASE_TURRET,BUILDING_KILL
0.0,INHIBITOR_BUILDING,1440465,7585972004,1.0,TOP_LANE,11275.0,13663.0,200.0,1399927,,BUILDING_KILL
350.0,TOWER_BUILDING,1500466,7585972004,6.0,TOP_LANE,981.0,10441.0,100.0,1466809,OUTER_TURRET,BUILDING_KILL
0.0,TOWER_BUILDING,1559604,7585972004,3.0,MID_LANE,12611.0,13084.0,200.0,1548768,NEXUS_TURRET,BUILDING_KILL
0.0,TOWER_BUILDING,1559604,7585972004,4.0,MID_LANE,13052.0,12612.0,200.0,1551908,NEXUS_TURRET,BUILDING_KILL
0.0,TOWER_BUILDING,780358,7585975007,2.0,TOP_LANE,4318.0,13875.0,200.0,743628,OUTER_TURRET,BUILDING_KILL
0.0,TOWER_BUILDING,1020453,7585975007,3.0,BOT_LANE,13866.0,4505.0,200.0,966230,OUTER_TURRET,BUILDING_KILL
0.0,TOWER_BUILDING,1080466,7585975007,3.0,MID_LANE,8955.0,8510.0,200.0,1027905,OUTER_TURRET,BUILDING_KILL
0.0,TOWER_BUILDING,1140483,7585975007,2.0,BOT_LANE,13327.0,8226.0,200.0,1090732,INNER_TURRET,BUILDING_KILL
0.0,TOWER_BUILDING,1140483,7585975007,6.0,TOP_LANE,981.0,10441.0,100.0,1097301,OUTER_TURRET,BUILDING_KILL
0.0,TOWER_BUILDING,1140483,7585975007,1.0,BOT_LANE,13624.0,10572.0,200.0,1106382,BASE_TURRET,BUILDING_KILL
0.0,TOWER_BUILDING,1140483,7585975007,6.0,TOP_LANE,1512.0,6699.0,100.0,1117348,INNER_TURRET,BUILDING_KILL
0.0,TOWER_BUILDING,1140483,7585975007,4.0,MID_LANE,9767.0,10113.0,200.0,1118116,INNER_TURRET,BUILDING_KILL
0.0,INHIBITOR_BUILDING,1140483,7585975007,1.0,BOT_LANE,13594.0,11319.0,200.0,1121490,,BUILDING_KILL
0.0,TOWER_BUILDING,1140483,7585975007,4.0,MID_LANE,11134.0,11207.0,200.0,1133623,BASE_TURRET,BUILDING_KILL
0.0,INHIBITOR_BUILDING,1173567,7585975007,4.0,MID_LANE,11593.0,11669.0,200.0,1141752,,BUILDING_KILL
400.0,TOWER_BUILDING,1173567,7585975007,6.0,TOP_LANE,1169.0,4287.0,100.0,1146562,BASE_TURRET,BUILDING_KILL
0.0,TOWER_BUILDING,599308,7587145261,9.0,BOT_LANE,10504.0,1029.0,100.0,593730,OUTER_TURRET,BUILDING_KILL
0.0,TOWER_BUILDING,960319,7586118434,8.0,TOP_LANE,981.0,10441.0,100.0,927635,OUTER_TURRET,BUILDING_KILL
0.0,TOWER_BUILDING,1020326,7586118434,6.0,BOT_LANE,10504.0,1029.0,100.0,1017301,OUTER_TURRET,BUILDING_KILL
0.0,TOWER_BUILDING,1080354,7586118434,9.0,MID_LANE,5846.0,6396.0,100.0,1049597,OUTER_TURRET,BUILDING_KILL
0.0,TOWER_BUILDING,1080354,7586118434,8.0,TOP_LANE,1512.0,6699.0,100.0,1057481,INNER_TURRET,BUILDING_KILL
0.0,TOWER_BUILDING,1200376,7586118434,6.0,MID_LANE,5048.0,4812.0,100.0,1152657,INNER_TURRET,BUILDING_KILL
350.0,TOWER_BUILDING,1380425,7586118434,3.0,TOP_LANE,4318.0,13875.0,200.0,1346078,OUTER_TURRET,BUILDING_KILL
0.0,TOWER_BUILDING,1380425,7586118434,6.0,BOT_LANE,6919.0,1483.0,100.0,1360492,INNER_TURRET,BUILDING_KILL
0.0,TOWER_BUILDING,1437887,7586118434,7.0,MID_LANE,3651.0,3696.0,100.0,1398168,BASE_TURRET,BUILDING_KILL
0.0,INHIBITOR_BUILDING,1437887,7586118434,6.0,MID_LANE,3210.0,3217.0,100.0,1409318,,BUILDING_KILL
0.0,TOWER_BUILDING,900386,7587031587,1.0,TOP_LANE,4318.0,13875.0,200.0,840611,OUTER_TURRET,BUILDING_KILL
0.0,TOWER_BUILDING,900386,7587031587,5.0,MID_LANE,8955.0,8510.0,200.0,880662,OUTER_TURRET,BUILDING_KILL
0.0,TOWER_BUILDING,1020431,7587031587,3.0,BOT_LANE,13866.0,4505.0,200.0,988512,OUTER_TURRET,BUILDING_KILL
0.0,TOWER_BUILDING,1020431,7587031587,1.0,TOP_LANE,7943.0,13411.0,200.0,991985,INNER_TURRET,BUILDING_KILL
0.0,TOWER_BUILDING,1140455,7587031587,1.0,BOT_LANE,13327.0,8226.0,200.0,1102404,INNER_TURRET,BUILDING_KILL
0.0,TOWER_BUILDING,1200480,7587031587,4.0,MID_LANE,9767.0,10113.0,200.0,1171703,INNER_TURRET,BUILDING_KILL
0.0,TOWER_BUILDING,1200480,7587031587,4.0,MID_LANE,11134.0,11207.0,200.0,1182684,BASE_TURRET,BUILDING_KILL
0.0,INHIBITOR_BUILDING,1200480,7587031587,5.0,MID_LANE,11593.0,11669.0,200.0,1190193,,BUILDING_KILL
0.0,TOWER_BUILDING,1260489,7587031587,5.0,TOP_LANE,10481.0,13650.0,200.0,1242358,BASE_TURRET,BUILDING_KILL
0.0,INHIBITOR_BUILDING,1260489,7587031587,4.0,TOP_LANE,11275.0,13663.0,200.0,1255409,,BUILDING_KILL
0.0,TOWER_BUILDING,1260489,7587031587,1.0,BOT_LANE,13624.0,10572.0,200.0,1260044,BASE_TURRET,BUILDING_KILL
0.0,TOWER_BUILDING,1320514,7587031587,3.0,MID_LANE,13052.0,12612.0,200.0,1264919,NEXUS_TURRET,BUILDING_KILL
0.0,INHIBITOR_BUILDING,1320514,7587031587,3.0,BOT_LANE,13594.0,11319.0,200.0,1268218,,BUILDING_KILL
0.0,TOWER_BUILDING,1320514,7587031587,4.0,MID_LANE,12611.0,13084.0,200.0,1275441,NEXUS_TURRET,BUILDING_KILL
0.0,TOWER_BUILDING,660259,7585920108,4.0,BOT_LANE,13866.0,4505.0,200.0,601418,OUTER_TURRET,BUILDING_KILL
0.0,TOWER_BUILDING,720282,7585920108,4.0,TOP_LANE,4318.0,13875.0,200.0,713120,OUTER_TURRET,BUILDING_KILL
0.0,TOWER_BUILDING,840303,7585920108,1.0,MID_LANE,8955.0,8510.0,200.0,822870,OUTER_TURRET,BUILDING_KILL
0.0,TOWER_BUILDING,911837,7585920108,4.0,TOP_LANE,7943.0,13411.0,200.0,903086,INNER_TURRET,BUILDING_KILL
0.0,TOWER_BUILDING,960394,7587446982,3.0,TOP_LANE,4318.0,13875.0,200.0,955184,OUTER_TURRET,BUILDING_KILL
0.0,TOWER_BUILDING,1020402,7587446982,6.0,TOP_LANE,981.0,10441.0,100.0,994616,OUTER_TURRET,BUILDING_KILL
0.0,TOWER_BUILDING,1200462,7587446982,6.0,BOT_LANE,10504.0,1029.0,100.0,1183389,OUTER_TURRET,BUILDING_KILL
0.0,TOWER_BUILDING,1260480,7587446982,6.0,MID_LANE,5846.0,6396.0,100.0,1215738,OUTER_TURRET,BUILDING_KILL
0.0,TOWER_BUILDING,1440529,7587446982,6.0,MID_LANE,5048.0,4812.0,100.0,1392641,INNER_TURRET,BUILDING_KILL
0.0,TOWER_BUILDING,1440529,7587446982,8.0,MID_LANE,3651.0,3696.0,100.0,1422581,BASE_TURRET,BUILDING_KILL
0.0,INHIBITOR_BUILDING,1440529,7587446982,6.0,MID_LANE,3210.0,3217.0,100.0,1427624,,BUILDING_KILL
0.0,TOWER_BUILDING,1620599,7587446982,6.0,TOP_LANE,1512.0,6699.0,100.0,1575591,INNER_TURRET,BUILDING_KILL
0.0,TOWER_BUILDING,1721313,7587446982,6.0,MID_LANE,1748.0,2270.0,100.0,1711493,NEXUS_TURRET,BUILDING_KILL
0.0,TOWER_BUILDING,1721313,7587446982,6.0,MID_LANE,2177.0,1807.0,100.0,1713297,NEXUS_TURRET,BUILDING_KILL
0.0,TOWER_BUILDING,720322,7587589949,4.0,BOT_LANE,13866.0,4505.0,200.0,662164,OUTER_TURRET,BUILDING_KILL
0.0,TOWER_BUILDING,840357,7587589949,6.0,TOP_LANE,981.0,10441.0,100.0,811435,OUTER_TURRET,BUILDING_KILL
0.0,TOWER_BUILDING,1020394,7587589949,9.0,MID_LANE,5846.0,6396.0,100.0,978665,OUTER_TURRET,BUILDING_KILL
0.0,TOWER_BUILDING,1140431,7587589949,6.0,BOT_LANE,10504.0,1029.0,100.0,1112724,OUTER_TURRET,BUILDING_KILL
0.0,TOWER_BUILDING,1140431,7587589949,9.0,MID_LANE,5048.0,4812.0,100.0,1124579,INNER_TURRET,BUILDING_KILL
0.0,TOWER_BUILDING,1140431,7587589949,6.0,BOT_LANE,6919.0,1483.0,100.0,1138014,INNER_TURRET,BUILDING_KILL
250.0,TOWER_BUILDING,1260472,7587589949,1.0,TOP_LANE,4318.0,13875.0,200.0,1226492,OUTER_TURRET,BUILDING_KILL
300.0,TOWER_BUILDING,1320475,7587589949,4.0,MID_LANE,8955.0,8510.0,200.0,1270066,OUTER_TURRET,BUILDING_KILL
0.0,TOWER_BUILDING,1320475,7587589949,6.0,MID_LANE,3651.0,3696.0,100.0,1305209,BASE_TURRET,BUILDING_KILL
0.0,INHIBITOR_BUILDING,1320475,7587589949,9.0,MID_LANE,3210.0,3217.0,100.0,1310986,,BUILDING_KILL
0.0,TOWER_BUILDING,1423456,7587589949,9.0,MID_LANE,2177.0,1807.0,100.0,1408847,NEXUS_TURRET,BUILDING_KILL
0.0,TOWER_BUILDING,1423456,7587589949,6.0,MID_LANE,1748.0,2270.0,100.0,1411385,NEXUS_TURRET,BUILDING_KILL
0.0,TOWER_BUILDING,840266,7587279863,6.0,TOP_LANE,981.0,10441.0,100.0,790949,OUTER_TURRET,BUILDING_KILL
0.0,TOWER_BUILDING,840266,7587279863,8.0,BOT_LANE,10504.0,1029.0,100.0,826868,OUTER_TURRET,BUILDING_KILL
0.0,TOWER_BUILDING,900280,7587279863,4.0,MID_LANE,8955.0,8510.0,200.0,855812,OUTER_TURRET,BUILDING_KILL
0.0,TOWER_BUILDING,960287,7587279863,9.0,MID_LANE,5846.0,6396.0,100.0,910875,OUTER_TURRET,BUILDING_KILL
0.0,TOWER_BUILDING,960287,7587279863,1.0,BOT_LANE,13866.0,4505.0,200.0,948441,OUTER_TURRET,BUILDING_KILL
0.0,TOWER_BUILDING,960287,7587279863,8.0,TOP_LANE,1512.0,6699.0,100.0,949176,INNER_TURRET,BUILDING_KILL
0.0,TOWER_BUILDING,1080342,7587279863,3.0,TOP_LANE,4318.0,13875.0,200.0,1028073,OUTER_TURRET,BUILDING_KILL
0.0,TOWER_BUILDING,1140367,7587279863,0.0,MID_LANE,5048.0,4812.0,100.0,1098396,INNER_TURRET,BUILDING_KILL
0.0,TOWER_BUILDING,1200369,7587279863,10.0,BOT_LANE,6919.0,1483.0,100.0,1189363,INNER_TURRET,BUILDING_KILL
0.0,TOWER_BUILDING,1260389,7587279863,1.0,MID_LANE,9767.0,10113.0,200.0,1242957,INNER_TURRET,BUILDING_KILL
0.0,TOWER_BUILDING,1380411,7587279863,6.0,MID_LANE,3651.0,3696.0,100.0,1372898,BASE_TURRET,BUILDING_KILL
400.0,TOWER_BUILDING,1620495,7587279863,1.0,TOP_LANE,7943.0,13411.0,200.0,1607890,INNER_TURRET,BUILDING_KILL
400.0,TOWER_BUILDING,1680521,7587279863,4.0,TOP_LANE,10481.0,13650.0,200.0,1622232,BASE_TURRET,BUILDING_KILL
0.0,INHIBITOR_BUILDING,1680521,7587279863,1.0,TOP_LANE,11275.0,13663.0,200.0,1629613,,BUILDING_KILL
0.0,INHIBITOR_BUILDING,1800541,7587279863,7.0,MID_LANE,3210.0,3217.0,100.0,1772159,,BUILDING_KILL
0.0,INHIBITOR_BUILDING,1980582,7587279863,1.0,TOP_LANE,11275.0,13663.0,200.0,1976550,,BUILDING_KILL
0.0,TOWER_BUILDING,1989602,7587279863,1.0,MID_LANE,13052.0,12612.0,200.0,1982687,NEXUS_TURRET,BUILDING_KILL
0.0,TOWER_BUILDING,1989602,7587279863,2.0,MID_LANE,12611.0,13084.0,200.0,1982687,NEXUS_TURRET,BUILDING_KILL
0.0,TOWER_BUILDING,900347,7587356859,3.0,BOT_LANE,13866.0,4505.0,200.0,862412,OUTER_TURRET,BUILDING_KILL
0.0,TOWER_BUILDING,960375,7587356859,2.0,TOP_LANE,4318.0,13875.0,200.0,942457,OUTER_TURRET,BUILDING_KILL
0.0,TOWER_BUILDING,1080422,7587356859,4.0,MID_LANE,8955.0,8510.0,200.0,1055375,OUTER_TURRET,BUILDING_KILL
0.0,TOWER_BUILDING,1140449,7587356859,8.0,TOP_LANE,981.0,10441.0,100.0,1105283,OUTER_TURRET,BUILDING_KILL
0.0,TOWER_BUILDING,1260481,7587356859,9.0,MID_LANE,5846.0,6396.0,100.0,1207158,OUTER_TURRET,BUILDING_KILL
0.0,TOWER_BUILDING,1320481,7587356859,1.0,TOP_LANE,7943.0,13411.0,200.0,1292526,INNER_TURRET,BUILDING_KILL
0.0,TOWER_BUILDING,1320481,7587356859,2.0,MID_LANE,9767.0,10113.0,200.0,1302773,INNER_TURRET,BUILDING_KILL
0.0,TOWER_BUILDING,1440495,7587356859,2.0,BOT_LANE,13327.0,8226.0,200.0,1405855,INNER_TURRET,BUILDING_KILL
0.0,TOWER_BUILDING,1500520,7587356859,9.0,MID_LANE,5048.0,4812.0,100.0,1482929,INNER_TURRET,BUILDING_KILL
0.0,TOWER_BUILDING,1560539,7587356859,8.0,BOT_LANE,10504.0,1029.0,100.0,1560205,OUTER_TURRET,BUILDING_KILL
0.0,TOWER_BUILDING,1680567,7587356859,9.0,MID_LANE,3651.0,3696.0,100.0,1633767,BASE_TURRET,BUILDING_KILL
0.0,INHIBITOR_BUILDING,1680567,7587356859,9.0,MID_LANE,3210.0,3217.0,100.0,1640580,,BUILDING_KILL
0.0,TOWER_BUILDING,1980662,7587356859,9.0,TOP_LANE,1512.0,6699.0,100.0,1970741,INNER_TURRET,BUILDING_KILL
0.0,INHIBITOR_BUILDING,2040676,7587356859,9.0,MID_LANE,3210.0,3217.0,100.0,2024493,,BUILDING_KILL
0.0,TOWER_BUILDING,2040676,7587356859,7.0,BOT_LANE,6919.0,1483.0,100.0,2028868,INNER_TURRET,BUILDING_KILL
0.0,TOWER_BUILDING,2040676,7587356859,9.0,BOT_LANE,4281.0,1253.0,100.0,2038238,BASE_TURRET,BUILDING_KILL
0.0,INHIBITOR_BUILDING,2100697,7587356859,9.0,BOT_LANE,3468.0,1230.0,100.0,2041711,,BUILDING_KILL
0.0,TOWER_BUILDING,2100697,7587356859,4.0,TOP_LANE,10481.0,13650.0,200.0,2044850,BASE_TURRET,BUILDING_KILL
0.0,INHIBITOR_BUILDING,2100697,7587356859,4.0,TOP_LANE,11275.0,13663.0,200.0,2052491,,BUILDING_KILL
0.0,TOWER_BUILDING,2100697,7587356859,9.0,MID_LANE,2177.0,1807.0,100.0,2075163,NEXUS_TURRET,BUILDING_KILL
0.0,TOWER_BUILDING,2100697,7587356859,9.0,MID_LANE,1748.0,2270.0,100.0,2088460,NEXUS_TURRET,BUILDING_KILL
0.0,TOWER_BUILDING,780308,7585859869,3.0,MID_LANE,8955.0,8510.0,200.0,769099,OUTER_TURRET,BUILDING_KILL
0.0,TOWER_BUILDING,840335,7585859869,4.0,BOT_LANE,13866.0,4505.0,200.0,803204,OUTER_TURRET,BUILDING_KILL
0.0,TOWER_BUILDING,900342,7585859869,3.0,TOP_LANE,4318.0,13875.0,200.0,896728,OUTER_TURRET,BUILDING_KILL
0.0,TOWER_BUILDING,960374,7585859869,9.0,MID_LANE,5846.0,6396.0,100.0,915992,OUTER_TURRET,BUILDING_KILL
0.0,TOWER_BUILDING,1140450,7585859869,6.0,TOP_LANE,981.0,10441.0,100.0,1082527,OUTER_TURRET,BUILDING_KILL
0.0,TOWER_BUILDING,1260466,7585859869,0.0,BOT_LANE,10504.0,1029.0,100.0,1221956,OUTER_TURRET,BUILDING_KILL
0.0,TOWER_BUILDING,1500531,7585859869,3.0,MID_LANE,9767.0,10113.0,200.0,1443348,INNER_TURRET,BUILDING_KILL
0.0,TOWER_BUILDING,1500531,7585859869,5.0,MID_LANE,11134.0,11207.0,200.0,1451261,BASE_TURRET,BUILDING_KILL
0.0,INHIBITOR_BUILDING,1500531,7585859869,2.0,MID_LANE,11593.0,11669.0,200.0,1455369,,BUILDING_KILL
0.0,TOWER_BUILDING,1500531,7585859869,1.0,TOP_LANE,7943.0,13411.0,200.0,1462472,INNER_TURRET,BUILDING_KILL
0.0,TOWER_BUILDING,1500531,7585859869,2.0,TOP_LANE,10481.0,13650.0,200.0,1470413,BASE_TURRET,BUILDING_KILL
0.0,INHIBITOR_BUILDING,1500531,7585859869,3.0,TOP_LANE,11275.0,13663.0,200.0,1475257,,BUILDING_KILL
0.0,TOWER_BUILDING,1610672,7585859869,3.0,MID_LANE,13052.0,12612.0,200.0,1595565,NEXUS_TURRET,BUILDING_KILL
0.0,TOWER_BUILDING,1610672,7585859869,1.0,MID_LANE,12611.0,13084.0,200.0,1599173,NEXUS_TURRET,BUILDING_KILL
0.0,TOWER_BUILDING,600268,7587057368,9.0,BOT_LANE,10504.0,1029.0,100.0,600168,OUTER_TURRET,BUILDING_KILL
0.0,TOWER_BUILDING,780333,7587057368,8.0,TOP_LANE,981.0,10441.0,100.0,747250,OUTER_TURRET,BUILDING_KILL
0.0,TOWER_BUILDING,900362,7587057368,9.0,MID_LANE,5846.0,6396.0,100.0,850470,OUTER_TURRET,BUILDING_KILL
0.0,TOWER_BUILDING,900362,7587057368,8.0,BOT_LANE,6919.0,1483.0,100.0,851506,INNER_TURRET,BUILDING_KILL
0.0,TOWER_BUILDING,780330,7586787442,6.0,TOP_LANE,981.0,10441.0,100.0,780330,OUTER_TURRET,BUILDING_KILL
0.0,TOWER_BUILDING,840340,7586787442,5.0,BOT_LANE,13866.0,4505.0,200.0,782074,OUTER_TURRET,BUILDING_KILL
0.0,TOWER_BUILDING,960392,7586787442,4.0,MID_LANE,8955.0,8510.0,200.0,909023,OUTER_TURRET,BUILDING_KILL
0.0,TOWER_BUILDING,1020394,7586787442,7.0,MID_LANE,5846.0,6396.0,100.0,998042,OUTER_TURRET,BUILDING_KILL
0.0,TOWER_BUILDING,1200440,7586787442,8.0,BOT_LANE,10504.0,1029.0,100.0,1161114,OUTER_TURRET,BUILDING_KILL
0.0,TOWER_BUILDING,1200440,7586787442,4.0,MID_LANE,9767.0,10113.0,200.0,1188315,INNER_TURRET,BUILDING_KILL
0.0,TOWER_BUILDING,1200440,7586787442,6.0,TOP_LANE,1512.0,6699.0,100.0,1193547,INNER_TURRET,BUILDING_KILL
0.0,TOWER_BUILDING,1260462,7586787442,6.0,TOP_LANE,1169.0,4287.0,100.0,1212418,BASE_TURRET,BUILDING_KILL
0.0,TOWER_BUILDING,1320479,7586787442,4.0,MID_LANE,11134.0,11207.0,200.0,1308376,BASE_TURRET,BUILDING_KILL
0.0,INHIBITOR_BUILDING,1320479,7586787442,5.0,MID_LANE,11593.0,11669.0,200.0,1319878,,BUILDING_KILL
0.0,TOWER_BUILDING,1380509,7586787442,6.0,MID_LANE,5048.0,4812.0,100.0,1367764,INNER_TURRET,BUILDING_KILL
0.0,TOWER_BUILDING,1440528,7586787442,9.0,MID_LANE,3651.0,3696.0,100.0,1383114,BASE_TURRET,BUILDING_KILL
0.0,INHIBITOR_BUILDING,1440528,7586787442,6.0,MID_LANE,3210.0,3217.0,100.0,1386354,,BUILDING_KILL
0.0,TOWER_BUILDING,1440528,7586787442,8.0,BOT_LANE,6919.0,1483.0,100.0,1402556,INNER_TURRET,BUILDING_KILL
250.0,TOWER_BUILDING,1500561,7586787442,1.0,TOP_LANE,4318.0,13875.0,200.0,1461184,OUTER_TURRET,BUILDING_KILL
0.0,TOWER_BUILDING,1500561,7586787442,6.0,BOT_LANE,4281.0,1253.0,100.0,1477266,BASE_TURRET,BUILDING_KILL
0.0,INHIBITOR_BUILDING,1500561,7586787442,6.0,BOT_LANE,3468.0,1230.0,100.0,1482195,,BUILDING_KILL
0.0,INHIBITOR_BUILDING,1620617,7586787442,6.0,TOP_LANE,1172.0,3583.0,100.0,1599179,,BUILDING_KILL
0.0,TOWER_BUILDING,1620617,7586787442,10.0,MID_LANE,1748.0,2270.0,100.0,1618629,NEXUS_TURRET,BUILDING_KILL
0.0,TOWER_BUILDING,1628067,7586787442,7.0,MID_LANE,2177.0,1807.0,100.0,1621084,NEXUS_TURRET,BUILDING_KILL
0.0,TOWER_BUILDING,900336,7587039799,6.0,TOP_LANE,981.0,10441.0,100.0,849820,OUTER_TURRET,BUILDING_KILL
0.0,TOWER_BUILDING,900336,7587039799,1.0,TOP_LANE,4318.0,13875.0,200.0,895140,OUTER_TURRET,BUILDING_KILL
0.0,TOWER_BUILDING,930249,7587039799,3.0,BOT_LANE,13866.0,4505.0,200.0,900970,OUTER_TURRET,BUILDING_KILL
0.0,TOWER_BUILDING,900309,7587115119,1.0,BOT_LANE,13866.0,4505.0,200.0,880268,OUTER_TURRET,BUILDING_KILL
0.0,TOWER_BUILDING,1020338,7587115119,6.0,TOP_LANE,981.0,10441.0,100.0,984838,OUTER_TURRET,BUILDING_KILL
0.0,TOWER_BUILDING,1140403,7587115119,2.0,MID_LANE,8955.0,8510.0,200.0,1086418,OUTER_TURRET,BUILDING_KILL
0.0,TOWER_BUILDING,1140403,7587115119,6.0,BOT_LANE,10504.0,1029.0,100.0,1098580,OUTER_TURRET,BUILDING_KILL
0.0,TOWER_BUILDING,1140403,7587115119,4.0,MID_LANE,9767.0,10113.0,200.0,1118404,INNER_TURRET,BUILDING_KILL
0.0,TOWER_BUILDING,1320475,7587115119,8.0,MID_LANE,5846.0,6396.0,100.0,1313428,OUTER_TURRET,BUILDING_KILL
0.0,TOWER_BUILDING,1320475,7587115119,0.0,BOT_LANE,6919.0,1483.0,100.0,1316000,INNER_TURRET,BUILDING_KILL
0.0,TOWER_BUILDING,1380478,7587115119,6.0,MID_LANE,5048.0,4812.0,100.0,1333764,INNER_TURRET,BUILDING_KILL
0.0,TOWER_BUILDING,1440482,7587115119,4.0,TOP_LANE,4318.0,13875.0,200.0,1428057,OUTER_TURRET,BUILDING_KILL
0.0,TOWER_BUILDING,1740596,7587115119,4.0,BOT_LANE,13327.0,8226.0,200.0,1720482,INNER_TURRET,BUILDING_KILL
0.0,TOWER_BUILDING,1740596,7587115119,4.0,MID_LANE,11134.0,11207.0,200.0,1736291,BASE_TURRET,BUILDING_KILL
0.0,INHIBITOR_BUILDING,1740596,7587115119,4.0,MID_LANE,11593.0,11669.0,200.0,1739281,,BUILDING_KILL
0.0,TOWER_BUILDING,1755672,7587115119,4.0,MID_LANE,13052.0,12612.0,200.0,1744772,NEXUS_TURRET,BUILDING_KILL
0.0,TOWER_BUILDING,1755672,7587115119,4.0,MID_LANE,12611.0,13084.0,200.0,1747845,NEXUS_TURRET,BUILDING_KILL
0.0,TOWER_BUILDING,960319,7586842995,6.0,TOP_LANE,981.0,10441.0,100.0,952128,OUTER_TURRET,BUILDING_KILL
0.0,TOWER_BUILDING,1020333,7586842995,8.0,BOT_LANE,10504.0,1029.0,100.0,998176,OUTER_TURRET,BUILDING_KILL
0.0,TOWER_BUILDING,1140390,7586842995,8.0,MID_LANE,5846.0,6396.0,100.0,1123221,OUTER_TURRET,BUILDING_KILL
0.0,TOWER_BUILDING,1380457,7586842995,3.0,TOP_LANE,4318.0,13875.0,200.0,1332404,OUTER_TURRET,BUILDING_KILL
0.0,TOWER_BUILDING,1500478,7586842995,9.0,MID_LANE,5048.0,4812.0,100.0,1480422,INNER_TURRET,BUILDING_KILL
250.0,TOWER_BUILDING,1560479,7586842995,1.0,BOT_LANE,13866.0,4505.0,200.0,1526168,OUTER_TURRET,BUILDING_KILL
0.0,TOWER_BUILDING,1680505,7586842995,8.0,TOP_LANE,1512.0,6699.0,100.0,1628770,INNER_TURRET,BUILDING_KILL
0.0,TOWER_BUILDING,1716066,7586842995,8.0,MID_LANE,3651.0,3696.0,100.0,1692621,BASE_TURRET,BUILDING_KILL
0.0,INHIBITOR_BUILDING,1716066,7586842995,8.0,MID_LANE,3210.0,3217.0,100.0,1697198,,BUILDING_KILL
0.0,TOWER_BUILDING,1716066,7586842995,6.0,BOT_LANE,6919.0,1483.0,100.0,1699369,INNER_TURRET,BUILDING_KILL
0.0,TOWER_BUILDING,1716066,7586842995,7.0,MID_LANE,1748.0,2270.0,100.0,1703696,NEXUS_TURRET,BUILDING_KILL
0.0,TOWER_BUILDING,1716066,7586842995,9.0,MID_LANE,2177.0,1807.0,100.0,1706468,NEXUS_TURRET,BUILDING_KILL
0.0,TOWER_BUILDING,900331,7587296793,1.0,TOP_LANE,4318.0,13875.0,200.0,843828,OUTER_TURRET,BUILDING_KILL
0.0,TOWER_BUILDING,900331,7587296793,3.0,BOT_LANE,13866.0,4505.0,200.0,870017,OUTER_TURRET,BUILDING_KILL
0.0,TOWER_BUILDING,960356,7587296793,6.0,TOP_LANE,981.0,10441.0,100.0,904706,OUTER_TURRET,BUILDING_KILL
0.0,TOWER_BUILDING,960356,7587296793,3.0,MID_LANE,8955.0,8510.0,200.0,924656,OUTER_TURRET,BUILDING_KILL
0.0,TOWER_BUILDING,960356,7587296793,8.0,BOT_LANE,10504.0,1029.0,100.0,930346,OUTER_TURRET,BUILDING_KILL
0.0,TOWER_BUILDING,1080399,7587296793,6.0,MID_LANE,5846.0,6396.0,100.0,1058641,OUTER_TURRET,BUILDING_KILL
0.0,TOWER_BUILDING,900156,7587216431,8.0,MID_LANE,5846.0,6396.0,100.0,850704,OUTER_TURRET,BUILDING_KILL
0.0,TOWER_BUILDING,900156,7587216431,6.0,TOP_LANE,981.0,10441.0,100.0,861852,OUTER_TURRET,BUILDING_KILL
0.0,TOWER_BUILDING,960159,7587216431,6.0,TOP_LANE,1512.0,6699.0,100.0,914600,INNER_TURRET,BUILDING_KILL
0.0,TOWER_BUILDING,1020273,7587216431,9.0,BOT_LANE,10504.0,1029.0,100.0,966781,OUTER_TURRET,BUILDING_KILL
250.0,TOWER_BUILDING,1200312,7587216431,3.0,TOP_LANE,4318.0,13875.0,200.0,1174122,OUTER_TURRET,BUILDING_KILL
0.0,TOWER_BUILDING,1200312,7587216431,9.0,MID_LANE,5048.0,4812.0,100.0,1183508,INNER_TURRET,BUILDING_KILL
250.0,TOWER_BUILDING,1320318,7587216431,1.0,BOT_LANE,13866.0,4505.0,200.0,1313572,OUTER_TURRET,BUILDING_KILL
0.0,TOWER_BUILDING,1380324,7587216431,9.0,MID_LANE,3651.0,3696.0,100.0,1369500,BASE_TURRET,BUILDING_KILL
0.0,INHIBITOR_BUILDING,1380324,7587216431,7.0,MID_LANE,3210.0,3217.0,100.0,1375378,,BUILDING_KILL
0.0,TOWER_BUILDING,1440333,7587216431,9.0,MID_LANE,2177.0,1807.0,100.0,1385143,NEXUS_TURRET,BUILDING_KILL
0.0,TOWER_BUILDING,1440333,7587216431,9.0,MID_LANE,1748.0,2270.0,100.0,1392359,NEXUS_TURRET,BUILDING_KILL
0.0,TOWER_BUILDING,1500341,7587216431,9.0,BOT_LANE,6919.0,1483.0,100.0,1481872,INNER_TURRET,BUILDING_KILL
0.0,TOWER_BUILDING,840325,7586795067,1.0,TOP_LANE,4318.0,13875.0,200.0,784412,OUTER_TURRET,BUILDING_KILL
0.0,TOWER_BUILDING,960354,7586795067,1.0,TOP_LANE,7943.0,13411.0,200.0,900763,INNER_TURRET,BUILDING_KILL
0.0,TOWER_BUILDING,960354,7586795067,6.0,BOT_LANE,10504.0,1029.0,100.0,928695,OUTER_TURRET,BUILDING_KILL
0.0,TOWER_BUILDING,1020386,7586795067,4.0,MID_LANE,8955.0,8510.0,200.0,1001380,OUTER_TURRET,BUILDING_KILL
0.0,TOWER_BUILDING,1080392,7586795067,4.0,BOT_LANE,13866.0,4505.0,200.0,1049748,OUTER_TURRET,BUILDING_KILL
0.0,TOWER_BUILDING,1159582,7586795067,4.0,MID_LANE,9767.0,10113.0,200.0,1152864,INNER_TURRET,BUILDING_KILL
0.0,TOWER_BUILDING,900352,7586160968,8.0,MID_LANE,5846.0,6396.0,100.0,853986,OUTER_TURRET,BUILDING_KILL
0.0,TOWER_BUILDING,900352,7586160968,6.0,TOP_LANE,981.0,10441.0,100.0,872624,OUTER_TURRET,BUILDING_KILL
0.0,TOWER_BUILDING,960357,7586160968,8.0,BOT_LANE,10504.0,1029.0,100.0,918304,OUTER_TURRET,BUILDING_KILL
0.0,TOWER_BUILDING,1080383,7586160968,9.0,MID_LANE,5048.0,4812.0,100.0,1053201,INNER_TURRET,BUILDING_KILL
0.0,TOWER_BUILDING,1080383,7586160968,8.0,MID_LANE,3651.0,3696.0,100.0,1063200,BASE_TURRET,BUILDING_KILL
0.0,TOWER_BUILDING,1140388,7586160968,10.0,BOT_LANE,6919.0,1483.0,100.0,1080851,INNER_TURRET,BUILDING_KILL
250.0,TOWER_BUILDING,1320429,7586160968,1.0,BOT_LANE,13866.0,4505.0,200.0,1281954,OUTER_TURRET,BUILDING_KILL
200.0,TOWER_BUILDING,1380446,7586160968,3.0,TOP_LANE,4318.0,13875.0,200.0,1364704,OUTER_TURRET,BUILDING_KILL
0.0,TOWER_BUILDING,1440467,7586160968,7.0,TOP_LANE,1512.0,6699.0,100.0,1419305,INNER_TURRET,BUILDING_KILL
0.0,TOWER_BUILDING,1500475,7586160968,9.0,TOP_LANE,1169.0,4287.0,100.0,1445587,BASE_TURRET,BUILDING_KILL
0.0,INHIBITOR_BUILDING,1500475,7586160968,8.0,TOP_LANE,1172.0,3583.0,100.0,1453970,,BUILDING_KILL
0.0,INHIBITOR_BUILDING,1500475,7586160968,10.0,MID_LANE,3210.0,3217.0,100.0,1460595,,BUILDING_KILL
0.0,TOWER_BUILDING,960310,7587152791,5.0,MID_LANE,8955.0,8510.0,200.0,907622,OUTER_TURRET,BUILDING_KILL
0.0,TOWER_BUILDING,960310,7587152791,8.0,BOT_LANE,10504.0,1029.0,100.0,941868,OUTER_TURRET,BUILDING_KILL
0.0,TOWER_BUILDING,1080341,7587152791,8.0,TOP_LANE,981.0,10441.0,100.0,1048168,OUTER_TURRET,BUILDING_KILL
0.0,TOWER_BUILDING,1140359,7587152791,0.0,TOP_LANE,4318.0,13875.0,200.0,1106114,OUTER_TURRET,BUILDING_KILL
0.0,TOWER_BUILDING,1200368,7587152791,9.0,MID_LANE,5846.0,6396.0,100.0,1145235,OUTER_TURRET,BUILDING_KILL
0.0,TOWER_BUILDING,1380431,7587152791,0.0,MID_LANE,5048.0,4812.0,100.0,1334269,INNER_TURRET,BUILDING_KILL
0.0,TOWER_BUILDING,1380431,7587152791,3.0,BOT_LANE,13866.0,4505.0,200.0,1342753,OUTER_TURRET,BUILDING_KILL
320.0,TOWER_BUILDING,1740548,7587152791,1.0,TOP_LANE,7943.0,13411.0,200.0,1718049,INNER_TURRET,BUILDING_KILL
0.0,TOWER_BUILDING,1800572,7587152791,7.0,TOP_LANE,1512.0,6699.0,100.0,1798467,INNER_TURRET,BUILDING_KILL
0.0,TOWER_BUILDING,1860597,7587152791,9.0,TOP_LANE,1169.0,4287.0,100.0,1827603,BASE_TURRET,BUILDING_KILL
0.0,INHIBITOR_BUILDING,1860597,7587152791,9.0,TOP_LANE,1172.0,3583.0,100.0,1837267,,BUILDING_KILL
0.0,TOWER_BUILDING,1860597,7587152791,8.0,BOT_LANE,6919.0,1483.0,100.0,1847320,INNER_TURRET,BUILDING_KILL
0.0,TOWER_BUILDING,1956558,7587152791,10.0,MID_LANE,3651.0,3696.0,100.0,1928021,BASE_TURRET,BUILDING_KILL
0.0,INHIBITOR_BUILDING,1956558,7587152791,6.0,MID_LANE,3210.0,3217.0,100.0,1932196,,BUILDING_KILL
0.0,TOWER_BUILDING,1956558,7587152791,9.0,MID_LANE,1748.0,2270.0,100.0,1947092,NEXUS_TURRET,BUILDING_KILL
0.0,TOWER_BUILDING,1956558,7587152791,9.0,MID_LANE,2177.0,1807.0,100.0,1949478,NEXUS_TURRET,BUILDING_KILL
0.0,TOWER_BUILDING,840318,7586006300,1.0,TOP_LANE,4318.0,13875.0,200.0,809866,OUTER_TURRET,BUILDING_KILL
0.0,TOWER_BUILDING,900343,7586006300,4.0,BOT_LANE,13866.0,4505.0,200.0,890564,OUTER_TURRET,BUILDING_KILL
0.0,TOWER_BUILDING,1020365,7586006300,1.0,TOP_LANE,7943.0,13411.0,200.0,1004431,INNER_TURRET,BUILDING_KILL
0.0,TOWER_BUILDING,1020365,7586006300,4.0,MID_LANE,8955.0,8510.0,200.0,1005834,OUTER_TURRET,BUILDING_KILL
200.0,TOWER_BUILDING,1140402,7586006300,9.0,MID_LANE,5846.0,6396.0,100.0,1095207,OUTER_TURRET,BUILDING_KILL
0.0,TOWER_BUILDING,1260429,7586006300,1.0,MID_LANE,9767.0,10113.0,200.0,1214889,INNER_TURRET,BUILDING_KILL
0.0,TOWER_BUILDING,1320446,7586006300,4.0,BOT_LANE,13327.0,8226.0,200.0,1263301,INNER_TURRET,BUILDING_KILL
0.0,TOWER_BUILDING,1320446,7586006300,1.0,BOT_LANE,13624.0,10572.0,200.0,1289976,BASE_TURRET,BUILDING_KILL
0.0,TOWER_BUILDING,1500506,7586006300,3.0,MID_LANE,11134.0,11207.0,200.0,1479859,BASE_TURRET,BUILDING_KILL
0.0,TOWER_BUILDING,900324,7587163494,4.0,BOT_LANE,13866.0,4505.0,200.0,847942,OUTER_TURRET,BUILDING_KILL
0.0,TOWER_BUILDING,943829,7587163494,1.0,TOP_LANE,4318.0,13875.0,200.0,926916,OUTER_TURRET,BUILDING_KILL
0.0,TOWER_BUILDING,960321,7586246891,2.0,BOT_LANE,13866.0,4505.0,200.0,923818,OUTER_TURRET,BUILDING_KILL
0.0,TOWER_BUILDING,960321,7586246891,9.0,MID_LANE,5846.0,6396.0,100.0,942755,OUTER_TURRET,BUILDING_KILL
0.0,TOWER_BUILDING,1080341,7586246891,4.0,MID_LANE,8955.0,8510.0,200.0,1040444,OUTER_TURRET,BUILDING_KILL
0.0,TOWER_BUILDING,1080341,7586246891,8.0,TOP_LANE,981.0,10441.0,100.0,1062282,OUTER_TURRET,BUILDING_KILL
0.0,TOWER_BUILDING,1140370,7586246891,3.0,MID_LANE,9767.0,10113.0,200.0,1118695,INNER_TURRET,BUILDING_KILL
0.0,TOWER_BUILDING,1200403,7586246891,7.0,BOT_LANE,10504.0,1029.0,100.0,1170907,OUTER_TURRET,BUILDING_KILL
0.0,TOWER_BUILDING,1200403,7586246891,5.0,MID_LANE,11134.0,11207.0,200.0,1187900,BASE_TURRET,BUILDING_KILL
0.0,TOWER_BUILDING,1200403,7586246891,7.0,BOT_LANE,6919.0,1483.0,100.0,1188301,INNER_TURRET,BUILDING_KILL
0.0,TOWER_BUILDING,1260426,7586246891,6.0,BOT_LANE,4281.0,1253.0,100.0,1201638,BASE_TURRET,BUILDING_KILL
0.0,TOWER_BUILDING,780339,7586971237,6.0,TOP_LANE,981.0,10441.0,100.0,740789,OUTER_TURRET,BUILDING_KILL
0.0,TOWER_BUILDING,780339,7586971237,9.0,BOT_LANE,10504.0,1029.0,100.0,754354,OUTER_TURRET,BUILDING_KILL
0.0,TOWER_BUILDING,840353,7586971237,10.0,MID_LANE,5846.0,6396.0,100.0,823046,OUTER_TURRET,BUILDING_KILL
0.0,TOWER_BUILDING,900373,7586971237,6.0,BOT_LANE,6919.0,1483.0,100.0,856377,INNER_TURRET,BUILDING_KILL
0.0,TOWER_BUILDING,900373,7586971237,10.0,MID_LANE,5048.0,4812.0,100.0,868535,INNER_TURRET,BUILDING_KILL
0.0,TOWER_BUILDING,780325,7585836961,5.0,MID_LANE,8955.0,8510.0,200.0,774047,OUTER_TURRET,BUILDING_KILL
0.0,TOWER_BUILDING,900363,7585836961,3.0,BOT_LANE,13866.0,4505.0,200.0,896121,OUTER_TURRET,BUILDING_KILL
0.0,TOWER_BUILDING,660280,7585937463,8.0,MID_LANE,5846.0,6396.0,100.0,650572,OUTER_TURRET,BUILDING_KILL
0.0,TOWER_BUILDING,840340,7585937463,6.0,TOP_LANE,981.0,10441.0,100.0,796242,OUTER_TURRET,BUILDING_KILL
0.0,TOWER_BUILDING,840340,7585937463,8.0,MID_LANE,5048.0,4812.0,100.0,833952,INNER_TURRET,BUILDING_KILL
0.0,TOWER_BUILDING,900354,7585937463,9.0,BOT_LANE,10504.0,1029.0,100.0,860690,OUTER_TURRET,BUILDING_KILL
0.0,TOWER_BUILDING,780293,7586594764,0.0,TOP_LANE,4318.0,13875.0,200.0,722858,OUTER_TURRET,BUILDING_KILL
0.0,TOWER_BUILDING,840317,7586594764,5.0,BOT_LANE,13866.0,4505.0,200.0,801611,OUTER_TURRET,BUILDING_KILL
0.0,TOWER_BUILDING,900350,7586594764,1.0,TOP_LANE,7943.0,13411.0,200.0,889147,INNER_TURRET,BUILDING_KILL
250.0,TOWER_BUILDING,960373,7586594764,0.0,TOP_LANE,981.0,10441.0,100.0,955794,OUTER_TURRET,BUILDING_KILL
0.0,TOWER_BUILDING,960308,7586174866,3.0,TOP_LANE,4318.0,13875.0,200.0,917178,OUTER_TURRET,BUILDING_KILL
0.0,TOWER_BUILDING,1020337,7586174866,1.0,BOT_LANE,13866.0,4505.0,200.0,984451,OUTER_TURRET,BUILDING_KILL
0.0,TOWER_BUILDING,1020337,7586174866,10.0,MID_LANE,5846.0,6396.0,100.0,1008592,OUTER_TURRET,BUILDING_KILL
0.0,TOWER_BUILDING,720259,7587624217,9.0,BOT_LANE,10504.0,1029.0,100.0,696773,OUTER_TURRET,BUILDING_KILL
0.0,TOWER_BUILDING,1020349,7587624217,6.0,TOP_LANE,981.0,10441.0,100.0,985985,OUTER_TURRET,BUILDING_KILL
0.0,TOWER_BUILDING,1020349,7587624217,9.0,MID_LANE,5846.0,6396.0,100.0,1000867,OUTER_TURRET,BUILDING_KILL
0.0,TOWER_BUILDING,1140368,7587624217,8.0,MID_LANE,5048.0,4812.0,100.0,1092098,INNER_TURRET,BUILDING_KILL
300.0,TOWER_BUILDING,1140368,7587624217,1.0,TOP_LANE,4318.0,13875.0,200.0,1105446,OUTER_TURRET,BUILDING_KILL
0.0,TOWER_BUILDING,1200374,7587624217,6.0,BOT_LANE,6919.0,1483.0,100.0,1144710,INNER_TURRET,BUILDING_KILL
300.0,TOWER_BUILDING,1320421,7587624217,1.0,BOT_LANE,13866.0,4505.0,200.0,1289398,OUTER_TURRET,BUILDING_KILL
0.0,TOWER_BUILDING,1500471,7587624217,7.0,TOP_LANE,1512.0,6699.0,100.0,1493323,INNER_TURRET,BUILDING_KILL
0.0,TOWER_BUILDING,1599728,7587624217,8.0,MID_LANE,3651.0,3696.0,100.0,1564823,BASE_TURRET,BUILDING_KILL
0.0,INHIBITOR_BUILDING,1599728,7587624217,6.0,MID_LANE,3210.0,3217.0,100.0,1571135,,BUILDING_KILL
0.0,TOWER_BUILDING,1599728,7587624217,8.0,MID_LANE,1748.0,2270.0,100.0,1580892,NEXUS_TURRET,BUILDING_KILL
0.0,TOWER_BUILDING,1599728,7587624217,8.0,MID_LANE,2177.0,1807.0,100.0,1586485,NEXUS_TURRET,BUILDING_KILL
0.0,TOWER_BUILDING,840287,7586579274,9.0,BOT_LANE,10504.0,1029.0,100.0,805430,OUTER_TURRET,BUILDING_KILL
0.0,TOWER_BUILDING,1140379,7586579274,0.0,TOP_LANE,981.0,10441.0,100.0,1111514,OUTER_TURRET,BUILDING_KILL
0.0,TOWER_BUILDING,1260425,7586579274,2.0,MID_LANE,8955.0,8510.0,200.0,1229324,OUTER_TURRET,BUILDING_KILL
0.0,TOWER_BUILDING,1320433,7586579274,9.0,TOP_LANE,1512.0,6699.0,100.0,1304521,INNER_TURRET,BUILDING_KILL
0.0,TOWER_BUILDING,1380438,7586579274,8.0,BOT_LANE,6919.0,1483.0,100.0,1341747,INNER_TURRET,BUILDING_KILL
0.0,TOWER_BUILDING,1500467,7586579274,3.0,MID_LANE,9767.0,10113.0,200.0,1480614,INNER_TURRET,BUILDING_KILL
0.0,TOWER_BUILDING,1620497,7586579274,3.0,BOT_LANE,13866.0,4505.0,200.0,1573193,OUTER_TURRET,BUILDING_KILL
0.0,TOWER_BUILDING,1740560,7586579274,8.0,MID_LANE,5846.0,6396.0,100.0,1723120,OUTER_TURRET,BUILDING_KILL
0.0,TOWER_BUILDING,1800572,7586579274,1.0,TOP_LANE,4318.0,13875.0,200.0,1742297,OUTER_TURRET,BUILDING_KILL
0.0,TOWER_BUILDING,1800572,7586579274,4.0,BOT_LANE,13327.0,8226.0,200.0,1752407,INNER_TURRET,BUILDING_KILL
480.0,TOWER_BUILDING,1920589,7586579274,8.0,BOT_LANE,4281.0,1253.0,100.0,1862898,BASE_TURRET,BUILDING_KILL
0.0,INHIBITOR_BUILDING,1920589,7586579274,9.0,BOT_LANE,3468.0,1230.0,100.0,1873797,,BUILDING_KILL
0.0,TOWER_BUILDING,1920589,7586579274,5.0,TOP_LANE,7943.0,13411.0,200.0,1880789,INNER_TURRET,BUILDING_KILL
0.0,TOWER_BUILDING,1920589,7586579274,4.0,MID_LANE,11134.0,11207.0,200.0,1885367,BASE_TURRET,BUILDING_KILL
0.0,INHIBITOR_BUILDING,1920589,7586579274,4.0,MID_LANE,11593.0,11669.0,200.0,1891591,,BUILDING_KILL
0.0,TOWER_BUILDING,1920589,7586579274,4.0,TOP_LANE,10481.0,13650.0,200.0,1899963,BASE_TURRET,BUILDING_KILL
0.0,INHIBITOR_BUILDING,1920589,7586579274,4.0,TOP_LANE,11275.0,13663.0,200.0,1910084,,BUILDING_KILL
0.0,TOWER_BUILDING,840337,7586824029,4.0,BOT_LANE,13866.0,4505.0,200.0,810410,OUTER_TURRET,BUILDING_KILL
0.0,TOWER_BUILDING,960369,7586824029,4.0,MID_LANE,8955.0,8510.0,200.0,936342,OUTER_TURRET,BUILDING_KILL
0.0,TOWER_BUILDING,960369,7586824029,4.0,MID_LANE,9767.0,10113.0,200.0,952367,INNER_TURRET,BUILDING_KILL
0.0,TOWER_BUILDING,960369,7586824029,6.0,TOP_LANE,981.0,10441.0,100.0,952935,OUTER_TURRET,BUILDING_KILL
0.0,TOWER_BUILDING,1020376,7586824029,8.0,BOT_LANE,10504.0,1029.0,100.0,1008232,OUTER_TURRET,BUILDING_KILL
0.0,TOWER_BUILDING,1080377,7586824029,3.0,TOP_LANE,4318.0,13875.0,200.0,1051772,OUTER_TURRET,BUILDING_KILL
0.0,TOWER_BUILDING,1080377,7586824029,3.0,TOP_LANE,7943.0,13411.0,200.0,1072180,INNER_TURRET,BUILDING_KILL
0.0,TOWER_BUILDING,1200409,7586824029,1.0,BOT_LANE,13327.0,8226.0,200.0,1144663,INNER_TURRET,BUILDING_KILL
0.0,TOWER_BUILDING,1440492,7586824029,4.0,MID_LANE,11134.0,11207.0,200.0,1430252,BASE_TURRET,BUILDING_KILL
0.0,INHIBITOR_BUILDING,1440492,7586824029,3.0,MID_LANE,11593.0,11669.0,200.0,1440024,,BUILDING_KILL
0.0,TOWER_BUILDING,1475388,7586824029,4.0,MID_LANE,13052.0,12612.0,200.0,1448786,NEXUS_TURRET,BUILDING_KILL
0.0,TOWER_BUILDING,1475388,7586824029,2.0,MID_LANE,12611.0,13084.0,200.0,1465184,NEXUS_TURRET,BUILDING_KILL
0.0,TOWER_BUILDING,1020296,7587615075,4.0,BOT_LANE,13866.0,4505.0,200.0,968903,OUTER_TURRET,BUILDING_KILL
0.0,TOWER_BUILDING,1020296,7587615075,7.0,MID_LANE,5846.0,6396.0,100.0,976017,OUTER_TURRET,BUILDING_KILL
0.0,TOWER_BUILDING,1020296,7587615075,3.0,TOP_LANE,4318.0,13875.0,200.0,986079,OUTER_TURRET,BUILDING_KILL
0.0,TOWER_BUILDING,1140328,7587615075,1.0,MID_LANE,8955.0,8510.0,200.0,1104220,OUTER_TURRET,BUILDING_KILL
0.0,TOWER_BUILDING,1140328,7587615075,6.0,BOT_LANE,10504.0,1029.0,100.0,1105790,OUTER_TURRET,BUILDING_KILL
0.0,TOWER_BUILDING,1140328,7587615075,1.0,MID_LANE,9767.0,10113.0,200.0,1116233,INNER_TURRET,BUILDING_KILL
0.0,TOWER_BUILDING,1380385,7587615075,6.0,TOP_LANE,981.0,10441.0,100.0,1374749,OUTER_TURRET,BUILDING_KILL
0.0,TOWER_BUILDING,1440400,7587615075,7.0,TOP_LANE,1512.0,6699.0,100.0,1403808,INNER_TURRET,BUILDING_KILL
0.0,TOWER_BUILDING,1740479,7587615075,2.0,BOT_LANE,13327.0,8226.0,200.0,1683784,INNER_TURRET,BUILDING_KILL
0.0,TOWER_BUILDING,1740479,7587615075,4.0,BOT_LANE,13624.0,10572.0,200.0,1696378,BASE_TURRET,BUILDING_KILL
0.0,INHIBITOR_BUILDING,1740479,7587615075,3.0,BOT_LANE,13594.0,11319.0,200.0,1714773,,BUILDING_KILL
0.0,TOWER_BUILDING,1740479,7587615075,1.0,MID_LANE,11134.0,11207.0,200.0,1725647,BASE_TURRET,BUILDING_KILL
0.0,TOWER_BUILDING,1740479,7587615075,3.0,MID_LANE,13052.0,12612.0,200.0,1729120,NEXUS_TURRET,BUILDING_KILL
0.0,TOWER_BUILDING,1740479,7587615075,1.0,MID_LANE,12611.0,13084.0,200.0,1734243,NEXUS_TURRET,BUILDING_KILL
0.0,INHIBITOR_BUILDING,1740479,7587615075,2.0,MID_LANE,11593.0,11669.0,200.0,1739419,,BUILDING_KILL
0.0,TOWER_BUILDING,720243,7587393472,4.0,BOT_LANE,13866.0,4505.0,200.0,719574,OUTER_TURRET,BUILDING_KILL
0.0,TOWER_BUILDING,840287,7587393472,4.0,TOP_LANE,4318.0,13875.0,200.0,800785,OUTER_TURRET,BUILDING_KILL
0.0,TOWER_BUILDING,720231,7586520666,5.0,BOT_LANE,13866.0,4505.0,200.0,699466,OUTER_TURRET,BUILDING_KILL
0.0,TOWER_BUILDING,1020325,7586520666,2.0,MID_LANE,8955.0,8510.0,200.0,995638,OUTER_TURRET,BUILDING_KILL
0.0,TOWER_BUILDING,1140377,7586520666,8.0,TOP_LANE,981.0,10441.0,100.0,1081293,OUTER_TURRET,BUILDING_KILL
0.0,TOWER_BUILDING,1200386,7586520666,3.0,TOP_LANE,4318.0,13875.0,200.0,1175777,OUTER_TURRET,BUILDING_KILL
0.0,TOWER_BUILDING,1260411,7586520666,5.0,BOT_LANE,13327.0,8226.0,200.0,1247869,INNER_TURRET,BUILDING_KILL
0.0,TOWER_BUILDING,1620525,7586520666,9.0,MID_LANE,5846.0,6396.0,100.0,1561091,OUTER_TURRET,BUILDING_KILL
0.0,TOWER_BUILDING,1620525,7586520666,7.0,MID_LANE,5048.0,4812.0,100.0,1569241,INNER_TURRET,BUILDING_KILL
0.0,TOWER_BUILDING,1800592,7586520666,3.0,TOP_LANE,7943.0,13411.0,200.0,1758439,INNER_TURRET,BUILDING_KILL
0.0,TOWER_BUILDING,1800592,7586520666,3.0,MID_LANE,9767.0,10113.0,200.0,1785338,INNER_TURRET,BUILDING_KILL
0.0,TOWER_BUILDING,1920605,7586520666,3.0,BOT_LANE,13624.0,10572.0,200.0,1888436,BASE_TURRET,BUILDING_KILL
0.0,INHIBITOR_BUILDING,1920605,7586520666,4.0,BOT_LANE,13594.0,11319.0,200.0,1894748,,BUILDING_KILL
0.0,TOWER_BUILDING,2040651,7586520666,3.0,TOP_LANE,10481.0,13650.0,200.0,2012618,BASE_TURRET,BUILDING_KILL
0.0,INHIBITOR_BUILDING,2040651,7586520666,3.0,TOP_LANE,11275.0,13663.0,200.0,2017066,,BUILDING_KILL
0.0,TOWER_BUILDING,2100664,7586520666,4.0,MID_LANE,11134.0,11207.0,200.0,2052087,BASE_TURRET,BUILDING_KILL
0.0,INHIBITOR_BUILDING,2100664,7586520666,3.0,MID_LANE,11593.0,11669.0,200.0,2056229,,BUILDING_KILL
0.0,TOWER_BUILDING,2100664,7586520666,5.0,MID_LANE,13052.0,12612.0,200.0,2068392,NEXUS_TURRET,BUILDING_KILL
0.0,TOWER_BUILDING,2100664,7586520666,4.0,MID_LANE,12611.0,13084.0,200.0,2079721,NEXUS_TURRET,BUILDING_KILL
0.0,INHIBITOR_BUILDING,2220723,7586520666,2.0,BOT_LANE,13594.0,11319.0,200.0,2218835,,BUILDING_KILL
0.0,TOWER_BUILDING,900338,7587009849,9.0,BOT_LANE,10504.0,1029.0,100.0,842784,OUTER_TURRET,BUILDING_KILL
0.0,TOWER_BUILDING,960368,7587009849,1.0,TOP_LANE,4318.0,13875.0,200.0,942802,OUTER_TURRET,BUILDING_KILL
0.0,TOWER_BUILDING,1080403,7587009849,8.0,TOP_LANE,981.0,10441.0,100.0,1024047,OUTER_TURRET,BUILDING_KILL
0.0,TOWER_BUILDING,1140424,7587009849,9.0,MID_LANE,5846.0,6396.0,100.0,1120965,OUTER_TURRET,BUILDING_KILL
0.0,TOWER_BUILDING,1380482,7587009849,2.0,TOP_LANE,7943.0,13411.0,200.0,1363250,INNER_TURRET,BUILDING_KILL
0.0,TOWER_BUILDING,1440514,7587009849,0.0,BOT_LANE,13866.0,4505.0,200.0,1404065,OUTER_TURRET,BUILDING_KILL
0.0,TOWER_BUILDING,1560549,7587009849,0.0,MID_LANE,5048.0,4812.0,100.0,1548497,INNER_TURRET,BUILDING_KILL
0.0,TOWER_BUILDING,1680596,7587009849,7.0,MID_LANE,3651.0,3696.0,100.0,1663266,BASE_TURRET,BUILDING_KILL
0.0,INHIBITOR_BUILDING,1680596,7587009849,8.0,MID_LANE,3210.0,3217.0,100.0,1669815,,BUILDING_KILL
0.0,TOWER_BUILDING,1680596,7587009849,6.0,BOT_LANE,6919.0,1483.0,100.0,1679761,INNER_TURRET,BUILDING_KILL
0.0,TOWER_BUILDING,1954271,7587009849,6.0,MID_LANE,1748.0,2270.0,100.0,1947375,NEXUS_TURRET,BUILDING_KILL
0.0,TOWER_BUILDING,1020482,7587520373,9.0,BOT_LANE,10504.0,1029.0,100.0,1012987,OUTER_TURRET,BUILDING_KILL
0.0,TOWER_BUILDING,1080513,7587520373,4.0,BOT_LANE,13866.0,4505.0,200.0,1048819,OUTER_TURRET,BUILDING_KILL
0.0,TOWER_BUILDING,1080513,7587520373,1.0,TOP_LANE,4318.0,13875.0,200.0,1068700,OUTER_TURRET,BUILDING_KILL
0.0,TOWER_BUILDING,1140514,7587520373,2.0,TOP_LANE,7943.0,13411.0,200.0,1084778,INNER_TURRET,BUILDING_KILL
0.0,TOWER_BUILDING,1140514,7587520373,9.0,TOP_LANE,981.0,10441.0,100.0,1132839,OUTER_TURRET,BUILDING_KILL
0.0,TOWER_BUILDING,1200541,7587520373,9.0,TOP_LANE,1512.0,6699.0,100.0,1159126,INNER_TURRET,BUILDING_KILL
0.0,TOWER_BUILDING,1200541,7587520373,2.0,MID_LANE,8955.0,8510.0,200.0,1182624,OUTER_TURRET,BUILDING_KILL
0.0,TOWER_BUILDING,1260558,7587520373,6.0,BOT_LANE,6919.0,1483.0,100.0,1203115,INNER_TURRET,BUILDING_KILL
0.0,TOWER_BUILDING,1260558,7587520373,9.0,MID_LANE,5846.0,6396.0,100.0,1218404,OUTER_TURRET,BUILDING_KILL
0.0,TOWER_BUILDING,1680654,7587520373,1.0,MID_LANE,9767.0,10113.0,200.0,1638485,INNER_TURRET,BUILDING_KILL
0.0,TOWER_BUILDING,1680654,7587520373,4.0,MID_LANE,11134.0,11207.0,200.0,1660037,BASE_TURRET,BUILDING_KILL
0.0,TOWER_BUILDING,1680654,7587520373,2.0,BOT_LANE,13327.0,8226.0,200.0,1676054,INNER_TURRET,BUILDING_KILL
0.0,INHIBITOR_BUILDING,1680654,7587520373,1.0,MID_LANE,11593.0,11669.0,200.0,1679961,,BUILDING_KILL
0.0,TOWER_BUILDING,1740684,7587520373,2.0,BOT_LANE,13624.0,10572.0,200.0,1689430,BASE_TURRET,BUILDING_KILL
0.0,INHIBITOR_BUILDING,1860730,7587520373,4.0,BOT_LANE,13594.0,11319.0,200.0,1846884,,BUILDING_KILL
0.0,TOWER_BUILDING,1875665,7587520373,4.0,MID_LANE,13052.0,12612.0,200.0,1861131,NEXUS_TURRET,BUILDING_KILL
0.0,TOWER_BUILDING,1875665,7587520373,4.0,MID_LANE,12611.0,13084.0,200.0,1866441,NEXUS_TURRET,BUILDING_KILL
0.0,TOWER_BUILDING,780239,7587535566,4.0,BOT_LANE,13866.0,4505.0,200.0,746737,OUTER_TURRET,BUILDING_KILL
0.0,TOWER_BUILDING,960269,7587535566,4.0,MID_LANE,8955.0,8510.0,200.0,907641,OUTER_TURRET,BUILDING_KILL
0.0,TOWER_BUILDING,1020292,7587535566,5.0,BOT_LANE,13327.0,8226.0,200.0,995608,INNER_TURRET,BUILDING_KILL
0.0,TOWER_BUILDING,1020292,7587535566,1.0,TOP_LANE,4318.0,13875.0,200.0,1013588,OUTER_TURRET,BUILDING_KILL
0.0,TOWER_BUILDING,1080302,7587535566,1.0,MID_LANE,9767.0,10113.0,200.0,1062033,INNER_TURRET,BUILDING_KILL
0.0,TOWER_BUILDING,1080302,7587535566,5.0,MID_LANE,11134.0,11207.0,200.0,1074992,BASE_TURRET,BUILDING_KILL
0.0,INHIBITOR_BUILDING,1140328,7587535566,4.0,MID_LANE,11593.0,11669.0,200.0,1080602,,BUILDING_KILL
0.0,TOWER_BUILDING,1260364,7587535566,3.0,BOT_LANE,13624.0,10572.0,200.0,1244491,BASE_TURRET,BUILDING_KILL
350.0,TOWER_BUILDING,1380393,7587535566,9.0,TOP_LANE,981.0,10441.0,100.0,1347852,OUTER_TURRET,BUILDING_KILL
0.0,INHIBITOR_BUILDING,1380393,7587535566,3.0,BOT_LANE,13594.0,11319.0,200.0,1374183,,BUILDING_KILL
0.0,TOWER_BUILDING,1380393,7587535566,1.0,MID_LANE,13052.0,12612.0,200.0,1378735,NEXUS_TURRET,BUILDING_KILL
0.0,TOWER_BUILDING,1440417,7587535566,4.0,MID_LANE,12611.0,13084.0,200.0,1386070,NEXUS_TURRET,BUILDING_KILL
0.0,INHIBITOR_BUILDING,1440417,7587535566,0.0,MID_LANE,11593.0,11669.0,200.0,1409100,,BUILDING_KILL
250.0,TOWER_BUILDING,1560433,7587535566,6.0,BOT_LANE,10504.0,1029.0,100.0,1552384,OUTER_TURRET,BUILDING_KILL
250.0,TOWER_BUILDING,1620461,7587535566,6.0,MID_LANE,5846.0,6396.0,100.0,1601442,OUTER_TURRET,BUILDING_KILL
0.0,TOWER_BUILDING,1680486,7587535566,1.0,MID_LANE,13052.0,12612.0,200.0,1648641,NEXUS_TURRET,BUILDING_KILL
320.0,TOWER_BUILDING,1740510,7587535566,6.0,MID_LANE,5048.0,4812.0,100.0,1697094,INNER_TURRET,BUILDING_KILL
0.0,INHIBITOR_BUILDING,1800513,7587535566,1.0,MID_LANE,11593.0,11669.0,200.0,1759092,,BUILDING_KILL
0.0,TOWER_BUILDING,1800513,7587535566,4.0,MID_LANE,12611.0,13084.0,200.0,1779466,NEXUS_TURRET,BUILDING_KILL
0.0,TOWER_BUILDING,2160592,7587535566,9.0,TOP_LANE,1512.0,6699.0,100.0,2126907,INNER_TURRET,BUILDING_KILL
0.0,TOWER_BUILDING,2160592,7587535566,6.0,MID_LANE,3651.0,3696.0,100.0,2137795,BASE_TURRET,BUILDING_KILL
0.0,INHIBITOR_BUILDING,2160592,7587535566,8.0,MID_LANE,3210.0,3217.0,100.0,2148966,,BUILDING_KILL
0.0,TOWER_BUILDING,2181233,7587535566,6.0,MID_LANE,1748.0,2270.0,100.0,2175153,NEXUS_TURRET,BUILDING_KILL
0.0,TOWER_BUILDING,2181233,7587535566,6.0,MID_LANE,2177.0,1807.0,100.0,2176122,NEXUS_TURRET,BUILDING_KILL
0.0,TOWER_BUILDING,1020372,7585800400,8.0,BOT_LANE,10504.0,1029.0,100.0,977851,OUTER_TURRET,BUILDING_KILL
0.0,TOWER_BUILDING,1080389,7585800400,2.0,TOP_LANE,4318.0,13875.0,200.0,1033812,OUTER_TURRET,BUILDING_KILL
0.0,TOWER_BUILDING,1200411,7585800400,6.0,TOP_LANE,981.0,10441.0,100.0,1143712,OUTER_TURRET,BUILDING_KILL
0.0,TOWER_BUILDING,1200411,7585800400,6.0,MID_LANE,5846.0,6396.0,100.0,1173851,OUTER_TURRET,BUILDING_KILL
0.0,TOWER_BUILDING,1200411,7585800400,8.0,MID_LANE,5048.0,4812.0,100.0,1184728,INNER_TURRET,BUILDING_KILL
0.0,TOWER_BUILDING,1320439,7585800400,3.0,MID_LANE,8955.0,8510.0,200.0,1296403,OUTER_TURRET,BUILDING_KILL
0.0,TOWER_BUILDING,1920636,7585800400,1.0,MID_LANE,9767.0,10113.0,200.0,1868420,INNER_TURRET,BUILDING_KILL
0.0,TOWER_BUILDING,1920636,7585800400,6.0,BOT_LANE,6919.0,1483.0,100.0,1892287,INNER_TURRET,BUILDING_KILL
0.0,TOWER_BUILDING,2040650,7585800400,8.0,MID_LANE,3651.0,3696.0,100.0,2036408,BASE_TURRET,BUILDING_KILL
0.0,INHIBITOR_BUILDING,2040650,7585800400,9.0,MID_LANE,3210.0,3217.0,100.0,2039414,,BUILDING_KILL
0.0,TOWER_BUILDING,2056096,7585800400,9.0,MID_LANE,1748.0,2270.0,100.0,2047513,NEXUS_TURRET,BUILDING_KILL
0.0,TOWER_BUILDING,2056096,7585800400,6.0,MID_LANE,2177.0,1807.0,100.0,2048514,NEXUS_TURRET,BUILDING_KILL
0.0,TOWER_BUILDING,840265,7587074604,1.0,TOP_LANE,4318.0,13875.0,200.0,783195,OUTER_TURRET,BUILDING_KILL
0.0,TOWER_BUILDING,900266,7587074604,1.0,MID_LANE,8955.0,8510.0,200.0,848013,OUTER_TURRET,BUILDING_KILL
0.0,TOWER_BUILDING,900266,7587074604,6.0,TOP_LANE,981.0,10441.0,100.0,853725,OUTER_TURRET,BUILDING_KILL
0.0,TOWER_BUILDING,960297,7587074604,1.0,MID_LANE,9767.0,10113.0,200.0,943757,INNER_TURRET,BUILDING_KILL
0.0,TOWER_BUILDING,1020329,7587074604,4.0,BOT_LANE,13866.0,4505.0,200.0,960397,OUTER_TURRET,BUILDING_KILL
0.0,TOWER_BUILDING,1020329,7587074604,8.0,BOT_LANE,10504.0,1029.0,100.0,1007655,OUTER_TURRET,BUILDING_KILL
0.0,TOWER_BUILDING,1260380,7587074604,6.0,TOP_LANE,1512.0,6699.0,100.0,1207712,INNER_TURRET,BUILDING_KILL
0.0,TOWER_BUILDING,1260380,7587074604,1.0,BOT_LANE,13327.0,8226.0,200.0,1229667,INNER_TURRET,BUILDING_KILL
0.0,TOWER_BUILDING,1377627,7587074604,1.0,TOP_LANE,7943.0,13411.0,200.0,1335220,INNER_TURRET,BUILDING_KILL
0.0,TOWER_BUILDING,1377627,7587074604,4.0,TOP_LANE,10481.0,13650.0,200.0,1348746,BASE_TURRET,BUILDING_KILL
0.0,INHIBITOR_BUILDING,1377627,7587074604,1.0,TOP_LANE,11275.0,13663.0,200.0,1352923,,BUILDING_KILL
0.0,TOWER_BUILDING,1377627,7587074604,2.0,MID_LANE,12611.0,13084.0,200.0,1359069,NEXUS_TURRET,BUILDING_KILL
0.0,TOWER_BUILDING,1377627,7587074604,4.0,MID_LANE,13052.0,12612.0,200.0,1367629,NEXUS_TURRET,BUILDING_KILL
0.0,TOWER_BUILDING,900292,7586742987,1.0,TOP_LANE,4318.0,13875.0,200.0,893382,OUTER_TURRET,BUILDING_KILL
0.0,TOWER_BUILDING,1020308,7586742987,2.0,BOT_LANE,13866.0,4505.0,200.0,982516,OUTER_TURRET,BUILDING_KILL
0.0,TOWER_BUILDING,1080313,7586742987,5.0,MID_LANE,8955.0,8510.0,200.0,1041191,OUTER_TURRET,BUILDING_KILL
0.0,TOWER_BUILDING,1080313,7586742987,5.0,MID_LANE,9767.0,10113.0,200.0,1072475,INNER_TURRET,BUILDING_KILL
0.0,TOWER_BUILDING,1200353,7586742987,2.0,MID_LANE,11134.0,11207.0,200.0,1188544,BASE_TURRET,BUILDING_KILL
0.0,INHIBITOR_BUILDING,1200353,7586742987,5.0,MID_LANE,11593.0,11669.0,200.0,1196946,,BUILDING_KILL
250.0,TOWER_BUILDING,1260366,7586742987,8.0,BOT_LANE,10504.0,1029.0,100.0,1227637,OUTER_TURRET,BUILDING_KILL
0.0,TOWER_BUILDING,1380400,7586742987,5.0,TOP_LANE,7943.0,13411.0,200.0,1341362,INNER_TURRET,BUILDING_KILL
0.0,TOWER_BUILDING,720291,7587122974,1.0,TOP_LANE,4318.0,13875.0,200.0,704677,OUTER_TURRET,BUILDING_KILL
0.0,TOWER_BUILDING,780307,7587122974,2.0,TOP_LANE,7943.0,13411.0,200.0,729056,INNER_TURRET,BUILDING_KILL
0.0,TOWER_BUILDING,780307,7587122974,9.0,BOT_LANE,10504.0,1029.0,100.0,738375,OUTER_TURRET,BUILDING_KILL
0.0,TOWER_BUILDING,840328,7587122974,2.0,BOT_LANE,13866.0,4505.0,200.0,833531,OUTER_TURRET,BUILDING_KILL
0.0,TOWER_BUILDING,900353,7587122974,3.0,MID_LANE,8955.0,8510.0,200.0,852397,OUTER_TURRET,BUILDING_KILL
0.0,TOWER_BUILDING,900353,7587122974,6.0,TOP_LANE,981.0,10441.0,100.0,857641,OUTER_TURRET,BUILDING_KILL
0.0,TOWER_BUILDING,900353,7587122974,2.0,BOT_LANE,13327.0,8226.0,200.0,858627,INNER_TURRET,BUILDING_KILL
0.0,TOWER_BUILDING,1020379,7587122974,6.0,BOT_LANE,6919.0,1483.0,100.0,1010763,INNER_TURRET,BUILDING_KILL
0.0,TOWER_BUILDING,1020379,7587122974,4.0,MID_LANE,9767.0,10113.0,200.0,1013784,INNER_TURRET,BUILDING_KILL
0.0,TOWER_BUILDING,1020379,7587122974,3.0,MID_LANE,11134.0,11207.0,200.0,1020129,BASE_TURRET,BUILDING_KILL
0.0,INHIBITOR_BUILDING,1080399,7587122974,3.0,MID_LANE,11593.0,11669.0,200.0,1027326,,BUILDING_KILL
0.0,TOWER_BUILDING,1300931,7587122974,2.0,MID_LANE,13052.0,12612.0,200.0,1281586,NEXUS_TURRET,BUILDING_KILL
0.0,TOWER_BUILDING,1300931,7587122974,3.0,MID_LANE,12611.0,13084.0,200.0,1285138,NEXUS_TURRET,BUILDING_KILL
0.0,TOWER_BUILDING,900323,7587393473,1.0,TOP_LANE,4318.0,13875.0,200.0,896725,OUTER_TURRET,BUILDING_KILL
0.0,TOWER_BUILDING,1080372,7587393473,1.0,BOT_LANE,13866.0,4505.0,200.0,1038962,OUTER_TURRET,BUILDING_KILL
0.0,TOWER_BUILDING,1080372,7587393473,8.0,TOP_LANE,981.0,10441.0,100.0,1070454,OUTER_TURRET,BUILDING_KILL
0.0,TOWER_BUILDING,1080372,7587393473,1.0,BOT_LANE,13327.0,8226.0,200.0,1079871,INNER_TURRET,BUILDING_KILL
0.0,TOWER_BUILDING,1260434,7587393473,7.0,MID_LANE,5846.0,6396.0,100.0,1234227,OUTER_TURRET,BUILDING_KILL
0.0,TOWER_BUILDING,1380444,7587393473,6.0,BOT_LANE,10504.0,1029.0,100.0,1336081,OUTER_TURRET,BUILDING_KILL
0.0,TOWER_BUILDING,1380444,7587393473,6.0,BOT_LANE,6919.0,1483.0,100.0,1363600,INNER_TURRET,BUILDING_KILL
0.0,TOWER_BUILDING,1380444,7587393473,4.0,MID_LANE,8955.0,8510.0,200.0,1364000,OUTER_TURRET,BUILDING_KILL
0.0,TOWER_BUILDING,1560500,7587393473,6.0,MID_LANE,5048.0,4812.0,100.0,1545488,INNER_TURRET,BUILDING_KILL
0.0,TOWER_BUILDING,1680542,7587393473,6.0,TOP_LANE,1512.0,6699.0,100.0,1643517,INNER_TURRET,BUILDING_KILL
0.0,TOWER_BUILDING,1680542,7587393473,6.0,TOP_LANE,1169.0,4287.0,100.0,1653770,BASE_TURRET,BUILDING_KILL
0.0,INHIBITOR_BUILDING,1680542,7587393473,8.0,TOP_LANE,1172.0,3583.0,100.0,1658096,,BUILDING_KILL
0.0,TOWER_BUILDING,1680542,7587393473,9.0,MID_LANE,1748.0,2270.0,100.0,1666558,NEXUS_TURRET,BUILDING_KILL
0.0,TOWER_BUILDING,1694152,7587393473,9.0,MID_LANE,2177.0,1807.0,100.0,1681711,NEXUS_TURRET,BUILDING_KILL
0.0,TOWER_BUILDING,900302,7587645010,8.0,TOP_LANE,981.0,10441.0,100.0,856087,OUTER_TURRET,BUILDING_KILL
0.0,TOWER_BUILDING,900302,7587645010,10.0,BOT_LANE,10504.0,1029.0,100.0,858792,OUTER_TURRET,BUILDING_KILL
0.0,TOWER_BUILDING,1020341,7587645010,3.0,TOP_LANE,4318.0,13875.0,200.0,996738,OUTER_TURRET,BUILDING_KILL
0.0,TOWER_BUILDING,1140394,7587645010,8.0,TOP_LANE,1512.0,6699.0,100.0,1123512,INNER_TURRET,BUILDING_KILL
0.0,TOWER_BUILDING,1140394,7587645010,7.0,MID_LANE,5846.0,6396.0,100.0,1139170,OUTER_TURRET,BUILDING_KILL
0.0,TOWER_BUILDING,1560515,7587645010,8.0,BOT_LANE,6919.0,1483.0,100.0,1501535,INNER_TURRET,BUILDING_KILL
0.0,TOWER_BUILDING,1602638,7587645010,9.0,MID_LANE,5048.0,4812.0,100.0,1565475,INNER_TURRET,BUILDING_KILL
0.0,TOWER_BUILDING,1602638,7587645010,9.0,MID_LANE,3651.0,3696.0,100.0,1573473,BASE_TURRET,BUILDING_KILL
0.0,INHIBITOR_BUILDING,1602638,7587645010,9.0,MID_LANE,3210.0,3217.0,100.0,1577247,,BUILDING_KILL
0.0,TOWER_BUILDING,1602638,7587645010,9.0,MID_LANE,1748.0,2270.0,100.0,1588041,NEXUS_TURRET,BUILDING_KILL
0.0,TOWER_BUILDING,1602638,7587645010,9.0,MID_LANE,2177.0,1807.0,100.0,1591301,NEXUS_TURRET,BUILDING_KILL
0.0,TOWER_BUILDING,900314,7587053980,8.0,BOT_LANE,10504.0,1029.0,100.0,860449,OUTER_TURRET,BUILDING_KILL
0.0,TOWER_BUILDING,900314,7587053980,0.0,TOP_LANE,981.0,10441.0,100.0,862590,OUTER_TURRET,BUILDING_KILL
0.0,TOWER_BUILDING,900291,7586935219,9.0,BOT_LANE,10504.0,1029.0,100.0,856159,OUTER_TURRET,BUILDING_KILL
0.0,TOWER_BUILDING,960322,7586935219,9.0,MID_LANE,5846.0,6396.0,100.0,947989,OUTER_TURRET,BUILDING_KILL
0.0,TOWER_BUILDING,1080351,7586935219,6.0,TOP_LANE,981.0,10441.0,100.0,1073403,OUTER_TURRET,BUILDING_KILL
0.0,TOWER_BUILDING,1140351,7586935219,9.0,MID_LANE,5048.0,4812.0,100.0,1123572,INNER_TURRET,BUILDING_KILL
0.0,TOWER_BUILDING,1200354,7586935219,6.0,MID_LANE,3651.0,3696.0,100.0,1141553,BASE_TURRET,BUILDING_KILL
0.0,TOWER_BUILDING,1200354,7586935219,8.0,BOT_LANE,6919.0,1483.0,100.0,1164772,INNER_TURRET,BUILDING_KILL
0.0,TOWER_BUILDING,1440397,7586935219,8.0,BOT_LANE,4281.0,1253.0,100.0,1410322,BASE_TURRET,BUILDING_KILL
0.0,INHIBITOR_BUILDING,1440397,7586935219,9.0,BOT_LANE,3468.0,1230.0,100.0,1417036,,BUILDING_KILL
0.0,TOWER_BUILDING,840260,7586921457,6.0,TOP_LANE,981.0,10441.0,100.0,810824,OUTER_TURRET,BUILDING_KILL
0.0,TOWER_BUILDING,1020304,7586921457,6.0,MID_LANE,5846.0,6396.0,100.0,997634,OUTER_TURRET,BUILDING_KILL
0.0,TOWER_BUILDING,1080314,7586921457,1.0,TOP_LANE,4318.0,13875.0,200.0,1072632,OUTER_TURRET,BUILDING_KILL
0.0,TOWER_BUILDING,1140328,7586921457,7.0,BOT_LANE,10504.0,1029.0,100.0,1106807,OUTER_TURRET,BUILDING_KILL
0.0,TOWER_BUILDING,1140328,7586921457,4.0,MID_LANE,8955.0,8510.0,200.0,1117162,OUTER_TURRET,BUILDING_KILL
0.0,TOWER_BUILDING,1140328,7586921457,7.0,BOT_LANE,6919.0,1483.0,100.0,1126430,INNER_TURRET,BUILDING_KILL
0.0,TOWER_BUILDING,1620428,7586921457,4.0,MID_LANE,9767.0,10113.0,200.0,1587112,INNER_TURRET,BUILDING_KILL
0.0,TOWER_BUILDING,1620428,7586921457,1.0,BOT_LANE,13866.0,4505.0,200.0,1599942,OUTER_TURRET,BUILDING_KILL
0.0,TOWER_BUILDING,1680436,7586921457,4.0,BOT_LANE,13327.0,8226.0,200.0,1638193,INNER_TURRET,BUILDING_KILL
0.0,TOWER_BUILDING,1680436,7586921457,5.0,BOT_LANE,13624.0,10572.0,200.0,1673055,BASE_TURRET,BUILDING_KILL
0.0,INHIBITOR_BUILDING,1680436,7586921457,2.0,BOT_LANE,13594.0,11319.0,200.0,1677096,,BUILDING_KILL
0.0,TOWER_BUILDING,1860477,7586921457,7.0,MID_LANE,5048.0,4812.0,100.0,1839338,INNER_TURRET,BUILDING_KILL
0.0,TOWER_BUILDING,1860477,7586921457,9.0,MID_LANE,3651.0,3696.0,100.0,1850430,BASE_TURRET,BUILDING_KILL
0.0,TOWER_BUILDING,1920509,7586921457,0.0,MID_LANE,13052.0,12612.0,200.0,1860879,NEXUS_TURRET,BUILDING_KILL
0.0,INHIBITOR_BUILDING,1920509,7586921457,7.0,MID_LANE,3210.0,3217.0,100.0,1861413,,BUILDING_KILL
0.0,TOWER_BUILDING,2220590,7586921457,6.0,TOP_LANE,1512.0,6699.0,100.0,2188556,INNER_TURRET,BUILDING_KILL
0.0,TOWER_BUILDING,2340612,7586921457,4.0,TOP_LANE,7943.0,13411.0,200.0,2330977,INNER_TURRET,BUILDING_KILL
0.0,TOWER_BUILDING,2400635,7586921457,3.0,TOP_LANE,10481.0,13650.0,200.0,2342649,BASE_TURRET,BUILDING_KILL
0.0,INHIBITOR_BUILDING,2400635,7586921457,4.0,TOP_LANE,11275.0,13663.0,200.0,2347359,,BUILDING_KILL
0.0,TOWER_BUILDING,2400635,7586921457,1.0,MID_LANE,11134.0,11207.0,200.0,2349396,BASE_TURRET,BUILDING_KILL
0.0,INHIBITOR_BUILDING,2400635,7586921457,5.0,MID_LANE,11593.0,11669.0,200.0,2355534,,BUILDING_KILL
0.0,INHIBITOR_BUILDING,2400635,7586921457,4.0,BOT_LANE,13594.0,11319.0,200.0,2371847,,BUILDING_KILL
0.0,INHIBITOR_BUILDING,2452880,7586921457,7.0,MID_LANE,3210.0,3217.0,100.0,2433572,,BUILDING_KILL
0.0,TOWER_BUILDING,2452880,7586921457,8.0,BOT_LANE,4281.0,1253.0,100.0,2435543,BASE_TURRET,BUILDING_KILL
0.0,INHIBITOR_BUILDING,2452880,7586921457,7.0,BOT_LANE,3468.0,1230.0,100.0,2439469,,BUILDING_KILL
0.0,TOWER_BUILDING,2452880,7586921457,6.0,MID_LANE,2177.0,1807.0,100.0,2443118,NEXUS_TURRET,BUILDING_KILL
0.0,TOWER_BUILDING,2452880,7586921457,7.0,MID_LANE,1748.0,2270.0,100.0,2446433,NEXUS_TURRET,BUILDING_KILL
0.0,TOWER_BUILDING,1020316,7587322365,1.0,TOP_LANE,4318.0,13875.0,200.0,965257,OUTER_TURRET,BUILDING_KILL
0.0,TOWER_BUILDING,1020316,7587322365,9.0,BOT_LANE,10504.0,1029.0,100.0,977915,OUTER_TURRET,BUILDING_KILL
0.0,TOWER_BUILDING,1080349,7587322365,3.0,TOP_LANE,7943.0,13411.0,200.0,1069551,INNER_TURRET,BUILDING_KILL
0.0,TOWER_BUILDING,1200357,7587322365,9.0,MID_LANE,5846.0,6396.0,100.0,1160931,OUTER_TURRET,BUILDING_KILL
0.0,TOWER_BUILDING,1200357,7587322365,3.0,BOT_LANE,13866.0,4505.0,200.0,1190070,OUTER_TURRET,BUILDING_KILL
0.0,TOWER_BUILDING,1260375,7587322365,4.0,MID_LANE,8955.0,8510.0,200.0,1206903,OUTER_TURRET,BUILDING_KILL
320.0,TOWER_BUILDING,1620508,7587322365,8.0,BOT_LANE,6919.0,1483.0,100.0,1574234,INNER_TURRET,BUILDING_KILL
0.0,TOWER_BUILDING,1620508,7587322365,3.0,MID_LANE,9767.0,10113.0,200.0,1593613,INNER_TURRET,BUILDING_KILL
0.0,TOWER_BUILDING,1620508,7587322365,1.0,MID_LANE,11134.0,11207.0,200.0,1602764,BASE_TURRET,BUILDING_KILL
0.0,INHIBITOR_BUILDING,1620508,7587322365,3.0,MID_LANE,11593.0,11669.0,200.0,1612586,,BUILDING_KILL
0.0,TOWER_BUILDING,900324,7587418918,6.0,TOP_LANE,981.0,10441.0,100.0,849731,OUTER_TURRET,BUILDING_KILL
0.0,TOWER_BUILDING,960298,7587285403,9.0,BOT_LANE,10504.0,1029.0,100.0,934551,OUTER_TURRET,BUILDING_KILL
0.0,TOWER_BUILDING,1080333,7587285403,4.0,MID_LANE,8955.0,8510.0,200.0,1027458,OUTER_TURRET,BUILDING_KILL
0.0,TOWER_BUILDING,1140343,7587285403,1.0,TOP_LANE,4318.0,13875.0,200.0,1096940,OUTER_TURRET,BUILDING_KILL
0.0,TOWER_BUILDING,1140343,7587285403,1.0,TOP_LANE,7943.0,13411.0,200.0,1126474,INNER_TURRET,BUILDING_KILL
0.0,TOWER_BUILDING,1140343,7587285403,2.0,BOT_LANE,13866.0,4505.0,200.0,1130763,OUTER_TURRET,BUILDING_KILL
0.0,TOWER_BUILDING,1200371,7587285403,4.0,BOT_LANE,13327.0,8226.0,200.0,1152540,INNER_TURRET,BUILDING_KILL
0.0,TOWER_BUILDING,1380439,7587285403,2.0,TOP_LANE,10481.0,13650.0,200.0,1368545,BASE_TURRET,BUILDING_KILL
0.0,INHIBITOR_BUILDING,1380439,7587285403,2.0,TOP_LANE,11275.0,13663.0,200.0,1375059,,BUILDING_KILL
0.0,TOWER_BUILDING,1403698,7587285403,3.0,MID_LANE,12611.0,13084.0,200.0,1381842,NEXUS_TURRET,BUILDING_KILL
0.0,TOWER_BUILDING,1403698,7587285403,4.0,MID_LANE,13052.0,12612.0,200.0,1386250,NEXUS_TURRET,BUILDING_KILL
0.0,TOWER_BUILDING,900331,7586407982,5.0,TOP_LANE,4318.0,13875.0,200.0,868094,OUTER_TURRET,BUILDING_KILL
0.0,TOWER_BUILDING,1020346,7586407982,3.0,MID_LANE,8955.0,8510.0,200.0,977498,OUTER_TURRET,BUILDING_KILL
0.0,TOWER_BUILDING,1020346,7586407982,4.0,BOT_LANE,13866.0,4505.0,200.0,1009396,OUTER_TURRET,BUILDING_KILL
0.0,TOWER_BUILDING,1080367,7586407982,6.0,BOT_LANE,10504.0,1029.0,100.0,1077461,OUTER_TURRET,BUILDING_KILL
0.0,TOWER_BUILDING,1105689,7586407982,4.0,TOP_LANE,7943.0,13411.0,200.0,1088714,INNER_TURRET,BUILDING_KILL
0.0,TOWER_BUILDING,1105689,7586407982,8.0,MID_LANE,5846.0,6396.0,100.0,1090919,OUTER_TURRET,BUILDING_KILL
0.0,TOWER_BUILDING,900397,7587543775,4.0,MID_LANE,8955.0,8510.0,200.0,842009,OUTER_TURRET,BUILDING_KILL
0.0,TOWER_BUILDING,900397,7587543775,1.0,TOP_LANE,4318.0,13875.0,200.0,850692,OUTER_TURRET,BUILDING_KILL
0.0,TOWER_BUILDING,900397,7587543775,1.0,TOP_LANE,7943.0,13411.0,200.0,879530,INNER_TURRET,BUILDING_KILL
0.0,TOWER_BUILDING,960407,7587543775,2.0,BOT_LANE,13866.0,4505.0,200.0,937620,OUTER_TURRET,BUILDING_KILL
0.0,TOWER_BUILDING,1080441,7587543775,5.0,MID_LANE,9767.0,10113.0,200.0,1065137,INNER_TURRET,BUILDING_KILL
0.0,TOWER_BUILDING,1140465,7587543775,1.0,MID_LANE,11134.0,11207.0,200.0,1098688,BASE_TURRET,BUILDING_KILL
0.0,TOWER_BUILDING,1200487,7587543775,1.0,TOP_LANE,10481.0,13650.0,200.0,1176213,BASE_TURRET,BUILDING_KILL
0.0,TOWER_BUILDING,1320534,7587543775,9.0,MID_LANE,5846.0,6396.0,100.0,1275946,OUTER_TURRET,BUILDING_KILL
0.0,TOWER_BUILDING,1320534,7587543775,8.0,BOT_LANE,10504.0,1029.0,100.0,1279861,OUTER_TURRET,BUILDING_KILL
0.0,INHIBITOR_BUILDING,1380552,7587543775,4.0,MID_LANE,11593.0,11669.0,200.0,1362697,,BUILDING_KILL
0.0,TOWER_BUILDING,1380552,7587543775,3.0,MID_LANE,13052.0,12612.0,200.0,1371277,NEXUS_TURRET,BUILDING_KILL
0.0,TOWER_BUILDING,1380552,7587543775,1.0,BOT_LANE,13327.0,8226.0,200.0,1372847,INNER_TURRET,BUILDING_KILL
0.0,INHIBITOR_BUILDING,1440562,7587543775,2.0,TOP_LANE,11275.0,13663.0,200.0,1381320,,BUILDING_KILL
0.0,TOWER_BUILDING,1440562,7587543775,1.0,BOT_LANE,13624.0,10572.0,200.0,1388400,BASE_TURRET,BUILDING_KILL
0.0,INHIBITOR_BUILDING,1440562,7587543775,1.0,BOT_LANE,13594.0,11319.0,200.0,1393992,,BUILDING_KILL
0.0,TOWER_BUILDING,1440562,7587543775,1.0,MID_LANE,12611.0,13084.0,200.0,1418975,NEXUS_TURRET,BUILDING_KILL
0.0,TOWER_BUILDING,960368,7587073138,3.0,BOT_LANE,13866.0,4505.0,200.0,900581,OUTER_TURRET,BUILDING_KILL
0.0,TOWER_BUILDING,1020372,7587073138,4.0,MID_LANE,8955.0,8510.0,200.0,990217,OUTER_TURRET,BUILDING_KILL
0.0,TOWER_BUILDING,1020372,7587073138,3.0,TOP_LANE,4318.0,13875.0,200.0,990417,OUTER_TURRET,BUILDING_KILL
0.0,TOWER_BUILDING,1080376,7587073138,4.0,MID_LANE,9767.0,10113.0,200.0,1056712,INNER_TURRET,BUILDING_KILL
0.0,TOWER_BUILDING,900332,7585862402,10.0,BOT_LANE,10504.0,1029.0,100.0,874644,OUTER_TURRET,BUILDING_KILL
0.0,TOWER_BUILDING,1080378,7585862402,8.0,BOT_LANE,6919.0,1483.0,100.0,1065797,INNER_TURRET,BUILDING_KILL
250.0,TOWER_BUILDING,1105288,7585862402,3.0,TOP_LANE,4318.0,13875.0,200.0,1098900,OUTER_TURRET,BUILDING_KILL
0.0,TOWER_BUILDING,900360,7586759994,4.0,BOT_LANE,13866.0,4505.0,200.0,855905,OUTER_TURRET,BUILDING_KILL
0.0,TOWER_BUILDING,840306,7587618110,6.0,TOP_LANE,981.0,10441.0,100.0,840306,OUTER_TURRET,BUILDING_KILL
0.0,TOWER_BUILDING,900321,7587618110,7.0,MID_LANE,5846.0,6396.0,100.0,886305,OUTER_TURRET,BUILDING_KILL
0.0,TOWER_BUILDING,960337,7587618110,6.0,TOP_LANE,1512.0,6699.0,100.0,940817,INNER_TURRET,BUILDING_KILL
0.0,TOWER_BUILDING,1020341,7587618110,8.0,BOT_LANE,10504.0,1029.0,100.0,988826,OUTER_TURRET,BUILDING_KILL
0.0,TOWER_BUILDING,1080352,7587618110,9.0,MID_LANE,5048.0,4812.0,100.0,1028189,INNER_TURRET,BUILDING_KILL
0.0,TOWER_BUILDING,1080352,7587618110,6.0,BOT_LANE,6919.0,1483.0,100.0,1057300,INNER_TURRET,BUILDING_KILL
0.0,TOWER_BUILDING,1112369,7587618110,6.0,BOT_LANE,4281.0,1253.0,100.0,1095467,BASE_TURRET,BUILDING_KILL
0.0,TOWER_BUILDING,660282,7586576925,9.0,BOT_LANE,10504.0,1029.0,100.0,615447,OUTER_TURRET,BUILDING_KILL
0.0,TOWER_BUILDING,900334,7586576925,9.0,MID_LANE,5846.0,6396.0,100.0,853028,OUTER_TURRET,BUILDING_KILL
0.0,TOWER_BUILDING,960337,7587363339,9.0,BOT_LANE,10504.0,1029.0,100.0,950884,OUTER_TURRET,BUILDING_KILL
0.0,TOWER_BUILDING,1020348,7587363339,1.0,TOP_LANE,4318.0,13875.0,200.0,966302,OUTER_TURRET,BUILDING_KILL
0.0,TOWER_BUILDING,1200386,7587363339,3.0,BOT_LANE,13866.0,4505.0,200.0,1166994,OUTER_TURRET,BUILDING_KILL
0.0,TOWER_BUILDING,1200386,7587363339,6.0,TOP_LANE,981.0,10441.0,100.0,1168998,OUTER_TURRET,BUILDING_KILL
0.0,TOWER_BUILDING,1380455,7587363339,5.0,MID_LANE,8955.0,8510.0,200.0,1333352,OUTER_TURRET,BUILDING_KILL
0.0,TOWER_BUILDING,1500482,7587363339,9.0,MID_LANE,5846.0,6396.0,100.0,1444710,OUTER_TURRET,BUILDING_KILL
0.0,TOWER_BUILDING,2100610,7587363339,6.0,BOT_LANE,6919.0,1483.0,100.0,2088492,INNER_TURRET,BUILDING_KILL
0.0,TOWER_BUILDING,2160620,7587363339,9.0,MID_LANE,5048.0,4812.0,100.0,2102012,INNER_TURRET,BUILDING_KILL
0.0,TOWER_BUILDING,2160620,7587363339,2.0,TOP_LANE,7943.0,13411.0,200.0,2105652,INNER_TURRET,BUILDING_KILL
0.0,TOWER_BUILDING,2460693,7587363339,8.0,MID_LANE,3651.0,3696.0,100.0,2454416,BASE_TURRET,BUILDING_KILL
0.0,INHIBITOR_BUILDING,2460693,7587363339,9.0,MID_LANE,3210.0,3217.0,100.0,2458176,,BUILDING_KILL
0.0,TOWER_BUILDING,900300,7586387397,5.0,BOT_LANE,13866.0,4505.0,200.0,841924,OUTER_TURRET,BUILDING_KILL
0.0,TOWER_BUILDING,900300,7586387397,8.0,MID_LANE,5846.0,6396.0,100.0,862478,OUTER_TURRET,BUILDING_KILL
0.0,TOWER_BUILDING,960308,7586387397,1.0,TOP_LANE,4318.0,13875.0,200.0,949431,OUTER_TURRET,BUILDING_KILL
0.0,TOWER_BUILDING,1140348,7586387397,3.0,MID_LANE,8955.0,8510.0,200.0,1088788,OUTER_TURRET,BUILDING_KILL
0.0,TOWER_BUILDING,1320387,7586387397,6.0,BOT_LANE,10504.0,1029.0,100.0,1279328,OUTER_TURRET,BUILDING_KILL
0.0,TOWER_BUILDING,1380401,7586387397,9.0,MID_LANE,5048.0,4812.0,100.0,1336821,INNER_TURRET,BUILDING_KILL
0.0,TOWER_BUILDING,1380401,7586387397,5.0,TOP_LANE,7943.0,13411.0,200.0,1342335,INNER_TURRET,BUILDING_KILL
0.0,TOWER_BUILDING,840310,7587589454,3.0,MID_LANE,8955.0,8510.0,200.0,833564,OUTER_TURRET,BUILDING_KILL
0.0,TOWER_BUILDING,900320,7587589454,3.0,TOP_LANE,4318.0,13875.0,200.0,866924,OUTER_TURRET,BUILDING_KILL
0.0,TOWER_BUILDING,900320,7587589454,7.0,BOT_LANE,10504.0,1029.0,100.0,871332,OUTER_TURRET,BUILDING_KILL
0.0,TOWER_BUILDING,1020378,7587589454,7.0,MID_LANE,5846.0,6396.0,100.0,977923,OUTER_TURRET,BUILDING_KILL
0.0,TOWER_BUILDING,1020378,7587589454,6.0,TOP_LANE,981.0,10441.0,100.0,980240,OUTER_TURRET,BUILDING_KILL
0.0,TOWER_BUILDING,1020378,7587589454,3.0,BOT_LANE,13866.0,4505.0,200.0,987420,OUTER_TURRET,BUILDING_KILL
0.0,TOWER_BUILDING,1140402,7587589454,4.0,MID_LANE,9767.0,10113.0,200.0,1105491,INNER_TURRET,BUILDING_KILL
0.0,TOWER_BUILDING,1200414,7587589454,10.0,BOT_LANE,6919.0,1483.0,100.0,1192228,INNER_TURRET,BUILDING_KILL
0.0,TOWER_BUILDING,1260436,7587589454,1.0,TOP_LANE,7943.0,13411.0,200.0,1223024,INNER_TURRET,BUILDING_KILL
0.0,TOWER_BUILDING,1260436,7587589454,4.0,MID_LANE,11134.0,11207.0,200.0,1231742,BASE_TURRET,BUILDING_KILL
0.0,TOWER_BUILDING,1320445,7587589454,1.0,BOT_LANE,13327.0,8226.0,200.0,1285237,INNER_TURRET,BUILDING_KILL
0.0,TOWER_BUILDING,1620548,7587589454,6.0,MID_LANE,5048.0,4812.0,100.0,1569104,INNER_TURRET,BUILDING_KILL
0.0,TOWER_BUILDING,1620548,7587589454,9.0,MID_LANE,3651.0,3696.0,100.0,1584621,BASE_TURRET,BUILDING_KILL
0.0,INHIBITOR_BUILDING,1620548,7587589454,9.0,MID_LANE,3210.0,3217.0,100.0,1590732,,BUILDING_KILL
0.0,TOWER_BUILDING,1740601,7587589454,7.0,TOP_LANE,1512.0,6699.0,100.0,1680607,INNER_TURRET,BUILDING_KILL
0.0,INHIBITOR_BUILDING,1980654,7587589454,1.0,MID_LANE,11593.0,11669.0,200.0,1977293,,BUILDING_KILL
0.0,TOWER_BUILDING,720332,7587456612,1.0,TOP_LANE,4318.0,13875.0,200.0,713517,OUTER_TURRET,BUILDING_KILL
0.0,TOWER_BUILDING,900352,7587456612,3.0,BOT_LANE,13866.0,4505.0,200.0,860688,OUTER_TURRET,BUILDING_KILL
0.0,TOWER_BUILDING,960366,7587456612,5.0,MID_LANE,8955.0,8510.0,200.0,912580,OUTER_TURRET,BUILDING_KILL
0.0,TOWER_BUILDING,960366,7587456612,1.0,BOT_LANE,13327.0,8226.0,200.0,952445,INNER_TURRET,BUILDING_KILL
0.0,TOWER_BUILDING,1020369,7587456612,1.0,TOP_LANE,7943.0,13411.0,200.0,1014673,INNER_TURRET,BUILDING_KILL
0.0,TOWER_BUILDING,1200434,7587456612,1.0,MID_LANE,9767.0,10113.0,200.0,1156034,INNER_TURRET,BUILDING_KILL
0.0,TOWER_BUILDING,1200434,7587456612,3.0,MID_LANE,11134.0,11207.0,200.0,1170135,BASE_TURRET,BUILDING_KILL
0.0,INHIBITOR_BUILDING,1200434,7587456612,1.0,MID_LANE,11593.0,11669.0,200.0,1183326,,BUILDING_KILL
0.0,TOWER_BUILDING,1380491,7587456612,1.0,BOT_LANE,13624.0,10572.0,200.0,1356353,BASE_TURRET,BUILDING_KILL
0.0,INHIBITOR_BUILDING,1380491,7587456612,2.0,BOT_LANE,13594.0,11319.0,200.0,1364673,,BUILDING_KILL
0.0,TOWER_BUILDING,1440504,7587456612,0.0,MID_LANE,13052.0,12612.0,200.0,1419887,NEXUS_TURRET,BUILDING_KILL
0.0,INHIBITOR_BUILDING,1620536,7587456612,3.0,MID_LANE,11593.0,11669.0,200.0,1562356,,BUILDING_KILL
200.0,TOWER_BUILDING,1860605,7587456612,6.0,TOP_LANE,981.0,10441.0,100.0,1821637,OUTER_TURRET,BUILDING_KILL
0.0,INHIBITOR_BUILDING,1980630,7587456612,3.0,MID_LANE,11593.0,11669.0,200.0,1939010,,BUILDING_KILL
0.0,TOWER_BUILDING,2220667,7587456612,7.0,TOP_LANE,1512.0,6699.0,100.0,2181780,INNER_TURRET,BUILDING_KILL
0.0,INHIBITOR_BUILDING,2280697,7587456612,4.0,MID_LANE,11593.0,11669.0,200.0,2254765,,BUILDING_KILL
0.0,TOWER_BUILDING,2280697,7587456612,7.0,TOP_LANE,1169.0,4287.0,100.0,2264149,BASE_TURRET,BUILDING_KILL
0.0,INHIBITOR_BUILDING,2340699,7587456612,5.0,BOT_LANE,13594.0,11319.0,200.0,2305624,,BUILDING_KILL
0.0,TOWER_BUILDING,2400702,7587456612,5.0,MID_LANE,13052.0,12612.0,200.0,2377486,NEXUS_TURRET,BUILDING_KILL
0.0,TOWER_BUILDING,2460720,7587456612,4.0,MID_LANE,12611.0,13084.0,200.0,2405177,NEXUS_TURRET,BUILDING_KILL
0.0,TOWER_BUILDING,2520745,7587456612,9.0,MID_LANE,5846.0,6396.0,100.0,2468267,OUTER_TURRET,BUILDING_KILL
0.0,TOWER_BUILDING,2580755,7587456612,1.0,TOP_LANE,10481.0,13650.0,200.0,2577730,BASE_TURRET,BUILDING_KILL
0.0,INHIBITOR_BUILDING,2580755,7587456612,3.0,MID_LANE,11593.0,11669.0,200.0,2578298,,BUILDING_KILL
0.0,INHIBITOR_BUILDING,2640774,7587456612,1.0,TOP_LANE,11275.0,13663.0,200.0,2592794,,BUILDING_KILL
0.0,TOWER_BUILDING,2640774,7587456612,3.0,MID_LANE,12611.0,13084.0,200.0,2635320,NEXUS_TURRET,BUILDING_KILL
0.0,TOWER_BUILDING,2655969,7587456612,3.0,MID_LANE,13052.0,12612.0,200.0,2642978,NEXUS_TURRET,BUILDING_KILL
0.0,TOWER_BUILDING,900348,7586130487,3.0,BOT_LANE,13866.0,4505.0,200.0,862022,OUTER_TURRET,BUILDING_KILL
0.0,TOWER_BUILDING,960353,7586130487,5.0,MID_LANE,8955.0,8510.0,200.0,917240,OUTER_TURRET,BUILDING_KILL
0.0,TOWER_BUILDING,1020380,7586130487,7.0,BOT_LANE,10504.0,1029.0,100.0,1012998,OUTER_TURRET,BUILDING_KILL
0.0,TOWER_BUILDING,1080387,7586130487,4.0,MID_LANE,9767.0,10113.0,200.0,1053407,INNER_TURRET,BUILDING_KILL
0.0,TOWER_BUILDING,1140414,7586130487,1.0,BOT_LANE,13327.0,8226.0,200.0,1089249,INNER_TURRET,BUILDING_KILL
0.0,TOWER_BUILDING,1200434,7586130487,3.0,TOP_LANE,4318.0,13875.0,200.0,1157656,OUTER_TURRET,BUILDING_KILL
0.0,TOWER_BUILDING,1380475,7586130487,7.0,TOP_LANE,981.0,10441.0,100.0,1368080,OUTER_TURRET,BUILDING_KILL
0.0,TOWER_BUILDING,1619172,7586130487,1.0,MID_LANE,11134.0,11207.0,200.0,1593207,BASE_TURRET,BUILDING_KILL
0.0,INHIBITOR_BUILDING,1619172,7586130487,1.0,MID_LANE,11593.0,11669.0,200.0,1596265,,BUILDING_KILL
0.0,TOWER_BUILDING,1619172,7586130487,3.0,MID_LANE,13052.0,12612.0,200.0,1606848,NEXUS_TURRET,BUILDING_KILL
0.0,TOWER_BUILDING,1619172,7586130487,3.0,MID_LANE,12611.0,13084.0,200.0,1610956,NEXUS_TURRET,BUILDING_KILL
0.0,TOWER_BUILDING,900308,7586137311,6.0,BOT_LANE,10504.0,1029.0,100.0,875985,OUTER_TURRET,BUILDING_KILL
0.0,TOWER_BUILDING,960313,7586137311,6.0,TOP_LANE,981.0,10441.0,100.0,934965,OUTER_TURRET,BUILDING_KILL
0.0,TOWER_BUILDING,1020334,7586137311,3.0,TOP_LANE,4318.0,13875.0,200.0,974669,OUTER_TURRET,BUILDING_KILL
0.0,TOWER_BUILDING,1020334,7586137311,2.0,MID_LANE,8955.0,8510.0,200.0,1010490,OUTER_TURRET,BUILDING_KILL
0.0,TOWER_BUILDING,1140369,7586137311,1.0,TOP_LANE,7943.0,13411.0,200.0,1135239,INNER_TURRET,BUILDING_KILL
0.0,TOWER_BUILDING,1320446,7586137311,1.0,BOT_LANE,13866.0,4505.0,200.0,1262128,OUTER_TURRET,BUILDING_KILL
0.0,TOWER_BUILDING,1320446,7586137311,3.0,MID_LANE,9767.0,10113.0,200.0,1271021,INNER_TURRET,BUILDING_KILL
0.0,TOWER_BUILDING,1380478,7586137311,4.0,BOT_LANE,13327.0,8226.0,200.0,1345464,INNER_TURRET,BUILDING_KILL
0.0,TOWER_BUILDING,1435828,7586137311,2.0,MID_LANE,11134.0,11207.0,200.0,1408232,BASE_TURRET,BUILDING_KILL
0.0,INHIBITOR_BUILDING,1435828,7586137311,2.0,MID_LANE,11593.0,11669.0,200.0,1414028,,BUILDING_KILL
0.0,TOWER_BUILDING,1435828,7586137311,2.0,MID_LANE,13052.0,12612.0,200.0,1419848,NEXUS_TURRET,BUILDING_KILL
0.0,TOWER_BUILDING,1435828,7586137311,2.0,MID_LANE,12611.0,13084.0,200.0,1424791,NEXUS_TURRET,BUILDING_KILL
0.0,TOWER_BUILDING,840321,7585876499,4.0,BOT_LANE,13866.0,4505.0,200.0,824364,OUTER_TURRET,BUILDING_KILL
0.0,TOWER_BUILDING,1020380,7585876499,4.0,MID_LANE,8955.0,8510.0,200.0,974699,OUTER_TURRET,BUILDING_KILL
0.0,TOWER_BUILDING,1080387,7585876499,3.0,TOP_LANE,4318.0,13875.0,200.0,1041164,OUTER_TURRET,BUILDING_KILL
0.0,TOWER_BUILDING,1380495,7585876499,6.0,TOP_LANE,981.0,10441.0,100.0,1334204,OUTER_TURRET,BUILDING_KILL
0.0,TOWER_BUILDING,1560573,7585876499,6.0,BOT_LANE,10504.0,1029.0,100.0,1527621,OUTER_TURRET,BUILDING_KILL
0.0,TOWER_BUILDING,1740620,7585876499,0.0,MID_LANE,9767.0,10113.0,200.0,1717379,INNER_TURRET,BUILDING_KILL
0.0,TOWER_BUILDING,1800626,7585876499,1.0,MID_LANE,11134.0,11207.0,200.0,1790772,BASE_TURRET,BUILDING_KILL
0.0,INHIBITOR_BUILDING,1800626,7585876499,4.0,MID_LANE,11593.0,11669.0,200.0,1795449,,BUILDING_KILL
0.0,TOWER_BUILDING,1811021,7585876499,2.0,MID_LANE,13052.0,12612.0,200.0,1801928,NEXUS_TURRET,BUILDING_KILL
0.0,TOWER_BUILDING,1811021,7585876499,4.0,MID_LANE,12611.0,13084.0,200.0,1803698,NEXUS_TURRET,BUILDING_KILL
0.0,TOWER_BUILDING,840237,7585707399,4.0,BOT_LANE,13866.0,4505.0,200.0,809914,OUTER_TURRET,BUILDING_KILL
0.0,TOWER_BUILDING,900264,7585707399,1.0,TOP_LANE,4318.0,13875.0,200.0,846049,OUTER_TURRET,BUILDING_KILL
0.0,TOWER_BUILDING,780285,7586661669,1.0,TOP_LANE,4318.0,13875.0,200.0,773321,OUTER_TURRET,BUILDING_KILL
0.0,TOWER_BUILDING,840309,7586661669,9.0,BOT_LANE,10504.0,1029.0,100.0,784195,OUTER_TURRET,BUILDING_KILL
0.0,TOWER_BUILDING,900313,7586661669,4.0,MID_LANE,8955.0,8510.0,200.0,853949,OUTER_TURRET,BUILDING_KILL
0.0,TOWER_BUILDING,900313,7586661669,1.0,MID_LANE,9767.0,10113.0,200.0,867713,INNER_TURRET,BUILDING_KILL
0.0,TOWER_BUILDING,1020331,7586661669,1.0,BOT_LANE,13866.0,4505.0,200.0,1011634,OUTER_TURRET,BUILDING_KILL
200.0,TOWER_BUILDING,1080332,7586661669,6.0,TOP_LANE,981.0,10441.0,100.0,1026075,OUTER_TURRET,BUILDING_KILL
0.0,TOWER_BUILDING,1080332,7586661669,1.0,BOT_LANE,13327.0,8226.0,200.0,1059621,INNER_TURRET,BUILDING_KILL
0.0,TOWER_BUILDING,1320376,7586661669,1.0,BOT_LANE,13624.0,10572.0,200.0,1271967,BASE_TURRET,BUILDING_KILL
0.0,INHIBITOR_BUILDING,1320376,7586661669,1.0,BOT_LANE,13594.0,11319.0,200.0,1283115,,BUILDING_KILL
0.0,TOWER_BUILDING,1320376,7586661669,1.0,MID_LANE,11134.0,11207.0,200.0,1288960,BASE_TURRET,BUILDING_KILL
0.0,INHIBITOR_BUILDING,1320376,7586661669,4.0,MID_LANE,11593.0,11669.0,200.0,1295666,,BUILDING_KILL
0.0,TOWER_BUILDING,1320376,7586661669,2.0,TOP_LANE,7943.0,13411.0,200.0,1297436,INNER_TURRET,BUILDING_KILL
0.0,TOWER_BUILDING,1380382,7586661669,1.0,TOP_LANE,10481.0,13650.0,200.0,1351651,BASE_TURRET,BUILDING_KILL
0.0,TOWER_BUILDING,1380382,7586661669,1.0,MID_LANE,13052.0,12612.0,200.0,1378471,NEXUS_TURRET,BUILDING_KILL
0.0,TOWER_BUILDING,1404951,7586661669,2.0,MID_LANE,12611.0,13084.0,200.0,1385392,NEXUS_TURRET,BUILDING_KILL
0.0,TOWER_BUILDING,720320,7585766224,3.0,MID_LANE,8955.0,8510.0,200.0,681324,OUTER_TURRET,BUILDING_KILL
0.0,TOWER_BUILDING,900370,7585766224,9.0,BOT_LANE,10504.0,1029.0,100.0,856559,OUTER_TURRET,BUILDING_KILL
0.0,TOWER_BUILDING,960388,7585766224,1.0,TOP_LANE,4318.0,13875.0,200.0,943067,OUTER_TURRET,BUILDING_KILL
0.0,TOWER_BUILDING,1020414,7585766224,1.0,TOP_LANE,7943.0,13411.0,200.0,972896,INNER_TURRET,BUILDING_KILL
0.0,TOWER_BUILDING,1080440,7585766224,1.0,BOT_LANE,13866.0,4505.0,200.0,1073247,OUTER_TURRET,BUILDING_KILL
0.0,TOWER_BUILDING,720256,7587113059,9.0,BOT_LANE,10504.0,1029.0,100.0,681732,OUTER_TURRET,BUILDING_KILL
0.0,TOWER_BUILDING,900281,7587113059,6.0,TOP_LANE,981.0,10441.0,100.0,851132,OUTER_TURRET,BUILDING_KILL
0.0,TOWER_BUILDING,900281,7587113059,8.0,MID_LANE,5846.0,6396.0,100.0,854354,OUTER_TURRET,BUILDING_KILL
0.0,TOWER_BUILDING,1020310,7587113059,2.0,BOT_LANE,13866.0,4505.0,200.0,962699,OUTER_TURRET,BUILDING_KILL
0.0,TOWER_BUILDING,1140335,7587113059,8.0,TOP_LANE,1512.0,6699.0,100.0,1097528,INNER_TURRET,BUILDING_KILL
0.0,TOWER_BUILDING,1200348,7587113059,8.0,BOT_LANE,6919.0,1483.0,100.0,1192423,INNER_TURRET,BUILDING_KILL
0.0,TOWER_BUILDING,1241112,7587113059,10.0,BOT_LANE,4281.0,1253.0,100.0,1212587,BASE_TURRET,BUILDING_KILL
0.0,TOWER_BUILDING,1241112,7587113059,6.0,MID_LANE,5048.0,4812.0,100.0,1234431,INNER_TURRET,BUILDING_KILL
0.0,TOWER_BUILDING,780373,7586781917,3.0,TOP_LANE,4318.0,13875.0,200.0,771841,OUTER_TURRET,BUILDING_KILL
0.0,TOWER_BUILDING,960444,7586781917,6.0,BOT_LANE,10504.0,1029.0,100.0,931714,OUTER_TURRET,BUILDING_KILL
0.0,TOWER_BUILDING,1020470,7586781917,7.0,TOP_LANE,981.0,10441.0,100.0,963785,OUTER_TURRET,BUILDING_KILL
0.0,TOWER_BUILDING,1020470,7586781917,1.0,BOT_LANE,13866.0,4505.0,200.0,988289,OUTER_TURRET,BUILDING_KILL
0.0,TOWER_BUILDING,1140508,7586781917,8.0,MID_LANE,5846.0,6396.0,100.0,1101378,OUTER_TURRET,BUILDING_KILL
0.0,TOWER_BUILDING,1140508,7586781917,9.0,MID_LANE,5048.0,4812.0,100.0,1123648,INNER_TURRET,BUILDING_KILL
0.0,TOWER_BUILDING,1303549,7586781917,9.0,MID_LANE,3651.0,3696.0,100.0,1275207,BASE_TURRET,BUILDING_KILL
0.0,INHIBITOR_BUILDING,1303549,7586781917,6.0,MID_LANE,3210.0,3217.0,100.0,1280084,,BUILDING_KILL
0.0,TOWER_BUILDING,1303549,7586781917,6.0,MID_LANE,2177.0,1807.0,100.0,1298144,NEXUS_TURRET,BUILDING_KILL
0.0,TOWER_BUILDING,1303549,7586781917,10.0,MID_LANE,1748.0,2270.0,100.0,1298578,NEXUS_TURRET,BUILDING_KILL
0.0,TOWER_BUILDING,780276,7586550828,9.0,BOT_LANE,10504.0,1029.0,100.0,743780,OUTER_TURRET,BUILDING_KILL
0.0,TOWER_BUILDING,900316,7586550828,3.0,TOP_LANE,4318.0,13875.0,200.0,863969,OUTER_TURRET,BUILDING_KILL
0.0,TOWER_BUILDING,960344,7586550828,9.0,MID_LANE,5846.0,6396.0,100.0,907397,OUTER_TURRET,BUILDING_KILL
0.0,TOWER_BUILDING,1020357,7586550828,6.0,BOT_LANE,6919.0,1483.0,100.0,1004457,INNER_TURRET,BUILDING_KILL
0.0,TOWER_BUILDING,1140372,7586550828,8.0,TOP_LANE,981.0,10441.0,100.0,1127488,OUTER_TURRET,BUILDING_KILL
0.0,TOWER_BUILDING,1260426,7586550828,2.0,BOT_LANE,13866.0,4505.0,200.0,1247420,OUTER_TURRET,BUILDING_KILL
0.0,TOWER_BUILDING,1260426,7586550828,3.0,MID_LANE,8955.0,8510.0,200.0,1252964,OUTER_TURRET,BUILDING_KILL
0.0,TOWER_BUILDING,1680517,7586550828,4.0,MID_LANE,9767.0,10113.0,200.0,1677745,INNER_TURRET,BUILDING_KILL
0.0,TOWER_BUILDING,1705197,7586550828,2.0,MID_LANE,11134.0,11207.0,200.0,1684326,BASE_TURRET,BUILDING_KILL
0.0,INHIBITOR_BUILDING,1705197,7586550828,4.0,MID_LANE,11593.0,11669.0,200.0,1687834,,BUILDING_KILL
0.0,TOWER_BUILDING,1705197,7586550828,4.0,MID_LANE,13052.0,12612.0,200.0,1695049,NEXUS_TURRET,BUILDING_KILL
0.0,TOWER_BUILDING,1705197,7586550828,1.0,MID_LANE,12611.0,13084.0,200.0,1696753,NEXUS_TURRET,BUILDING_KILL
0.0,TOWER_BUILDING,960219,7587037998,2.0,TOP_LANE,4318.0,13875.0,200.0,953781,OUTER_TURRET,BUILDING_KILL
0.0,TOWER_BUILDING,1020237,7587037998,9.0,BOT_LANE,10504.0,1029.0,100.0,983487,OUTER_TURRET,BUILDING_KILL
0.0,TOWER_BUILDING,1080260,7587037998,1.0,BOT_LANE,13866.0,4505.0,200.0,1046984,OUTER_TURRET,BUILDING_KILL
0.0,TOWER_BUILDING,1080260,7587037998,7.0,TOP_LANE,981.0,10441.0,100.0,1052295,OUTER_TURRET,BUILDING_KILL
0.0,TOWER_BUILDING,1260364,7587037998,8.0,MID_LANE,5846.0,6396.0,100.0,1215692,OUTER_TURRET,BUILDING_KILL
0.0,TOWER_BUILDING,1500431,7587037998,9.0,MID_LANE,5048.0,4812.0,100.0,1451201,INNER_TURRET,BUILDING_KILL
0.0,TOWER_BUILDING,780303,7587349701,2.0,TOP_LANE,4318.0,13875.0,200.0,724077,OUTER_TURRET,BUILDING_KILL
0.0,TOWER_BUILDING,1020369,7587349701,8.0,BOT_LANE,10504.0,1029.0,100.0,989089,OUTER_TURRET,BUILDING_KILL
0.0,TOWER_BUILDING,1020369,7587349701,3.0,TOP_LANE,7943.0,13411.0,200.0,1012352,INNER_TURRET,BUILDING_KILL
0.0,TOWER_BUILDING,1140395,7587349701,1.0,TOP_LANE,10481.0,13650.0,200.0,1116730,BASE_TURRET,BUILDING_KILL
0.0,TOWER_BUILDING,1140395,7587349701,3.0,BOT_LANE,13866.0,4505.0,200.0,1119937,OUTER_TURRET,BUILDING_KILL
0.0,TOWER_BUILDING,1140395,7587349701,2.0,MID_LANE,8955.0,8510.0,200.0,1124807,OUTER_TURRET,BUILDING_KILL
0.0,TOWER_BUILDING,1140395,7587349701,2.0,MID_LANE,9767.0,10113.0,200.0,1134897,INNER_TURRET,BUILDING_KILL
200.0,TOWER_BUILDING,1200414,7587349701,8.0,TOP_LANE,981.0,10441.0,100.0,1189791,OUTER_TURRET,BUILDING_KILL
0.0,TOWER_BUILDING,1260430,7587349701,3.0,BOT_LANE,13327.0,8226.0,200.0,1258304,INNER_TURRET,BUILDING_KILL
0.0,TOWER_BUILDING,1380464,7587349701,6.0,MID_LANE,5846.0,6396.0,100.0,1368575,OUTER_TURRET,BUILDING_KILL
0.0,TOWER_BUILDING,1500507,7587349701,8.0,BOT_LANE,6919.0,1483.0,100.0,1468087,INNER_TURRET,BUILDING_KILL
0.0,TOWER_BUILDING,1620533,7587349701,6.0,TOP_LANE,1512.0,6699.0,100.0,1569823,INNER_TURRET,BUILDING_KILL
0.0,TOWER_BUILDING,1620533,7587349701,9.0,MID_LANE,5048.0,4812.0,100.0,1577881,INNER_TURRET,BUILDING_KILL
0.0,TOWER_BUILDING,1740550,7587349701,7.0,BOT_LANE,4281.0,1253.0,100.0,1723134,BASE_TURRET,BUILDING_KILL
0.0,TOWER_BUILDING,1740550,7587349701,6.0,MID_LANE,3651.0,3696.0,100.0,1728932,BASE_TURRET,BUILDING_KILL
0.0,INHIBITOR_BUILDING,1740550,7587349701,8.0,BOT_LANE,3468.0,1230.0,100.0,1729534,,BUILDING_KILL
0.0,INHIBITOR_BUILDING,1740550,7587349701,2.0,TOP_LANE,11275.0,13663.0,200.0,1731605,,BUILDING_KILL
0.0,TOWER_BUILDING,1740550,7587349701,7.0,MID_LANE,2177.0,1807.0,100.0,1736447,NEXUS_TURRET,BUILDING_KILL
0.0,TOWER_BUILDING,1747846,7587349701,10.0,MID_LANE,1748.0,2270.0,100.0,1740731,NEXUS_TURRET,BUILDING_KILL
